49.0 1217.0
50.0 1209.0
51.0 1189.0
52.0 1178.0
53.0 1165.0
54.0 1144.0
55.0 1140.0
56.0 1116.0
57.0 1112.0
58.0 1095.0
59.0 1084.0
61.0 1078.0
62.0 1076.0
63.0 1070.0
64.0 1062.0
65.0 1051.0
67.0 1042.0
68.0 1037.0
70.0 1036.0
71.0 1033.0
72.0 1026.0
73.0 1025.0
74.0 1024.0
75.0 1022.0
76.0 1020.0
77.0 1016.0
78.0 1008.0
80.0 1005.0
81.0 1000.0
83.0 998.0
84.0 996.0
85.0 993.0
86.0 991.0
87.0 988.0
89.0 987.0
90.0 979.0
91.0 974.0
92.0 968.0
94.0 966.0
97.0 961.0
99.0 959.0
101.0 957.0
103.0 955.0
107.0 954.0
