97.0 1230.0
98.0 1175.0
100.0 1169.0
101.0 1158.0
102.0 1148.0
103.0 1133.0
104.0 1106.0
105.0 1079.0
107.0 1066.0
108.0 1059.0
109.0 1052.0
110.0 1043.0
111.0 1038.0
112.0 1027.0
113.0 1013.0
114.0 1001.0
115.0 998.0
116.0 987.0
118.0 973.0
120.0 965.0
122.0 951.0
124.0 945.0
126.0 937.0
127.0 936.0
128.0 926.0
130.0 920.0
131.0 913.0
133.0 911.0
134.0 908.0
135.0 893.0
138.0 888.0
139.0 884.0
141.0 881.0
142.0 874.0
144.0 868.0
145.0 866.0
148.0 862.0
150.0 858.0
151.0 856.0
154.0 852.0
155.0 850.0
158.0 849.0
