5690.0 768.0
5718.0 748.0
5732.0 729.0
5738.0 716.0
5752.0 708.0
5758.0 695.0
5762.0 687.0
5770.0 681.0
5774.0 669.0
5790.0 667.0
5794.0 661.0
5798.0 659.0
5802.0 649.0
5806.0 643.0
5810.0 641.0
5824.0 640.0
5834.0 639.0
5838.0 637.0
5840.0 635.0
5848.0 632.0
5850.0 620.0
5864.0 618.0
5866.0 616.0
5868.0 615.0
5874.0 610.0
5884.0 602.0
5894.0 601.0
5912.0 600.0
5918.0 595.0
5934.0 592.0
5938.0 590.0
5944.0 586.0
5950.0 579.0
5978.0 578.0
5994.0 573.0
6012.0 572.0
6020.0 566.0
6034.0 564.0
6036.0 563.0
6050.0 562.0
6062.0 561.0
6080.0 559.0
6094.0 558.0
6100.0 554.0
6146.0 553.0
6154.0 551.0
6174.0 546.0
6282.0 543.0
6310.0 542.0
6314.0 540.0
6322.0 535.0
6348.0 530.0
6418.0 527.0
