7931.0 1297.0
7938.0 1267.0
7945.0 1260.0
7946.0 1249.0
7947.0 1241.0
7952.0 1237.0
7954.0 1233.0
7955.0 1225.0
7960.0 1221.0
7964.0 1218.0
7967.0 1211.0
7970.0 1206.0
7971.0 1205.0
7975.0 1202.0
7976.0 1201.0
7978.0 1200.0
7980.0 1198.0
7981.0 1190.0
7984.0 1183.0
7989.0 1179.0
7996.0 1176.0
8001.0 1172.0
8007.0 1171.0
8012.0 1170.0
8013.0 1166.0
8018.0 1162.0
8023.0 1161.0
8025.0 1159.0
8028.0 1157.0
8030.0 1155.0
8035.0 1154.0
8038.0 1152.0
8040.0 1150.0
8046.0 1149.0
8047.0 1148.0
8048.0 1143.0
8054.0 1142.0
8057.0 1139.0
8058.0 1137.0
8059.0 1133.0
8062.0 1129.0
8067.0 1118.0
8070.0 1115.0
8072.0 1112.0
8077.0 1109.0
8078.0 1108.0
8081.0 1105.0
8083.0 1102.0
8088.0 1095.0
8090.0 1093.0
8097.0 1092.0
8099.0 1085.0
8101.0 1083.0
8107.0 1079.0
8109.0 1077.0
8112.0 1075.0
8115.0 1074.0
8117.0 1073.0
8118.0 1069.0
8120.0 1067.0
8123.0 1065.0
8128.0 1063.0
8129.0 1061.0
8131.0 1059.0
8135.0 1058.0
8136.0 1056.0
8139.0 1055.0
8140.0 1051.0
8142.0 1049.0
8147.0 1048.0
8150.0 1045.0
8152.0 1044.0
8154.0 1043.0
8158.0 1038.0
8166.0 1036.0
8169.0 1033.0
8170.0 1030.0
8177.0 1028.0
8180.0 1023.0
8181.0 1022.0
8186.0 1021.0
8188.0 1018.0
8191.0 1015.0
8192.0 1012.0
8202.0 1005.0
8208.0 1003.0
8213.0 1001.0
8219.0 999.0
8236.0 998.0
8242.0 996.0
8248.0 994.0
8252.0 988.0
8258.0 987.0
8270.0 985.0
8272.0 983.0
8278.0 980.0
8289.0 976.0
8295.0 975.0
8314.0 974.0
8320.0 972.0
8324.0 969.0
8331.0 968.0
8334.0 964.0
8340.0 961.0
8346.0 960.0
8351.0 959.0
8360.0 957.0
8367.0 956.0
8368.0 955.0
8376.0 951.0
8395.0 948.0
8401.0 946.0
8414.0 945.0
8415.0 944.0
8416.0 939.0
8450.0 934.0
8464.0 932.0
8467.0 931.0
8477.0 929.0
8488.0 928.0
8496.0 925.0
8509.0 922.0
8518.0 921.0
8527.0 920.0
8533.0 919.0
8541.0 918.0
8543.0 916.0
8548.0 914.0
8559.0 913.0
8561.0 911.0
8563.0 907.0
8574.0 906.0
8575.0 903.0
8587.0 902.0
8590.0 896.0
8606.0 892.0
8614.0 891.0
8629.0 890.0
8630.0 887.0
8638.0 885.0
8659.0 882.0
8662.0 880.0
8684.0 878.0
