80.0 105.0
62.0 146.0
80.0 105.0
62.0 146.0
67.0 121.0
65.0 134.0
76.0 107.0
64.0 136.0
70.0 113.0
73.0 111.0
69.0 118.0
76.0 107.0
73.0 111.0
67.0 121.0
64.0 136.0
65.0 134.0
69.0 118.0
70.0 113.0
80.0 105.0
62.0 146.0
76.0 107.0
73.0 111.0
67.0 121.0
64.0 136.0
65.0 134.0
69.0 118.0
70.0 113.0
62.0 146.0
80.0 105.0
76.0 107.0
73.0 111.0
67.0 121.0
64.0 136.0
65.0 134.0
69.0 118.0
70.0 113.0
62.0 146.0
80.0 105.0
76.0 107.0
73.0 111.0
67.0 121.0
64.0 136.0
65.0 134.0
69.0 118.0
70.0 113.0
62.0 146.0
80.0 105.0
76.0 107.0
73.0 111.0
67.0 121.0
64.0 136.0
65.0 134.0
69.0 118.0
70.0 113.0
62.0 146.0
80.0 105.0
76.0 107.0
73.0 111.0
67.0 121.0
64.0 136.0
65.0 134.0
69.0 118.0
70.0 113.0
80.0 105.0
62.0 146.0
76.0 107.0
73.0 111.0
67.0 121.0
64.0 136.0
65.0 134.0
69.0 118.0
70.0 113.0
80.0 105.0
62.0 146.0
76.0 107.0
73.0 111.0
67.0 121.0
64.0 136.0
65.0 134.0
69.0 118.0
70.0 113.0
62.0 146.0
80.0 105.0
76.0 107.0
73.0 111.0
67.0 121.0
64.0 136.0
65.0 134.0
69.0 118.0
70.0 113.0
62.0 146.0
80.0 105.0
76.0 107.0
73.0 111.0
67.0 121.0
64.0 136.0
65.0 134.0
69.0 118.0
70.0 113.0
80.0 105.0
