76.0 611.0
121.0 478.0
121.0 478.0
76.0 611.0
115.0 480.0
78.0 602.0
80.0 588.0
88.0 543.0
90.0 530.0
82.0 579.0
80.0 588.0
78.0 602.0
88.0 543.0
83.0 568.0
101.0 494.0
86.0 552.0
97.0 505.0
86.0 552.0
82.0 579.0
90.0 530.0
103.0 493.0
115.0 480.0
100.0 501.0
85.0 559.0
96.0 512.0
112.0 483.0
83.0 568.0
105.0 487.0
84.0 562.0
92.0 524.0
112.0 483.0
92.0 524.0
93.0 521.0
94.0 517.0
105.0 487.0
108.0 485.0
99.0 502.0
110.0 484.0
110.0 484.0
103.0 493.0
106.0 486.0
108.0 485.0
97.0 505.0
84.0 562.0
94.0 517.0
85.0 559.0
95.0 514.0
99.0 502.0
93.0 521.0
95.0 514.0
96.0 512.0
101.0 494.0
106.0 486.0
100.0 501.0
76.0 611.0
121.0 478.0
80.0 588.0
88.0 543.0
78.0 602.0
86.0 552.0
82.0 579.0
90.0 530.0
115.0 480.0
83.0 568.0
112.0 483.0
92.0 524.0
105.0 487.0
103.0 493.0
110.0 484.0
108.0 485.0
97.0 505.0
84.0 562.0
94.0 517.0
93.0 521.0
99.0 502.0
85.0 559.0
95.0 514.0
96.0 512.0
101.0 494.0
106.0 486.0
100.0 501.0
76.0 611.0
121.0 478.0
80.0 588.0
78.0 602.0
88.0 543.0
86.0 552.0
82.0 579.0
90.0 530.0
115.0 480.0
83.0 568.0
112.0 483.0
92.0 524.0
105.0 487.0
108.0 485.0
110.0 484.0
103.0 493.0
97.0 505.0
84.0 562.0
94.0 517.0
