198.0 384.0
148.0 511.0
148.0 511.0
198.0 384.0
175.0 407.0
187.0 388.0
192.0 386.0
158.0 459.0
173.0 418.0
192.0 386.0
168.0 436.0
155.0 465.0
160.0 450.0
179.0 405.0
160.0 450.0
158.0 459.0
149.0 504.0
153.0 480.0
184.0 396.0
154.0 472.0
150.0 496.0
182.0 402.0
187.0 388.0
150.0 496.0
154.0 472.0
152.0 487.0
151.0 489.0
149.0 504.0
153.0 480.0
169.0 429.0
173.0 418.0
184.0 396.0
165.0 437.0
155.0 465.0
169.0 429.0
161.0 444.0
170.0 423.0
162.0 443.0
183.0 397.0
164.0 438.0
175.0 407.0
171.0 422.0
164.0 438.0
162.0 443.0
171.0 422.0
180.0 404.0
151.0 489.0
180.0 404.0
182.0 402.0
179.0 405.0
152.0 487.0
165.0 437.0
170.0 423.0
161.0 444.0
183.0 397.0
168.0 436.0
198.0 384.0
148.0 511.0
192.0 386.0
160.0 450.0
158.0 459.0
187.0 388.0
154.0 472.0
150.0 496.0
149.0 504.0
153.0 480.0
173.0 418.0
184.0 396.0
155.0 465.0
169.0 429.0
175.0 407.0
164.0 438.0
162.0 443.0
171.0 422.0
151.0 489.0
180.0 404.0
182.0 402.0
179.0 405.0
152.0 487.0
165.0 437.0
161.0 444.0
170.0 423.0
183.0 397.0
168.0 436.0
148.0 511.0
198.0 384.0
192.0 386.0
160.0 450.0
158.0 459.0
187.0 388.0
154.0 472.0
150.0 496.0
153.0 480.0
149.0 504.0
173.0 418.0
184.0 396.0
155.0 465.0
169.0 429.0
175.0 407.0
164.0 438.0
