104.0 1104.0
150.0 878.0
150.0 878.0
104.0 1104.0
105.0 1088.0
149.0 879.0
145.0 883.0
105.0 1088.0
109.0 1048.0
107.0 1072.0
110.0 1033.0
108.0 1057.0
106.0 1073.0
126.0 940.0
114.0 1013.0
127.0 926.0
115.0 999.0
119.0 970.0
115.0 999.0
111.0 1032.0
112.0 1021.0
116.0 988.0
119.0 970.0
123.0 954.0
124.0 944.0
121.0 960.0
130.0 922.0
134.0 904.0
108.0 1057.0
109.0 1048.0
118.0 978.0
117.0 986.0
118.0 978.0
134.0 904.0
136.0 897.0
121.0 960.0
131.0 917.0
132.0 911.0
136.0 897.0
141.0 892.0
128.0 925.0
139.0 893.0
133.0 909.0
113.0 1018.0
114.0 1013.0
131.0 917.0
145.0 883.0
143.0 888.0
122.0 958.0
149.0 879.0
123.0 954.0
144.0 884.0
112.0 1021.0
128.0 925.0
125.0 943.0
142.0 891.0
113.0 1018.0
126.0 940.0
130.0 922.0
143.0 888.0
116.0 988.0
132.0 911.0
137.0 896.0
133.0 909.0
117.0 986.0
122.0 958.0
138.0 894.0
106.0 1073.0
110.0 1033.0
127.0 926.0
124.0 944.0
139.0 893.0
144.0 884.0
138.0 894.0
142.0 891.0
137.0 896.0
107.0 1072.0
141.0 892.0
111.0 1032.0
125.0 943.0
150.0 878.0
104.0 1104.0
105.0 1088.0
115.0 999.0
119.0 970.0
108.0 1057.0
109.0 1048.0
118.0 978.0
134.0 904.0
121.0 960.0
136.0 897.0
131.0 917.0
114.0 1013.0
145.0 883.0
149.0 879.0
123.0 954.0
112.0 1021.0
128.0 925.0
113.0 1018.0
126.0 940.0
