282.0 983.0
197.0 1225.0
282.0 983.0
197.0 1225.0
199.0 1220.0
200.0 1206.0
209.0 1170.0
210.0 1157.0
205.0 1179.0
218.0 1124.0
200.0 1206.0
202.0 1193.0
243.0 1053.0
258.0 1026.0
278.0 986.0
204.0 1190.0
268.0 1002.0
245.0 1049.0
262.0 1019.0
233.0 1087.0
210.0 1157.0
241.0 1062.0
212.0 1148.0
224.0 1113.0
230.0 1095.0
263.0 1013.0
224.0 1113.0
231.0 1089.0
261.0 1020.0
207.0 1175.0
265.0 1009.0
213.0 1146.0
241.0 1062.0
270.0 994.0
266.0 1004.0
238.0 1077.0
217.0 1131.0
239.0 1070.0
246.0 1042.0
243.0 1053.0
226.0 1107.0
236.0 1082.0
207.0 1175.0
259.0 1022.0
228.0 1099.0
249.0 1037.0
256.0 1028.0
214.0 1143.0
222.0 1119.0
226.0 1107.0
215.0 1137.0
278.0 986.0
276.0 989.0
222.0 1119.0
269.0 999.0
240.0 1067.0
199.0 1220.0
209.0 1170.0
212.0 1148.0
249.0 1037.0
256.0 1028.0
274.0 991.0
251.0 1035.0
234.0 1085.0
276.0 989.0
251.0 1035.0
272.0 992.0
205.0 1179.0
263.0 1013.0
228.0 1099.0
247.0 1041.0
254.0 1032.0
227.0 1103.0
245.0 1049.0
230.0 1095.0
237.0 1078.0
227.0 1103.0
265.0 1009.0
202.0 1193.0
272.0 992.0
253.0 1033.0
220.0 1123.0
254.0 1032.0
274.0 991.0
247.0 1041.0
239.0 1070.0
221.0 1122.0
215.0 1137.0
234.0 1085.0
216.0 1134.0
236.0 1082.0
214.0 1143.0
269.0 999.0
240.0 1067.0
216.0 1134.0
217.0 1131.0
259.0 1022.0
231.0 1089.0
270.0 994.0
266.0 1004.0
