619.0 1071.0
533.0 1304.0
533.0 1304.0
619.0 1071.0
611.0 1073.0
539.0 1249.0
540.0 1225.0
610.0 1080.0
535.0 1286.0
603.0 1082.0
598.0 1090.0
575.0 1127.0
536.0 1281.0
537.0 1266.0
538.0 1251.0
537.0 1266.0
588.0 1111.0
580.0 1126.0
592.0 1107.0
541.0 1221.0
542.0 1209.0
585.0 1117.0
588.0 1111.0
592.0 1107.0
602.0 1083.0
549.0 1187.0
565.0 1144.0
559.0 1156.0
549.0 1187.0
554.0 1171.0
597.0 1098.0
535.0 1286.0
546.0 1198.0
584.0 1122.0
556.0 1167.0
557.0 1162.0
547.0 1193.0
595.0 1103.0
572.0 1132.0
598.0 1090.0
602.0 1083.0
554.0 1171.0
565.0 1144.0
559.0 1156.0
551.0 1181.0
552.0 1177.0
575.0 1127.0
585.0 1117.0
547.0 1193.0
557.0 1162.0
552.0 1177.0
563.0 1150.0
551.0 1181.0
582.0 1123.0
572.0 1132.0
544.0 1203.0
536.0 1281.0
546.0 1198.0
544.0 1203.0
540.0 1225.0
542.0 1209.0
567.0 1140.0
541.0 1221.0
556.0 1167.0
595.0 1103.0
561.0 1152.0
543.0 1205.0
582.0 1123.0
561.0 1152.0
567.0 1140.0
580.0 1126.0
563.0 1150.0
596.0 1101.0
568.0 1139.0
597.0 1098.0
569.0 1136.0
611.0 1073.0
603.0 1082.0
538.0 1251.0
543.0 1205.0
571.0 1134.0
610.0 1080.0
539.0 1249.0
596.0 1101.0
569.0 1136.0
570.0 1135.0
562.0 1151.0
562.0 1151.0
568.0 1139.0
570.0 1135.0
584.0 1122.0
571.0 1134.0
533.0 1304.0
619.0 1071.0
537.0 1266.0
588.0 1111.0
592.0 1107.0
549.0 1187.0
535.0 1286.0
598.0 1090.0
