454.0 1034.0
516.0 865.0
454.0 1034.0
516.0 865.0
510.0 876.0
510.0 876.0
484.0 930.0
460.0 1007.0
482.0 942.0
461.0 995.0
464.0 980.0
486.0 924.0
506.0 883.0
457.0 1026.0
459.0 1015.0
459.0 1015.0
492.0 917.0
506.0 883.0
489.0 920.0
474.0 958.0
462.0 989.0
484.0 930.0
481.0 948.0
462.0 989.0
468.0 969.0
482.0 942.0
489.0 920.0
460.0 1007.0
477.0 956.0
486.0 924.0
473.0 962.0
498.0 900.0
496.0 904.0
503.0 890.0
499.0 896.0
504.0 886.0
496.0 904.0
494.0 908.0
461.0 995.0
467.0 975.0
464.0 980.0
501.0 893.0
470.0 967.0
456.0 1029.0
471.0 964.0
501.0 893.0
457.0 1026.0
456.0 1029.0
493.0 912.0
466.0 977.0
479.0 952.0
494.0 908.0
493.0 912.0
479.0 952.0
481.0 948.0
498.0 900.0
499.0 896.0
504.0 886.0
492.0 917.0
466.0 977.0
503.0 890.0
474.0 958.0
468.0 969.0
471.0 964.0
478.0 954.0
467.0 975.0
473.0 962.0
478.0 954.0
477.0 956.0
470.0 967.0
454.0 1034.0
516.0 865.0
510.0 876.0
459.0 1015.0
506.0 883.0
484.0 930.0
462.0 989.0
482.0 942.0
489.0 920.0
460.0 1007.0
486.0 924.0
496.0 904.0
461.0 995.0
464.0 980.0
457.0 1026.0
501.0 893.0
456.0 1029.0
494.0 908.0
493.0 912.0
479.0 952.0
481.0 948.0
498.0 900.0
504.0 886.0
499.0 896.0
466.0 977.0
503.0 890.0
492.0 917.0
474.0 958.0
468.0 969.0
471.0 964.0
