1180.0 367.0
1466.0 291.0
1466.0 291.0
1180.0 367.0
1220.0 345.0
1216.0 355.0
1364.0 305.0
1306.0 317.0
1426.0 295.0
1260.0 330.0
1402.0 303.0
1462.0 293.0
1332.0 315.0
1254.0 340.0
1238.0 341.0
1204.0 361.0
1284.0 327.0
1300.0 326.0
1284.0 327.0
1344.0 312.0
1216.0 355.0
1198.0 363.0
1302.0 323.0
1256.0 336.0
1356.0 308.0
1344.0 312.0
1356.0 308.0
1238.0 341.0
1198.0 363.0
1332.0 315.0
1204.0 361.0
1418.0 298.0
1220.0 345.0
1256.0 336.0
1364.0 305.0
1426.0 295.0
1418.0 298.0
1260.0 330.0
1302.0 323.0
1410.0 300.0
1306.0 317.0
1410.0 300.0
1406.0 301.0
1462.0 293.0
1402.0 303.0
1406.0 301.0
1254.0 340.0
1300.0 326.0
1180.0 367.0
1466.0 291.0
1284.0 327.0
1216.0 355.0
1344.0 312.0
1356.0 308.0
1238.0 341.0
1198.0 363.0
1204.0 361.0
1332.0 315.0
1220.0 345.0
1256.0 336.0
1364.0 305.0
1426.0 295.0
1418.0 298.0
1260.0 330.0
1302.0 323.0
1306.0 317.0
1410.0 300.0
1402.0 303.0
1462.0 293.0
1406.0 301.0
1300.0 326.0
1254.0 340.0
1466.0 291.0
1180.0 367.0
1284.0 327.0
1216.0 355.0
1344.0 312.0
1356.0 308.0
1238.0 341.0
1198.0 363.0
1332.0 315.0
1204.0 361.0
1220.0 345.0
1256.0 336.0
1364.0 305.0
1426.0 295.0
1418.0 298.0
1260.0 330.0
1302.0 323.0
1306.0 317.0
1410.0 300.0
1462.0 293.0
1402.0 303.0
1406.0 301.0
1254.0 340.0
1300.0 326.0
1466.0 291.0
1180.0 367.0
1284.0 327.0
1216.0 355.0
