5365.0 684.0
5766.0 534.0
5766.0 534.0
5365.0 684.0
5387.0 640.0
5369.0 664.0
5369.0 664.0
5735.0 538.0
5684.0 543.0
5387.0 640.0
5516.0 566.0
5401.0 632.0
5539.0 564.0
5643.0 549.0
5651.0 546.0
5488.0 593.0
5491.0 583.0
5512.0 571.0
5497.0 574.0
5620.0 551.0
5743.0 536.0
5577.0 556.0
5546.0 561.0
5674.0 544.0
5446.0 613.0
5684.0 543.0
5735.0 538.0
5595.0 555.0
5564.0 560.0
5401.0 632.0
5459.0 612.0
5483.0 601.0
5493.0 579.0
5620.0 551.0
5610.0 553.0
5674.0 544.0
5493.0 579.0
5420.0 629.0
5411.0 630.0
5491.0 583.0
5476.0 605.0
5486.0 597.0
5445.0 617.0
5483.0 601.0
5488.0 593.0
5651.0 546.0
5743.0 536.0
5643.0 549.0
5569.0 559.0
5486.0 597.0
5411.0 630.0
5610.0 553.0
5600.0 554.0
5473.0 607.0
5539.0 564.0
5476.0 605.0
5466.0 608.0
5425.0 622.0
5497.0 574.0
5512.0 571.0
5460.0 610.0
5422.0 624.0
5577.0 556.0
5569.0 559.0
5546.0 561.0
5432.0 621.0
5516.0 566.0
5442.0 619.0
5421.0 627.0
5466.0 608.0
5438.0 620.0
5432.0 621.0
5600.0 554.0
5595.0 555.0
5564.0 560.0
5438.0 620.0
5460.0 610.0
5422.0 624.0
5445.0 617.0
5421.0 627.0
5425.0 622.0
5473.0 607.0
5442.0 619.0
5446.0 613.0
5459.0 612.0
5420.0 629.0
5365.0 684.0
5766.0 534.0
5369.0 664.0
5387.0 640.0
5684.0 543.0
5735.0 538.0
5401.0 632.0
5620.0 551.0
5674.0 544.0
5493.0 579.0
5491.0 583.0
5483.0 601.0
5488.0 593.0
5651.0 546.0
