7.0 139.0
14.0 120.0
14.0 120.0
7.0 139.0
8.0 129.0
9.0 128.0
10.0 123.0
13.0 121.0
11.0 122.0
8.0 129.0
10.0 123.0
11.0 122.0
13.0 121.0
9.0 128.0
14.0 120.0
7.0 139.0
8.0 129.0
10.0 123.0
11.0 122.0
9.0 128.0
13.0 121.0
7.0 139.0
14.0 120.0
8.0 129.0
10.0 123.0
11.0 122.0
13.0 121.0
9.0 128.0
7.0 139.0
14.0 120.0
8.0 129.0
10.0 123.0
11.0 122.0
9.0 128.0
13.0 121.0
14.0 120.0
7.0 139.0
8.0 129.0
10.0 123.0
11.0 122.0
13.0 121.0
9.0 128.0
14.0 120.0
7.0 139.0
8.0 129.0
10.0 123.0
11.0 122.0
9.0 128.0
13.0 121.0
7.0 139.0
14.0 120.0
8.0 129.0
10.0 123.0
11.0 122.0
13.0 121.0
9.0 128.0
14.0 120.0
7.0 139.0
8.0 129.0
10.0 123.0
11.0 122.0
13.0 121.0
9.0 128.0
7.0 139.0
14.0 120.0
8.0 129.0
10.0 123.0
11.0 122.0
13.0 121.0
9.0 128.0
14.0 120.0
7.0 139.0
8.0 129.0
10.0 123.0
11.0 122.0
13.0 121.0
9.0 128.0
14.0 120.0
7.0 139.0
8.0 129.0
10.0 123.0
11.0 122.0
9.0 128.0
13.0 121.0
7.0 139.0
14.0 120.0
8.0 129.0
10.0 123.0
11.0 122.0
13.0 121.0
9.0 128.0
7.0 139.0
14.0 120.0
8.0 129.0
10.0 123.0
11.0 122.0
13.0 121.0
9.0 128.0
14.0 120.0
7.0 139.0
