99.0 101.0
85.0 137.0
85.0 137.0
99.0 101.0
91.0 118.0
88.0 136.0
95.0 111.0
89.0 128.0
91.0 118.0
90.0 125.0
95.0 111.0
96.0 106.0
89.0 128.0
98.0 104.0
90.0 125.0
96.0 106.0
97.0 105.0
88.0 136.0
97.0 105.0
98.0 104.0
99.0 101.0
85.0 137.0
91.0 118.0
95.0 111.0
89.0 128.0
90.0 125.0
96.0 106.0
88.0 136.0
97.0 105.0
98.0 104.0
85.0 137.0
99.0 101.0
91.0 118.0
95.0 111.0
89.0 128.0
90.0 125.0
96.0 106.0
98.0 104.0
88.0 136.0
97.0 105.0
99.0 101.0
85.0 137.0
91.0 118.0
95.0 111.0
89.0 128.0
90.0 125.0
96.0 106.0
88.0 136.0
98.0 104.0
97.0 105.0
99.0 101.0
85.0 137.0
91.0 118.0
95.0 111.0
89.0 128.0
90.0 125.0
96.0 106.0
88.0 136.0
97.0 105.0
98.0 104.0
85.0 137.0
99.0 101.0
91.0 118.0
95.0 111.0
89.0 128.0
90.0 125.0
96.0 106.0
88.0 136.0
97.0 105.0
98.0 104.0
85.0 137.0
99.0 101.0
91.0 118.0
95.0 111.0
89.0 128.0
90.0 125.0
96.0 106.0
88.0 136.0
98.0 104.0
97.0 105.0
85.0 137.0
99.0 101.0
91.0 118.0
95.0 111.0
89.0 128.0
90.0 125.0
96.0 106.0
88.0 136.0
98.0 104.0
97.0 105.0
85.0 137.0
99.0 101.0
91.0 118.0
95.0 111.0
89.0 128.0
90.0 125.0
96.0 106.0
98.0 104.0
88.0 136.0
97.0 105.0
