506.0 1009.0
414.0 1263.0
414.0 1263.0
506.0 1009.0
415.0 1261.0
416.0 1238.0
505.0 1016.0
439.0 1113.0
438.0 1126.0
454.0 1064.0
451.0 1065.0
456.0 1056.0
483.0 1034.0
447.0 1087.0
444.0 1095.0
429.0 1157.0
430.0 1148.0
492.0 1027.0
493.0 1021.0
464.0 1047.0
450.0 1073.0
442.0 1107.0
486.0 1029.0
479.0 1036.0
472.0 1039.0
479.0 1036.0
501.0 1017.0
421.0 1204.0
423.0 1189.0
424.0 1179.0
422.0 1194.0
448.0 1080.0
459.0 1055.0
467.0 1046.0
475.0 1038.0
416.0 1238.0
418.0 1223.0
417.0 1229.0
419.0 1214.0
444.0 1095.0
425.0 1174.0
434.0 1139.0
435.0 1131.0
447.0 1087.0
426.0 1166.0
432.0 1146.0
475.0 1038.0
499.0 1019.0
483.0 1034.0
448.0 1080.0
443.0 1102.0
450.0 1073.0
469.0 1042.0
461.0 1051.0
486.0 1029.0
496.0 1020.0
489.0 1028.0
496.0 1020.0
489.0 1028.0
439.0 1113.0
417.0 1229.0
427.0 1163.0
429.0 1157.0
442.0 1107.0
418.0 1223.0
427.0 1163.0
424.0 1179.0
422.0 1194.0
419.0 1214.0
420.0 1209.0
423.0 1189.0
425.0 1174.0
443.0 1102.0
421.0 1204.0
420.0 1209.0
433.0 1141.0
469.0 1042.0
461.0 1051.0
463.0 1049.0
436.0 1130.0
438.0 1126.0
456.0 1056.0
501.0 1017.0
471.0 1040.0
467.0 1046.0
499.0 1019.0
454.0 1064.0
436.0 1130.0
459.0 1055.0
426.0 1166.0
430.0 1148.0
433.0 1141.0
434.0 1139.0
471.0 1040.0
432.0 1146.0
463.0 1049.0
415.0 1261.0
451.0 1065.0
493.0 1021.0
435.0 1131.0
