886.0 772.0
855.0 912.0
886.0 772.0
855.0 912.0
856.0 893.0
865.0 815.0
860.0 865.0
861.0 853.0
859.0 877.0
861.0 853.0
860.0 865.0
862.0 841.0
867.0 809.0
863.0 833.0
864.0 823.0
877.0 780.0
871.0 793.0
862.0 841.0
864.0 823.0
863.0 833.0
865.0 815.0
857.0 888.0
868.0 803.0
867.0 809.0
858.0 882.0
883.0 774.0
879.0 778.0
873.0 791.0
881.0 776.0
884.0 773.0
856.0 893.0
858.0 882.0
875.0 789.0
876.0 784.0
859.0 877.0
857.0 888.0
868.0 803.0
876.0 784.0
870.0 797.0
869.0 799.0
871.0 793.0
877.0 780.0
881.0 776.0
869.0 799.0
879.0 778.0
873.0 791.0
883.0 774.0
870.0 797.0
884.0 773.0
880.0 777.0
874.0 790.0
880.0 777.0
875.0 789.0
874.0 790.0
855.0 912.0
886.0 772.0
861.0 853.0
860.0 865.0
862.0 841.0
864.0 823.0
863.0 833.0
865.0 815.0
867.0 809.0
856.0 893.0
858.0 882.0
859.0 877.0
857.0 888.0
868.0 803.0
876.0 784.0
871.0 793.0
877.0 780.0
881.0 776.0
869.0 799.0
879.0 778.0
870.0 797.0
873.0 791.0
883.0 774.0
884.0 773.0
880.0 777.0
875.0 789.0
874.0 790.0
886.0 772.0
855.0 912.0
861.0 853.0
860.0 865.0
862.0 841.0
864.0 823.0
863.0 833.0
865.0 815.0
867.0 809.0
856.0 893.0
858.0 882.0
857.0 888.0
859.0 877.0
868.0 803.0
876.0 784.0
877.0 780.0
871.0 793.0
881.0 776.0
869.0 799.0
