722.0 1040.0
782.0 778.0
722.0 1040.0
782.0 778.0
776.0 780.0
729.0 972.0
738.0 915.0
736.0 926.0
725.0 1003.0
728.0 989.0
764.0 793.0
767.0 791.0
770.0 785.0
758.0 814.0
724.0 1016.0
735.0 939.0
740.0 899.0
723.0 1027.0
739.0 902.0
741.0 886.0
751.0 849.0
752.0 837.0
773.0 783.0
758.0 814.0
762.0 800.0
760.0 807.0
762.0 800.0
760.0 807.0
736.0 926.0
723.0 1027.0
724.0 1016.0
738.0 915.0
776.0 780.0
770.0 785.0
773.0 783.0
767.0 791.0
756.0 823.0
744.0 873.0
727.0 994.0
746.0 864.0
729.0 972.0
725.0 1003.0
744.0 873.0
756.0 823.0
734.0 948.0
735.0 939.0
731.0 963.0
746.0 864.0
727.0 994.0
731.0 963.0
733.0 956.0
734.0 948.0
764.0 793.0
743.0 879.0
742.0 885.0
753.0 836.0
755.0 829.0
743.0 879.0
754.0 830.0
748.0 857.0
728.0 989.0
749.0 852.0
747.0 859.0
732.0 959.0
739.0 902.0
732.0 959.0
740.0 899.0
733.0 956.0
749.0 852.0
747.0 859.0
748.0 857.0
750.0 850.0
741.0 886.0
752.0 837.0
754.0 830.0
750.0 850.0
755.0 829.0
742.0 885.0
753.0 836.0
751.0 849.0
782.0 778.0
722.0 1040.0
758.0 814.0
760.0 807.0
762.0 800.0
736.0 926.0
723.0 1027.0
738.0 915.0
724.0 1016.0
776.0 780.0
770.0 785.0
773.0 783.0
767.0 791.0
729.0 972.0
725.0 1003.0
744.0 873.0
756.0 823.0
727.0 994.0
746.0 864.0
735.0 939.0
