2926.0 508.0
2688.0 637.0
2926.0 508.0
2688.0 637.0
2812.0 524.0
2890.0 521.0
2904.0 512.0
2742.0 574.0
2706.0 593.0
2696.0 603.0
2690.0 623.0
2740.0 586.0
2758.0 570.0
2782.0 555.0
2784.0 544.0
2694.0 615.0
2810.0 535.0
2904.0 512.0
2696.0 603.0
2890.0 521.0
2722.0 589.0
2722.0 589.0
2706.0 593.0
2690.0 623.0
2694.0 615.0
2734.0 588.0
2800.0 541.0
2766.0 564.0
2758.0 570.0
2766.0 564.0
2790.0 542.0
2770.0 560.0
2776.0 556.0
2802.0 538.0
2770.0 560.0
2742.0 574.0
2790.0 542.0
2776.0 556.0
2808.0 536.0
2734.0 588.0
2812.0 524.0
2784.0 544.0
2802.0 538.0
2740.0 586.0
2808.0 536.0
2782.0 555.0
2800.0 541.0
2810.0 535.0
2688.0 637.0
2926.0 508.0
2904.0 512.0
2696.0 603.0
2890.0 521.0
2722.0 589.0
2706.0 593.0
2690.0 623.0
2694.0 615.0
2758.0 570.0
2766.0 564.0
2770.0 560.0
2742.0 574.0
2790.0 542.0
2776.0 556.0
2734.0 588.0
2812.0 524.0
2784.0 544.0
2802.0 538.0
2740.0 586.0
2808.0 536.0
2800.0 541.0
2782.0 555.0
2810.0 535.0
2688.0 637.0
2926.0 508.0
2904.0 512.0
2696.0 603.0
2890.0 521.0
2722.0 589.0
2706.0 593.0
2690.0 623.0
2694.0 615.0
2758.0 570.0
2766.0 564.0
2770.0 560.0
2742.0 574.0
2790.0 542.0
2776.0 556.0
2734.0 588.0
2812.0 524.0
2784.0 544.0
2802.0 538.0
2740.0 586.0
2808.0 536.0
2782.0 555.0
2810.0 535.0
2800.0 541.0
2688.0 637.0
2926.0 508.0
2904.0 512.0
2696.0 603.0
