920.0 94.0
1140.0 46.0
920.0 94.0
1140.0 46.0
926.0 80.0
1060.0 49.0
1106.0 48.0
944.0 71.0
944.0 71.0
1030.0 51.0
988.0 61.0
1108.0 47.0
956.0 64.0
934.0 77.0
1060.0 49.0
960.0 63.0
934.0 77.0
1020.0 53.0
1006.0 54.0
926.0 80.0
1030.0 51.0
1004.0 56.0
956.0 64.0
996.0 58.0
990.0 59.0
1020.0 53.0
960.0 63.0
996.0 58.0
1004.0 56.0
988.0 61.0
1108.0 47.0
1006.0 54.0
990.0 59.0
1106.0 48.0
920.0 94.0
1140.0 46.0
944.0 71.0
1060.0 49.0
934.0 77.0
926.0 80.0
1030.0 51.0
956.0 64.0
1020.0 53.0
960.0 63.0
996.0 58.0
1004.0 56.0
988.0 61.0
1108.0 47.0
1006.0 54.0
990.0 59.0
1106.0 48.0
920.0 94.0
1140.0 46.0
944.0 71.0
1060.0 49.0
934.0 77.0
926.0 80.0
1030.0 51.0
956.0 64.0
1020.0 53.0
960.0 63.0
996.0 58.0
1004.0 56.0
988.0 61.0
1108.0 47.0
1006.0 54.0
990.0 59.0
1106.0 48.0
1140.0 46.0
920.0 94.0
944.0 71.0
1060.0 49.0
934.0 77.0
926.0 80.0
1030.0 51.0
956.0 64.0
1020.0 53.0
960.0 63.0
996.0 58.0
988.0 61.0
1004.0 56.0
1108.0 47.0
1006.0 54.0
990.0 59.0
1106.0 48.0
1140.0 46.0
920.0 94.0
944.0 71.0
1060.0 49.0
934.0 77.0
926.0 80.0
1030.0 51.0
956.0 64.0
1020.0 53.0
960.0 63.0
996.0 58.0
988.0 61.0
1004.0 56.0
1108.0 47.0
1006.0 54.0
