13879.0 2619.0
13099.0 3183.0
13099.0 3183.0
13879.0 2619.0
13122.0 3108.0
13321.0 2882.0
13666.0 2687.0
13221.0 2973.0
13371.0 2848.0
13603.0 2714.0
13694.0 2685.0
13411.0 2809.0
13554.0 2735.0
13611.0 2704.0
13262.0 2918.0
13331.0 2865.0
13504.0 2757.0
13175.0 3024.0
13452.0 2787.0
13634.0 2697.0
13182.0 3017.0
13169.0 3037.0
13351.0 2854.0
13290.0 2896.0
13456.0 2774.0
13153.0 3065.0
13394.0 2822.0
13374.0 2837.0
13145.0 3072.0
13823.0 2639.0
13485.0 2764.0
13746.0 2661.0
13301.0 2893.0
13277.0 2913.0
13406.0 2819.0
13161.0 3042.0
13708.0 2673.0
13244.0 2954.0
13539.0 2738.0
13135.0 3103.0
13629.0 2702.0
13585.0 2718.0
13107.0 3141.0
13831.0 2633.0
13251.0 2939.0
13233.0 2959.0
13848.0 2627.0
13696.0 2677.0
13536.0 2746.0
13208.0 2985.0
13261.0 2932.0
13487.0 2758.0
13517.0 2750.0
13115.0 3128.0
13784.0 2648.0
13246.0 2944.0
13805.0 2641.0
13199.0 2997.0
13188.0 3005.0
13426.0 2802.0
13565.0 2726.0
13866.0 2625.0
13349.0 2860.0
13763.0 2655.0
13114.0 3137.0
13426.0 2802.0
13208.0 2985.0
13654.0 2691.0
13845.0 2632.0
13743.0 2666.0
13781.0 2653.0
13442.0 2793.0
13155.0 3052.0
13139.0 3082.0
13723.0 2672.0
13805.0 2641.0
13725.0 2668.0
13232.0 2968.0
13385.0 2831.0
13442.0 2793.0
13310.0 2885.0
13468.0 2771.0
13468.0 2771.0
13654.0 2691.0
13282.0 2907.0
13199.0 2997.0
13105.0 3154.0
13137.0 3095.0
13101.0 3170.0
13101.0 3170.0
13103.0 3157.0
13763.0 2655.0
13115.0 3128.0
13580.0 2721.0
13517.0 2750.0
13565.0 2726.0
13385.0 2831.0
13188.0 3005.0
13331.0 2865.0
13282.0 2907.0
