29900.0 11545.0
32172.0 9718.0
29900.0 11545.0
32172.0 9718.0
29917.0 11438.0
31955.0 9780.0
30716.0 10367.0
30988.0 10226.0
31158.0 10062.0
30217.0 10871.0
31223.0 10054.0
30243.0 10823.0
31699.0 9827.0
31228.0 10012.0
30116.0 11004.0
30047.0 11132.0
29910.0 11479.0
30339.0 10765.0
31853.0 9791.0
31518.0 9898.0
30552.0 10484.0
30920.0 10231.0
29968.0 11308.0
30191.0 10888.0
30417.0 10634.0
30171.0 10922.0
30467.0 10560.0
29978.0 11268.0
31480.0 9913.0
31785.0 9816.0
30865.0 10275.0
31686.0 9838.0
29989.0 11241.0
31840.0 9802.0
31086.0 10120.0
29941.0 11380.0
31431.0 9944.0
31288.0 10005.0
31016.0 10170.0
30082.0 11053.0
29909.0 11527.0
30282.0 10782.0
31444.0 9922.0
30690.0 10408.0
30787.0 10325.0
31560.0 9886.0
31565.0 9867.0
30073.0 11100.0
31086.0 10120.0
30036.0 11168.0
32064.0 9729.0
30646.0 10417.0
31292.0 9986.0
31158.0 10062.0
30137.0 10999.0
30587.0 10453.0
30446.0 10600.0
31962.0 9755.0
32064.0 9729.0
30526.0 10513.0
30750.0 10337.0
29966.0 11347.0
31626.0 9863.0
30014.0 11215.0
31377.0 9946.0
30082.0 11053.0
31338.0 9978.0
31629.0 9853.0
30162.0 10951.0
31785.0 9816.0
31060.0 10130.0
31999.0 9753.0
30526.0 10513.0
30401.0 10651.0
31999.0 9753.0
32118.0 9719.0
30646.0 10417.0
30368.0 10721.0
29941.0 11380.0
30787.0 10325.0
30446.0 10600.0
30375.0 10692.0
30020.0 11178.0
30368.0 10721.0
30162.0 10951.0
30486.0 10546.0
31006.0 10186.0
30375.0 10692.0
30486.0 10546.0
32118.0 9719.0
30267.0 10807.0
30901.0 10246.0
30837.0 10285.0
30837.0 10285.0
30901.0 10246.0
31050.0 10146.0
30306.0 10766.0
30584.0 10469.0
31351.0 9959.0
30750.0 10337.0
