97.0 1300.0
98.0 1296.0
99.0 1232.0
100.0 1227.0
101.0 1207.0
102.0 1185.0
104.0 1117.0
105.0 1098.0
106.0 1079.0
107.0 1060.0
108.0 1040.0
109.0 1029.0
111.0 1015.0
113.0 1007.0
114.0 1004.0
115.0 997.0
116.0 993.0
117.0 979.0
119.0 971.0
120.0 966.0
121.0 958.0
122.0 956.0
123.0 946.0
125.0 941.0
126.0 940.0
127.0 928.0
129.0 924.0
130.0 922.0
131.0 916.0
133.0 911.0
134.0 910.0
135.0 905.0
136.0 903.0
137.0 899.0
138.0 894.0
139.0 891.0
140.0 890.0
141.0 888.0
142.0 878.0
144.0 872.0
145.0 870.0
146.0 868.0
148.0 866.0
150.0 862.0
153.0 861.0
154.0 859.0
157.0 855.0
159.0 853.0
166.0 851.0
168.0 845.0
172.0 843.0
