16491.0 1319.0
16493.0 1317.0
16499.0 1307.0
16501.0 1305.0
16507.0 1295.0
16509.0 1293.0
16513.0 1286.0
16514.0 1278.0
16521.0 1270.0
16528.0 1267.0
16531.0 1262.0
16532.0 1259.0
16539.0 1251.0
16544.0 1248.0
16548.0 1241.0
16550.0 1237.0
16552.0 1233.0
16553.0 1231.0
16556.0 1224.0
16563.0 1216.0
16564.0 1209.0
16576.0 1204.0
16581.0 1200.0
16582.0 1193.0
16596.0 1191.0
16597.0 1184.0
16606.0 1181.0
16609.0 1179.0
16618.0 1178.0
16619.0 1174.0
16620.0 1167.0
16629.0 1166.0
16635.0 1164.0
16646.0 1163.0
16652.0 1161.0
16661.0 1160.0
16662.0 1159.0
16663.0 1152.0
16675.0 1148.0
16687.0 1146.0
16689.0 1145.0
16690.0 1138.0
16701.0 1136.0
16702.0 1134.0
16713.0 1132.0
16714.0 1129.0
16715.0 1122.0
16727.0 1118.0
16739.0 1116.0
16740.0 1115.0
16745.0 1110.0
16758.0 1107.0
16762.0 1106.0
16769.0 1102.0
16783.0 1100.0
16784.0 1099.0
16790.0 1094.0
16791.0 1092.0
16799.0 1090.0
16803.0 1089.0
16815.0 1087.0
16816.0 1085.0
16821.0 1084.0
16824.0 1083.0
16828.0 1082.0
16842.0 1081.0
16845.0 1080.0
16848.0 1078.0
16851.0 1077.0
16855.0 1076.0
16863.0 1074.0
16875.0 1072.0
16878.0 1071.0
16886.0 1069.0
16894.0 1067.0
16902.0 1064.0
16908.0 1061.0
16931.0 1056.0
16952.0 1055.0
16960.0 1050.0
16975.0 1049.0
16990.0 1047.0
16992.0 1044.0
17013.0 1042.0
17021.0 1038.0
17042.0 1036.0
17057.0 1035.0
17074.0 1030.0
17101.0 1029.0
17103.0 1024.0
17179.0 1023.0
