12924.0 3542.0
12929.0 3528.0
12937.0 3525.0
12940.0 3506.0
12944.0 3479.0
12948.0 3459.0
12953.0 3456.0
12954.0 3444.0
12955.0 3437.0
12957.0 3436.0
12959.0 3415.0
12964.0 3414.0
12965.0 3411.0
12966.0 3401.0
12968.0 3392.0
12973.0 3386.0
12977.0 3385.0
12978.0 3382.0
12980.0 3381.0
12982.0 3371.0
12985.0 3367.0
12986.0 3362.0
12989.0 3358.0
12990.0 3337.0
12994.0 3326.0
12996.0 3313.0
13000.0 3312.0
13002.0 3289.0
13006.0 3282.0
13008.0 3278.0
13013.0 3270.0
13014.0 3263.0
13015.0 3254.0
13021.0 3240.0
13022.0 3222.0
13031.0 3220.0
13032.0 3214.0
13034.0 3212.0
13038.0 3211.0
13039.0 3202.0
13043.0 3196.0
13046.0 3190.0
13049.0 3188.0
13056.0 3182.0
13059.0 3180.0
13060.0 3175.0
13063.0 3174.0
13065.0 3168.0
13069.0 3158.0
13073.0 3149.0
13081.0 3147.0
13083.0 3141.0
13087.0 3138.0
13090.0 3127.0
13093.0 3124.0
13098.0 3122.0
13099.0 3121.0
13100.0 3114.0
13101.0 3109.0
13102.0 3104.0
13107.0 3096.0
13108.0 3091.0
13111.0 3089.0
13112.0 3084.0
13115.0 3062.0
13116.0 3057.0
13123.0 3055.0
13126.0 3050.0
13127.0 3045.0
13134.0 3043.0
13137.0 3035.0
13138.0 3030.0
13145.0 3028.0
13148.0 3023.0
13149.0 3018.0
13156.0 3016.0
13160.0 3011.0
13165.0 3008.0
13168.0 3005.0
13173.0 3000.0
13177.0 2998.0
13179.0 2995.0
13182.0 2993.0
13183.0 2991.0
13186.0 2989.0
13187.0 2979.0
13190.0 2977.0
13193.0 2976.0
13194.0 2973.0
13196.0 2972.0
13197.0 2970.0
13200.0 2968.0
13203.0 2967.0
13204.0 2956.0
13208.0 2952.0
13212.0 2950.0
13214.0 2947.0
13218.0 2945.0
13227.0 2941.0
13231.0 2939.0
13232.0 2933.0
13242.0 2924.0
13247.0 2922.0
13248.0 2921.0
13251.0 2920.0
13252.0 2918.0
13256.0 2914.0
13257.0 2911.0
13258.0 2906.0
13262.0 2904.0
13266.0 2897.0
13273.0 2896.0
13277.0 2890.0
13278.0 2887.0
13279.0 2886.0
13282.0 2885.0
13286.0 2883.0
13289.0 2881.0
13290.0 2876.0
13293.0 2872.0
13297.0 2867.0
13303.0 2860.0
13317.0 2857.0
13321.0 2852.0
13327.0 2845.0
13341.0 2844.0
13346.0 2843.0
13347.0 2839.0
13351.0 2832.0
13365.0 2830.0
13372.0 2829.0
13374.0 2826.0
13375.0 2817.0
13377.0 2816.0
13386.0 2813.0
13393.0 2809.0
13396.0 2806.0
13405.0 2803.0
13407.0 2799.0
13416.0 2798.0
13418.0 2797.0
13421.0 2796.0
13423.0 2792.0
13428.0 2790.0
13431.0 2788.0
13437.0 2787.0
13439.0 2783.0
13448.0 2782.0
13459.0 2777.0
13465.0 2776.0
13471.0 2773.0
13475.0 2771.0
13476.0 2769.0
13480.0 2765.0
13485.0 2761.0
13488.0 2759.0
13499.0 2754.0
13504.0 2751.0
13524.0 2750.0
13527.0 2743.0
13530.0 2739.0
13550.0 2738.0
13553.0 2731.0
13561.0 2730.0
13565.0 2729.0
13577.0 2727.0
13578.0 2726.0
13579.0 2720.0
13593.0 2718.0
13595.0 2717.0
13601.0 2715.0
13602.0 2713.0
13603.0 2707.0
13608.0 2703.0
13621.0 2701.0
13622.0 2699.0
13625.0 2696.0
13626.0 2695.0
13629.0 2694.0
13632.0 2690.0
13642.0 2689.0
13645.0 2688.0
13646.0 2686.0
13647.0 2679.0
13661.0 2677.0
13663.0 2675.0
13668.0 2674.0
13670.0 2673.0
13671.0 2666.0
13685.0 2664.0
13687.0 2661.0
13695.0 2657.0
13699.0 2656.0
13709.0 2655.0
13711.0 2648.0
13725.0 2646.0
13733.0 2644.0
13745.0 2642.0
13751.0 2640.0
13761.0 2639.0
13767.0 2638.0
13773.0 2636.0
13783.0 2631.0
13792.0 2630.0
13797.0 2629.0
13806.0 2628.0
13813.0 2627.0
13815.0 2625.0
13819.0 2624.0
13823.0 2623.0
13829.0 2622.0
13833.0 2621.0
13837.0 2617.0
13869.0 2613.0
13982.0 2612.0
13997.0 2611.0
14024.0 2610.0
14029.0 2609.0
14044.0 2608.0
