29717.0 11616.0
29718.0 11596.0
29720.0 11588.0
29723.0 11578.0
29725.0 11570.0
29727.0 11560.0
29729.0 11552.0
29732.0 11542.0
29734.0 11534.0
29735.0 11530.0
29737.0 11522.0
29739.0 11519.0
29740.0 11512.0
29742.0 11504.0
29744.0 11494.0
29746.0 11486.0
29748.0 11483.0
29749.0 11476.0
29751.0 11468.0
29753.0 11444.0
29754.0 11414.0
29755.0 11397.0
29756.0 11390.0
29757.0 11374.0
29758.0 11357.0
29759.0 11350.0
29761.0 11336.0
29762.0 11328.0
29763.0 11321.0
29765.0 11316.0
29767.0 11315.0
29768.0 11307.0
29769.0 11300.0
29771.0 11295.0
29773.0 11292.0
29774.0 11285.0
29775.0 11281.0
29776.0 11280.0
29777.0 11276.0
29779.0 11271.0
29780.0 11264.0
29781.0 11260.0
29782.0 11259.0
29783.0 11255.0
29784.0 11253.0
29786.0 11245.0
29788.0 11240.0
29789.0 11238.0
29792.0 11224.0
29794.0 11219.0
29795.0 11217.0
29797.0 11212.0
29801.0 11209.0
29803.0 11207.0
29804.0 11202.0
29807.0 11201.0
29808.0 11197.0
29809.0 11195.0
29810.0 11194.0
29812.0 11192.0
29815.0 11187.0
29816.0 11186.0
29817.0 11185.0
29818.0 11184.0
29820.0 11181.0
29821.0 11179.0
29823.0 11174.0
29825.0 11172.0
29826.0 11171.0
29828.0 11169.0
29830.0 11164.0
29832.0 11162.0
29833.0 11161.0
29836.0 11159.0
29838.0 11154.0
29841.0 11153.0
29842.0 11149.0
29843.0 11146.0
29845.0 11144.0
29846.0 11139.0
29849.0 11129.0
29854.0 11128.0
29855.0 11123.0
29856.0 11122.0
29858.0 11118.0
29860.0 11117.0
29861.0 11116.0
29862.0 11104.0
29866.0 11096.0
29871.0 11095.0
29872.0 11090.0
29875.0 11085.0
29877.0 11081.0
29879.0 11071.0
29885.0 11067.0
29890.0 11062.0
29891.0 11059.0
29894.0 11048.0
29899.0 11047.0
29900.0 11044.0
29901.0 11043.0
29905.0 11035.0
29910.0 11034.0
29911.0 11029.0
29914.0 11024.0
29915.0 11022.0
29916.0 11020.0
29918.0 11010.0
29924.0 11006.0
29928.0 11002.0
29929.0 11001.0
29932.0 11000.0
29933.0 10987.0
29938.0 10986.0
29939.0 10983.0
29940.0 10982.0
29943.0 10979.0
29944.0 10978.0
29947.0 10977.0
29949.0 10975.0
29950.0 10974.0
29953.0 10963.0
29954.0 10961.0
29955.0 10959.0
29960.0 10957.0
29961.0 10955.0
29964.0 10951.0
29969.0 10949.0
29970.0 10947.0
29973.0 10946.0
29974.0 10943.0
29975.0 10941.0
29980.0 10939.0
29981.0 10938.0
29982.0 10934.0
29983.0 10932.0
29984.0 10927.0
29985.0 10925.0
29986.0 10923.0
29990.0 10920.0
29992.0 10919.0
29995.0 10917.0
29996.0 10915.0
30000.0 10913.0
30002.0 10911.0
30004.0 10910.0
30006.0 10905.0
30011.0 10900.0
30013.0 10898.0
30014.0 10896.0
30015.0 10894.0
30020.0 10892.0
30021.0 10884.0
30027.0 10880.0
30035.0 10876.0
30039.0 10871.0
30042.0 10864.0
30050.0 10859.0
30054.0 10855.0
30057.0 10848.0
30058.0 10842.0
30064.0 10839.0
30068.0 10838.0
30069.0 10828.0
30073.0 10825.0
30076.0 10822.0
30077.0 10816.0
30080.0 10810.0
30086.0 10808.0
30087.0 10803.0
30088.0 10802.0
30091.0 10796.0
30094.0 10788.0
30099.0 10784.0
30102.0 10783.0
30105.0 10774.0
30110.0 10770.0
30113.0 10762.0
30121.0 10757.0
30124.0 10748.0
30134.0 10744.0
30136.0 10741.0
30142.0 10736.0
30145.0 10733.0
30147.0 10727.0
30150.0 10724.0
30154.0 10722.0
30158.0 10719.0
30161.0 10710.0
30165.0 10708.0
30173.0 10703.0
30176.0 10699.0
30177.0 10696.0
30182.0 10695.0
30184.0 10689.0
30188.0 10687.0
30193.0 10686.0
30195.0 10684.0
30196.0 10677.0
30200.0 10675.0
30202.0 10670.0
30206.0 10668.0
30211.0 10667.0
30213.0 10661.0
30214.0 10658.0
30218.0 10656.0
30223.0 10655.0
30225.0 10649.0
30229.0 10647.0
30234.0 10646.0
30235.0 10643.0
30236.0 10640.0
30237.0 10637.0
30241.0 10635.0
30246.0 10634.0
30248.0 10628.0
30249.0 10625.0
30258.0 10622.0
30260.0 10616.0
30268.0 10615.0
30269.0 10613.0
30270.0 10610.0
30271.0 10607.0
30272.0 10604.0
30280.0 10603.0
30282.0 10602.0
30283.0 10599.0
30289.0 10598.0
30291.0 10594.0
30294.0 10593.0
30295.0 10590.0
30300.0 10589.0
30301.0 10588.0
30302.0 10585.0
30303.0 10582.0
30311.0 10580.0
30312.0 10577.0
30320.0 10576.0
30322.0 10575.0
30323.0 10572.0
30325.0 10571.0
30326.0 10568.0
30331.0 10567.0
30335.0 10564.0
30336.0 10563.0
30339.0 10562.0
30341.0 10561.0
30342.0 10558.0
30343.0 10555.0
30353.0 10553.0
30354.0 10550.0
30362.0 10548.0
30364.0 10547.0
30365.0 10545.0
30366.0 10544.0
30367.0 10541.0
30372.0 10540.0
30375.0 10538.0
30379.0 10535.0
30381.0 10534.0
30382.0 10530.0
30390.0 10526.0
30394.0 10523.0
30395.0 10522.0
30397.0 10515.0
30406.0 10511.0
30409.0 10509.0
30412.0 10506.0
30417.0 10505.0
30419.0 10501.0
30422.0 10498.0
30424.0 10494.0
30431.0 10488.0
30438.0 10485.0
30440.0 10484.0
30442.0 10483.0
30446.0 10479.0
30448.0 10478.0
30449.0 10477.0
30453.0 10474.0
30456.0 10471.0
30458.0 10467.0
30465.0 10464.0
30467.0 10463.0
30471.0 10459.0
30472.0 10458.0
30478.0 10457.0
30480.0 10453.0
30483.0 10450.0
30489.0 10449.0
30490.0 10444.0
30496.0 10439.0
30499.0 10437.0
30505.0 10436.0
30507.0 10435.0
30510.0 10434.0
30511.0 10431.0
30512.0 10430.0
30517.0 10426.0
30518.0 10425.0
30521.0 10423.0
30524.0 10420.0
30531.0 10417.0
30534.0 10416.0
30537.0 10412.0
30540.0 10410.0
30543.0 10409.0
30545.0 10408.0
30546.0 10406.0
30554.0 10405.0
30555.0 10403.0
30556.0 10402.0
30560.0 10400.0
30561.0 10398.0
30563.0 10397.0
30566.0 10396.0
30567.0 10394.0
30568.0 10392.0
30577.0 10389.0
30579.0 10386.0
30583.0 10385.0
30589.0 10384.0
30590.0 10382.0
30591.0 10379.0
30597.0 10377.0
30599.0 10375.0
30602.0 10373.0
30605.0 10371.0
30612.0 10368.0
30614.0 10367.0
30620.0 10364.0
30621.0 10363.0
30622.0 10362.0
30626.0 10361.0
30628.0 10358.0
30635.0 10355.0
30637.0 10354.0
30642.0 10352.0
30644.0 10350.0
30647.0 10349.0
30650.0 10348.0
30651.0 10346.0
30655.0 10345.0
30656.0 10344.0
30659.0 10343.0
30661.0 10342.0
30664.0 10341.0
30666.0 10340.0
30667.0 10339.0
30668.0 10338.0
30670.0 10336.0
30673.0 10335.0
30677.0 10333.0
30679.0 10331.0
30682.0 10330.0
30688.0 10328.0
30690.0 10326.0
30693.0 10325.0
30694.0 10324.0
30701.0 10321.0
30702.0 10320.0
30703.0 10319.0
30710.0 10317.0
30713.0 10316.0
30715.0 10314.0
30716.0 10312.0
30721.0 10311.0
30723.0 10309.0
30725.0 10307.0
30727.0 10306.0
30733.0 10304.0
30738.0 10303.0
30739.0 10300.0
30743.0 10299.0
30745.0 10298.0
30749.0 10297.0
30751.0 10296.0
30755.0 10293.0
30757.0 10292.0
30760.0 10291.0
30761.0 10288.0
30766.0 10287.0
30767.0 10286.0
30772.0 10285.0
30773.0 10284.0
30777.0 10281.0
30779.0 10280.0
30781.0 10275.0
30786.0 10274.0
30787.0 10273.0
30792.0 10272.0
30794.0 10271.0
30799.0 10267.0
30803.0 10261.0
30808.0 10260.0
30809.0 10259.0
30814.0 10258.0
30820.0 10255.0
30821.0 10253.0
30824.0 10250.0
30829.0 10249.0
30831.0 10248.0
30835.0 10243.0
30840.0 10241.0
30845.0 10239.0
30850.0 10237.0
30853.0 10235.0
30858.0 10233.0
30863.0 10231.0
30866.0 10228.0
30871.0 10227.0
30876.0 10225.0
30877.0 10221.0
30882.0 10219.0
30887.0 10217.0
30889.0 10216.0
30891.0 10215.0
30895.0 10213.0
30899.0 10211.0
30902.0 10210.0
30905.0 10206.0
30908.0 10205.0
30909.0 10203.0
30911.0 10201.0
30913.0 10198.0
30917.0 10193.0
30925.0 10192.0
30926.0 10186.0
30930.0 10181.0
30937.0 10179.0
30938.0 10178.0
30946.0 10172.0
30950.0 10167.0
30957.0 10165.0
30958.0 10163.0
30961.0 10159.0
30962.0 10158.0
30970.0 10150.0
30974.0 10145.0
30983.0 10144.0
30990.0 10138.0
30997.0 10136.0
30998.0 10135.0
31001.0 10131.0
31003.0 10130.0
31009.0 10129.0
31010.0 10124.0
31017.0 10122.0
31021.0 10116.0
31022.0 10115.0
31030.0 10114.0
31034.0 10102.0
31043.0 10101.0
31050.0 10097.0
31054.0 10096.0
31059.0 10092.0
31063.0 10087.0
31069.0 10086.0
31078.0 10084.0
31079.0 10082.0
31082.0 10081.0
31085.0 10076.0
31087.0 10075.0
31088.0 10074.0
31091.0 10071.0
31098.0 10070.0
31100.0 10069.0
31101.0 10068.0
31104.0 10066.0
31107.0 10061.0
31110.0 10059.0
31111.0 10057.0
31116.0 10056.0
31120.0 10053.0
31125.0 10052.0
31126.0 10049.0
31132.0 10046.0
31135.0 10040.0
31138.0 10038.0
31147.0 10036.0
31150.0 10030.0
31153.0 10028.0
31160.0 10026.0
31162.0 10020.0
31165.0 10018.0
31171.0 10017.0
31176.0 10016.0
31177.0 10010.0
31180.0 10008.0
31186.0 10007.0
31190.0 10003.0
31193.0 10001.0
31194.0 10000.0
31195.0 9999.0
31197.0 9998.0
31198.0 9997.0
31204.0 9996.0
31205.0 9993.0
31206.0 9990.0
31209.0 9988.0
31213.0 9987.0
31221.0 9980.0
31224.0 9978.0
31230.0 9977.0
31234.0 9973.0
31237.0 9971.0
31239.0 9969.0
31242.0 9967.0
31249.0 9963.0
31252.0 9961.0
31254.0 9959.0
31257.0 9957.0
31267.0 9952.0
31270.0 9950.0
31281.0 9946.0
31282.0 9942.0
31285.0 9940.0
31296.0 9939.0
31300.0 9938.0
31302.0 9937.0
31303.0 9936.0
31309.0 9929.0
31312.0 9927.0
31318.0 9926.0
31329.0 9924.0
31332.0 9923.0
31337.0 9922.0
31339.0 9921.0
31342.0 9915.0
31345.0 9913.0
31356.0 9912.0
31362.0 9911.0
31365.0 9909.0
31370.0 9908.0
31371.0 9905.0
31378.0 9904.0
31380.0 9903.0
31382.0 9902.0
31383.0 9901.0
31385.0 9897.0
31396.0 9896.0
31401.0 9895.0
31403.0 9893.0
31406.0 9891.0
31410.0 9890.0
31420.0 9889.0
31421.0 9886.0
31423.0 9885.0
31427.0 9884.0
31436.0 9882.0
31437.0 9881.0
31442.0 9879.0
31448.0 9878.0
31457.0 9877.0
31458.0 9875.0
31459.0 9874.0
31460.0 9873.0
31465.0 9872.0
31473.0 9870.0
31475.0 9869.0
31479.0 9868.0
31481.0 9866.0
31492.0 9864.0
31494.0 9863.0
31496.0 9862.0
31501.0 9861.0
31502.0 9860.0
31508.0 9856.0
31519.0 9855.0
31523.0 9853.0
31527.0 9850.0
31537.0 9849.0
31541.0 9847.0
31545.0 9845.0
31555.0 9844.0
31556.0 9843.0
31559.0 9841.0
31560.0 9840.0
31562.0 9837.0
31568.0 9835.0
31575.0 9833.0
31582.0 9831.0
31585.0 9829.0
31588.0 9827.0
31599.0 9825.0
31602.0 9820.0
31616.0 9816.0
31621.0 9815.0
31626.0 9814.0
31629.0 9812.0
31635.0 9811.0
31641.0 9810.0
31643.0 9805.0
31657.0 9802.0
31662.0 9800.0
31677.0 9798.0
31682.0 9795.0
31684.0 9793.0
31697.0 9788.0
31707.0 9784.0
31716.0 9783.0
31717.0 9782.0
31718.0 9781.0
31723.0 9780.0
31726.0 9779.0
31727.0 9778.0
31730.0 9775.0
31741.0 9772.0
31746.0 9771.0
31749.0 9770.0
31750.0 9769.0
31760.0 9767.0
31761.0 9762.0
31772.0 9759.0
31777.0 9758.0
31780.0 9757.0
31781.0 9756.0
31789.0 9755.0
31791.0 9754.0
31792.0 9753.0
31797.0 9752.0
31800.0 9751.0
31802.0 9750.0
31804.0 9745.0
31814.0 9741.0
31824.0 9739.0
31825.0 9738.0
31830.0 9737.0
31834.0 9735.0
31837.0 9732.0
31848.0 9729.0
31853.0 9728.0
31857.0 9726.0
31862.0 9723.0
31868.0 9719.0
31875.0 9718.0
31879.0 9716.0
31884.0 9715.0
31885.0 9714.0
31888.0 9713.0
31895.0 9712.0
31896.0 9711.0
31899.0 9710.0
31903.0 9708.0
31908.0 9705.0
31919.0 9702.0
31924.0 9701.0
31928.0 9699.0
31933.0 9697.0
31934.0 9695.0
31939.0 9692.0
31950.0 9689.0
31955.0 9688.0
31959.0 9686.0
31970.0 9683.0
31982.0 9681.0
31993.0 9678.0
31998.0 9677.0
32002.0 9675.0
32013.0 9672.0
32036.0 9671.0
32050.0 9670.0
32053.0 9667.0
32063.0 9666.0
32069.0 9665.0
32079.0 9664.0
32083.0 9662.0
32087.0 9661.0
32092.0 9657.0
32101.0 9655.0
32105.0 9654.0
32107.0 9653.0
32111.0 9651.0
32120.0 9649.0
32124.0 9648.0
32128.0 9647.0
32133.0 9646.0
32137.0 9645.0
32141.0 9644.0
32142.0 9643.0
32144.0 9641.0
32148.0 9640.0
32152.0 9639.0
32157.0 9635.0
32166.0 9633.0
32170.0 9632.0
32178.0 9631.0
32179.0 9630.0
32191.0 9628.0
32200.0 9624.0
32209.0 9622.0
32213.0 9621.0
32221.0 9620.0
32222.0 9619.0
32234.0 9617.0
32254.0 9616.0
32263.0 9614.0
32267.0 9613.0
32276.0 9611.0
32319.0 9607.0
32330.0 9604.0
32343.0 9601.0
32357.0 9599.0
32368.0 9596.0
32381.0 9593.0
32392.0 9590.0
32400.0 9588.0
32411.0 9585.0
32414.0 9582.0
32423.0 9577.0
32442.0 9576.0
32449.0 9573.0
32458.0 9568.0
32488.0 9567.0
32492.0 9565.0
32497.0 9562.0
32531.0 9559.0
32569.0 9558.0
