46.0 175.0
61.0 127.0
61.0 127.0
46.0 175.0
57.0 135.0
59.0 129.0
50.0 152.0
47.0 167.0
47.0 167.0
51.0 144.0
48.0 159.0
55.0 138.0
57.0 135.0
59.0 129.0
55.0 138.0
53.0 140.0
49.0 157.0
50.0 152.0
51.0 144.0
48.0 159.0
53.0 140.0
52.0 142.0
49.0 157.0
52.0 142.0
46.0 175.0
61.0 127.0
47.0 167.0
57.0 135.0
59.0 129.0
55.0 138.0
50.0 152.0
48.0 159.0
51.0 144.0
53.0 140.0
52.0 142.0
49.0 157.0
46.0 175.0
61.0 127.0
47.0 167.0
57.0 135.0
59.0 129.0
55.0 138.0
50.0 152.0
48.0 159.0
51.0 144.0
53.0 140.0
49.0 157.0
52.0 142.0
46.0 175.0
61.0 127.0
47.0 167.0
57.0 135.0
59.0 129.0
55.0 138.0
50.0 152.0
48.0 159.0
51.0 144.0
53.0 140.0
52.0 142.0
49.0 157.0
46.0 175.0
61.0 127.0
47.0 167.0
57.0 135.0
59.0 129.0
55.0 138.0
50.0 152.0
51.0 144.0
48.0 159.0
53.0 140.0
52.0 142.0
49.0 157.0
46.0 175.0
61.0 127.0
47.0 167.0
57.0 135.0
59.0 129.0
55.0 138.0
50.0 152.0
48.0 159.0
51.0 144.0
53.0 140.0
49.0 157.0
52.0 142.0
61.0 127.0
46.0 175.0
47.0 167.0
57.0 135.0
59.0 129.0
55.0 138.0
50.0 152.0
51.0 144.0
48.0 159.0
53.0 140.0
52.0 142.0
49.0 157.0
61.0 127.0
46.0 175.0
47.0 167.0
57.0 135.0
