386.0 645.0
422.0 521.0
386.0 645.0
422.0 521.0
391.0 619.0
392.0 603.0
418.0 522.0
387.0 641.0
388.0 629.0
406.0 537.0
401.0 563.0
402.0 552.0
405.0 545.0
408.0 533.0
408.0 533.0
416.0 525.0
412.0 529.0
414.0 526.0
410.0 530.0
392.0 603.0
397.0 580.0
393.0 597.0
394.0 591.0
394.0 591.0
398.0 574.0
395.0 585.0
393.0 597.0
390.0 624.0
400.0 568.0
391.0 619.0
401.0 563.0
418.0 522.0
414.0 526.0
410.0 530.0
416.0 525.0
412.0 529.0
388.0 629.0
406.0 537.0
398.0 574.0
399.0 570.0
387.0 641.0
389.0 625.0
402.0 552.0
395.0 585.0
404.0 548.0
405.0 545.0
396.0 582.0
403.0 549.0
399.0 570.0
396.0 582.0
400.0 568.0
397.0 580.0
389.0 625.0
403.0 549.0
404.0 548.0
390.0 624.0
422.0 521.0
386.0 645.0
408.0 533.0
392.0 603.0
393.0 597.0
394.0 591.0
391.0 619.0
401.0 563.0
418.0 522.0
410.0 530.0
414.0 526.0
412.0 529.0
416.0 525.0
388.0 629.0
406.0 537.0
398.0 574.0
387.0 641.0
402.0 552.0
395.0 585.0
405.0 545.0
399.0 570.0
396.0 582.0
397.0 580.0
400.0 568.0
389.0 625.0
403.0 549.0
390.0 624.0
404.0 548.0
386.0 645.0
422.0 521.0
408.0 533.0
392.0 603.0
393.0 597.0
394.0 591.0
401.0 563.0
391.0 619.0
418.0 522.0
410.0 530.0
414.0 526.0
416.0 525.0
412.0 529.0
388.0 629.0
406.0 537.0
398.0 574.0
