525.0 844.0
448.0 1088.0
525.0 844.0
448.0 1088.0
458.0 1022.0
516.0 854.0
511.0 871.0
507.0 875.0
512.0 864.0
498.0 894.0
457.0 1037.0
449.0 1073.0
478.0 946.0
520.0 851.0
502.0 891.0
521.0 847.0
491.0 918.0
516.0 854.0
459.0 1013.0
488.0 919.0
481.0 942.0
461.0 1005.0
506.0 882.0
512.0 864.0
494.0 904.0
453.0 1055.0
451.0 1065.0
455.0 1046.0
452.0 1056.0
472.0 969.0
469.0 974.0
504.0 887.0
476.0 959.0
486.0 924.0
474.0 962.0
459.0 1013.0
477.0 954.0
456.0 1045.0
457.0 1037.0
461.0 1005.0
504.0 887.0
465.0 988.0
450.0 1072.0
451.0 1065.0
462.0 998.0
466.0 981.0
492.0 911.0
502.0 891.0
493.0 910.0
497.0 900.0
469.0 974.0
486.0 924.0
464.0 993.0
485.0 929.0
473.0 967.0
477.0 954.0
472.0 969.0
506.0 882.0
465.0 988.0
488.0 919.0
455.0 1046.0
496.0 901.0
453.0 1055.0
507.0 875.0
478.0 946.0
483.0 934.0
482.0 938.0
482.0 938.0
481.0 942.0
511.0 871.0
483.0 934.0
484.0 930.0
498.0 894.0
521.0 847.0
494.0 904.0
474.0 962.0
462.0 998.0
467.0 979.0
496.0 901.0
520.0 851.0
476.0 959.0
468.0 976.0
463.0 995.0
466.0 981.0
468.0 976.0
463.0 995.0
473.0 967.0
467.0 979.0
464.0 993.0
449.0 1073.0
452.0 1056.0
492.0 911.0
484.0 930.0
456.0 1045.0
491.0 918.0
485.0 929.0
493.0 910.0
450.0 1072.0
497.0 900.0
448.0 1088.0
