526.0 1308.0
606.0 1101.0
526.0 1308.0
606.0 1101.0
596.0 1103.0
536.0 1244.0
530.0 1279.0
531.0 1267.0
584.0 1110.0
548.0 1201.0
543.0 1218.0
555.0 1180.0
576.0 1129.0
527.0 1299.0
528.0 1289.0
588.0 1108.0
592.0 1106.0
588.0 1108.0
564.0 1154.0
571.0 1137.0
561.0 1160.0
568.0 1139.0
528.0 1289.0
532.0 1266.0
546.0 1210.0
542.0 1227.0
535.0 1253.0
553.0 1189.0
534.0 1257.0
529.0 1280.0
527.0 1299.0
555.0 1180.0
550.0 1197.0
573.0 1131.0
548.0 1201.0
534.0 1257.0
582.0 1114.0
545.0 1214.0
557.0 1175.0
546.0 1210.0
578.0 1120.0
550.0 1197.0
580.0 1116.0
539.0 1238.0
536.0 1244.0
561.0 1160.0
559.0 1170.0
566.0 1149.0
540.0 1237.0
564.0 1154.0
541.0 1231.0
539.0 1238.0
567.0 1143.0
560.0 1164.0
552.0 1192.0
553.0 1189.0
552.0 1192.0
557.0 1175.0
577.0 1124.0
596.0 1103.0
584.0 1110.0
580.0 1116.0
592.0 1106.0
582.0 1114.0
594.0 1104.0
543.0 1218.0
578.0 1120.0
560.0 1164.0
541.0 1231.0
567.0 1143.0
577.0 1124.0
542.0 1227.0
545.0 1214.0
535.0 1253.0
572.0 1133.0
558.0 1171.0
565.0 1150.0
594.0 1104.0
532.0 1266.0
568.0 1139.0
573.0 1131.0
572.0 1133.0
576.0 1129.0
571.0 1137.0
531.0 1267.0
529.0 1280.0
565.0 1150.0
558.0 1171.0
530.0 1279.0
559.0 1170.0
566.0 1149.0
540.0 1237.0
526.0 1308.0
606.0 1101.0
588.0 1108.0
528.0 1289.0
527.0 1299.0
555.0 1180.0
548.0 1201.0
534.0 1257.0
