2682.0 644.0
3230.0 491.0
2682.0 644.0
3230.0 491.0
2688.0 620.0
2696.0 606.0
2752.0 573.0
2736.0 584.0
2718.0 587.0
3042.0 498.0
2688.0 620.0
3114.0 496.0
3190.0 492.0
3074.0 497.0
2882.0 534.0
2714.0 598.0
2924.0 524.0
3148.0 495.0
2904.0 529.0
3158.0 493.0
3032.0 505.0
2948.0 521.0
2968.0 517.0
2904.0 529.0
3114.0 496.0
3074.0 497.0
3190.0 492.0
2992.0 514.0
2870.0 540.0
2796.0 558.0
2776.0 571.0
2924.0 524.0
2968.0 517.0
2948.0 521.0
2882.0 534.0
2810.0 554.0
2834.0 548.0
2844.0 544.0
2820.0 550.0
2736.0 584.0
2696.0 606.0
2710.0 601.0
3010.0 510.0
3018.0 507.0
2996.0 511.0
2788.0 567.0
2810.0 554.0
2794.0 563.0
2752.0 573.0
2710.0 601.0
2858.0 542.0
2858.0 542.0
2870.0 540.0
2820.0 550.0
2844.0 544.0
2778.0 569.0
2834.0 548.0
3032.0 505.0
2796.0 558.0
2794.0 563.0
3018.0 507.0
2718.0 587.0
2714.0 598.0
2992.0 514.0
3042.0 498.0
3158.0 493.0
3148.0 495.0
2788.0 567.0
3010.0 510.0
2778.0 569.0
2776.0 571.0
2996.0 511.0
2682.0 644.0
3230.0 491.0
2688.0 620.0
2904.0 529.0
3114.0 496.0
3190.0 492.0
3074.0 497.0
2924.0 524.0
2968.0 517.0
2948.0 521.0
2882.0 534.0
2736.0 584.0
2696.0 606.0
2810.0 554.0
2752.0 573.0
2710.0 601.0
2858.0 542.0
2870.0 540.0
2844.0 544.0
2820.0 550.0
2834.0 548.0
3032.0 505.0
2796.0 558.0
2794.0 563.0
3018.0 507.0
2718.0 587.0
2714.0 598.0
2992.0 514.0
