16531.0 1341.0
17082.0 1039.0
16531.0 1341.0
17082.0 1039.0
16535.0 1286.0
16557.0 1272.0
16563.0 1242.0
17039.0 1041.0
16958.0 1057.0
16923.0 1058.0
16563.0 1242.0
17037.0 1043.0
16576.0 1226.0
16896.0 1061.0
16579.0 1224.0
16923.0 1058.0
17012.0 1044.0
16634.0 1172.0
16661.0 1157.0
16535.0 1286.0
16553.0 1274.0
16623.0 1175.0
16641.0 1163.0
16589.0 1198.0
16581.0 1212.0
16769.0 1091.0
16668.0 1149.0
16717.0 1121.0
16692.0 1135.0
16602.0 1197.0
16727.0 1119.0
16764.0 1098.0
16553.0 1274.0
16826.0 1076.0
16987.0 1048.0
16587.0 1204.0
16583.0 1206.0
16607.0 1186.0
16844.0 1073.0
16715.0 1128.0
16780.0 1086.0
16780.0 1086.0
16688.0 1143.0
16896.0 1061.0
16826.0 1076.0
16744.0 1107.0
16576.0 1226.0
17000.0 1046.0
16884.0 1063.0
16814.0 1078.0
16975.0 1050.0
16789.0 1082.0
16859.0 1067.0
17000.0 1046.0
16798.0 1081.0
16884.0 1063.0
16868.0 1066.0
16814.0 1078.0
16617.0 1183.0
16700.0 1133.0
16966.0 1054.0
16871.0 1065.0
16801.0 1080.0
16677.0 1147.0
16650.0 1161.0
16966.0 1054.0
16744.0 1107.0
16769.0 1091.0
16737.0 1112.0
16605.0 1192.0
17012.0 1044.0
16709.0 1129.0
16581.0 1212.0
16700.0 1133.0
16634.0 1172.0
16737.0 1112.0
16764.0 1098.0
16730.0 1116.0
16650.0 1161.0
16677.0 1147.0
16623.0 1175.0
16605.0 1192.0
16975.0 1050.0
16789.0 1082.0
16859.0 1067.0
16984.0 1049.0
16616.0 1184.0
16709.0 1129.0
16755.0 1102.0
16850.0 1071.0
16641.0 1163.0
16668.0 1149.0
16850.0 1071.0
16755.0 1102.0
16752.0 1103.0
16685.0 1144.0
16752.0 1103.0
16658.0 1158.0
16958.0 1057.0
16847.0 1072.0
