16279.0 3243.0
15405.0 3820.0
16279.0 3243.0
15405.0 3820.0
15528.0 3588.0
16043.0 3286.0
15408.0 3814.0
15653.0 3453.0
15609.0 3500.0
15446.0 3701.0
15487.0 3644.0
16073.0 3279.0
15435.0 3718.0
16112.0 3268.0
16251.0 3247.0
16096.0 3274.0
15410.0 3787.0
15721.0 3388.0
15889.0 3328.0
15432.0 3724.0
15564.0 3539.0
15640.0 3460.0
15897.0 3324.0
15473.0 3664.0
15599.0 3514.0
15711.0 3399.0
15699.0 3400.0
15778.0 3357.0
16132.0 3266.0
15536.0 3576.0
15863.0 3331.0
15527.0 3607.0
15987.0 3307.0
15467.0 3679.0
15623.0 3483.0
15993.0 3303.0
16028.0 3296.0
15672.0 3427.0
15623.0 3483.0
15575.0 3534.0
16215.0 3253.0
15577.0 3525.0
15832.0 3346.0
16148.0 3260.0
15809.0 3348.0
15518.0 3620.0
16220.0 3250.0
15921.0 3321.0
15931.0 3316.0
15430.0 3744.0
15602.0 3503.0
15550.0 3556.0
15429.0 3745.0
15669.0 3432.0
16078.0 3276.0
15633.0 3468.0
15462.0 3681.0
15796.0 3355.0
15542.0 3571.0
15768.0 3363.0
15661.0 3440.0
15749.0 3374.0
16192.0 3254.0
16169.0 3257.0
15420.0 3772.0
15414.0 3786.0
15416.0 3773.0
15736.0 3386.0
15955.0 3314.0
15422.0 3759.0
15768.0 3363.0
15518.0 3620.0
15451.0 3695.0
16010.0 3298.0
16169.0 3257.0
15557.0 3551.0
15679.0 3415.0
15505.0 3631.0
15861.0 3335.0
16146.0 3264.0
15749.0 3374.0
16192.0 3254.0
15476.0 3658.0
15850.0 3339.0
15458.0 3692.0
15505.0 3631.0
15422.0 3759.0
15498.0 3639.0
15738.0 3378.0
15549.0 3566.0
15633.0 3468.0
15586.0 3519.0
15686.0 3409.0
16039.0 3293.0
15850.0 3339.0
15969.0 3312.0
16240.0 3248.0
15832.0 3346.0
15969.0 3312.0
15527.0 3607.0
