325.0 1195.0
326.0 1173.0
327.0 1121.0
329.0 1118.0
330.0 1113.0
331.0 1094.0
332.0 1085.0
333.0 1081.0
334.0 1072.0
335.0 1071.0
336.0 1041.0
338.0 1028.0
339.0 1022.0
340.0 1021.0
341.0 1014.0
342.0 1008.0
343.0 1000.0
344.0 994.0
346.0 989.0
347.0 980.0
348.0 974.0
350.0 969.0
353.0 964.0
355.0 959.0
356.0 956.0
358.0 951.0
360.0 945.0
361.0 941.0
362.0 940.0
363.0 933.0
364.0 931.0
365.0 929.0
366.0 924.0
367.0 920.0
368.0 916.0
370.0 911.0
371.0 906.0
373.0 904.0
374.0 897.0
377.0 895.0
378.0 889.0
380.0 886.0
381.0 882.0
383.0 879.0
384.0 876.0
386.0 873.0
387.0 869.0
389.0 866.0
391.0 864.0
392.0 862.0
394.0 859.0
395.0 857.0
397.0 854.0
399.0 849.0
401.0 846.0
403.0 841.0
405.0 838.0
409.0 835.0
415.0 834.0
419.0 833.0
424.0 832.0
425.0 827.0
427.0 825.0
428.0 822.0
431.0 821.0
432.0 815.0
436.0 811.0
