2570.0 677.0
2578.0 670.0
2588.0 668.0
2590.0 664.0
2596.0 650.0
2604.0 643.0
2614.0 641.0
2616.0 637.0
2626.0 635.0
2630.0 632.0
2640.0 617.0
2644.0 609.0
2664.0 595.0
2668.0 587.0
2704.0 583.0
2708.0 578.0
2730.0 572.0
2736.0 569.0
2748.0 561.0
2760.0 559.0
2784.0 557.0
2792.0 554.0
2800.0 552.0
2802.0 550.0
2812.0 546.0
2830.0 544.0
2832.0 539.0
2842.0 535.0
2874.0 529.0
2884.0 528.0
2904.0 526.0
2922.0 525.0
2924.0 522.0
2960.0 514.0
2988.0 512.0
3006.0 507.0
3016.0 503.0
3044.0 501.0
3052.0 498.0
3078.0 490.0
3154.0 488.0
