5702.0 826.0
5704.0 818.0
5710.0 808.0
5712.0 773.0
5714.0 766.0
5716.0 765.0
5722.0 742.0
5724.0 735.0
5734.0 733.0
5736.0 731.0
5742.0 730.0
5746.0 728.0
5750.0 723.0
5754.0 722.0
5758.0 720.0
5760.0 699.0
5762.0 687.0
5770.0 681.0
5774.0 669.0
5790.0 667.0
5794.0 661.0
5798.0 659.0
5802.0 649.0
5806.0 643.0
5810.0 641.0
5824.0 640.0
5834.0 639.0
5838.0 637.0
5840.0 635.0
5848.0 632.0
5850.0 620.0
5864.0 618.0
5866.0 616.0
5868.0 615.0
5874.0 610.0
5884.0 602.0
5894.0 601.0
5912.0 600.0
5918.0 595.0
5934.0 592.0
5938.0 590.0
5944.0 586.0
5950.0 579.0
5978.0 578.0
5994.0 573.0
6012.0 572.0
6020.0 566.0
6034.0 564.0
6036.0 563.0
6050.0 562.0
6062.0 561.0
6080.0 559.0
6094.0 557.0
6100.0 554.0
6136.0 553.0
6150.0 552.0
6154.0 551.0
6158.0 549.0
6172.0 547.0
6174.0 546.0
6200.0 544.0
6294.0 543.0
6298.0 542.0
6300.0 540.0
6314.0 537.0
6330.0 534.0
6380.0 533.0
6458.0 532.0
6464.0 527.0
6484.0 526.0
6500.0 525.0
6504.0 520.0
6540.0 518.0
6556.0 515.0
6592.0 513.0
6640.0 507.0
