712.0 1209.0
713.0 1161.0
714.0 1147.0
715.0 1110.0
716.0 1097.0
717.0 1090.0
718.0 1077.0
719.0 1070.0
720.0 1057.0
721.0 1041.0
722.0 1032.0
723.0 1025.0
724.0 1016.0
725.0 1009.0
726.0 1004.0
727.0 997.0
728.0 992.0
729.0 986.0
730.0 981.0
731.0 968.0
732.0 963.0
733.0 961.0
734.0 949.0
735.0 944.0
736.0 935.0
737.0 930.0
738.0 927.0
739.0 922.0
740.0 919.0
741.0 907.0
742.0 900.0
743.0 895.0
744.0 886.0
745.0 881.0
746.0 879.0
747.0 874.0
748.0 873.0
749.0 869.0
750.0 859.0
751.0 858.0
752.0 852.0
753.0 851.0
754.0 845.0
755.0 841.0
756.0 839.0
757.0 834.0
758.0 829.0
759.0 828.0
760.0 822.0
762.0 818.0
763.0 810.0
765.0 805.0
767.0 803.0
768.0 800.0
769.0 798.0
770.0 795.0
771.0 793.0
773.0 790.0
775.0 786.0
776.0 783.0
778.0 781.0
781.0 780.0
782.0 778.0
783.0 775.0
