12923.0 3487.0
12929.0 3452.0
12931.0 3442.0
12933.0 3438.0
12934.0 3434.0
12936.0 3430.0
12940.0 3421.0
12942.0 3417.0
12943.0 3413.0
12945.0 3409.0
12952.0 3406.0
12953.0 3401.0
12955.0 3397.0
12956.0 3393.0
12958.0 3389.0
12962.0 3388.0
12963.0 3384.0
12965.0 3309.0
12966.0 3298.0
12967.0 3296.0
12972.0 3286.0
12974.0 3280.0
12979.0 3272.0
12981.0 3260.0
12986.0 3218.0
12996.0 3216.0
12998.0 3209.0
13000.0 3208.0
13004.0 3203.0
13007.0 3200.0
13012.0 3186.0
13017.0 3181.0
13020.0 3178.0
13024.0 3176.0
13025.0 3166.0
13027.0 3161.0
13030.0 3158.0
13035.0 3154.0
13037.0 3149.0
13040.0 3145.0
13042.0 3144.0
13046.0 3139.0
13048.0 3130.0
13050.0 3125.0
13056.0 3124.0
13057.0 3122.0
13059.0 3117.0
13061.0 3115.0
13066.0 3113.0
13068.0 3112.0
13072.0 3107.0
13074.0 3098.0
13076.0 3093.0
13082.0 3092.0
13083.0 3090.0
13085.0 3085.0
13087.0 3083.0
13096.0 3081.0
13097.0 3080.0
13098.0 3076.0
13104.0 3075.0
13105.0 3073.0
13107.0 3068.0
13109.0 3066.0
13112.0 3065.0
13114.0 3064.0
13120.0 3062.0
13121.0 3057.0
13123.0 3055.0
13125.0 3054.0
13132.0 3043.0
13133.0 3041.0
13143.0 3036.0
13144.0 3034.0
13152.0 3031.0
13154.0 3024.0
13156.0 3022.0
13157.0 3020.0
13163.0 3019.0
13165.0 3005.0
13174.0 3000.0
13186.0 2997.0
13187.0 2993.0
13190.0 2987.0
13198.0 2976.0
13207.0 2971.0
13216.0 2967.0
13220.0 2964.0
13225.0 2962.0
13229.0 2959.0
13233.0 2958.0
13235.0 2956.0
13236.0 2953.0
13238.0 2952.0
13239.0 2950.0
13240.0 2948.0
13243.0 2947.0
13248.0 2945.0
13249.0 2937.0
13252.0 2936.0
13258.0 2935.0
13261.0 2927.0
13270.0 2922.0
13280.0 2911.0
13289.0 2906.0
13303.0 2902.0
13310.0 2901.0
13311.0 2897.0
13318.0 2888.0
13324.0 2886.0
13327.0 2883.0
13333.0 2880.0
13335.0 2879.0
13337.0 2872.0
13345.0 2871.0
13346.0 2866.0
13350.0 2865.0
13351.0 2862.0
13357.0 2858.0
13360.0 2856.0
13363.0 2851.0
13371.0 2848.0
13372.0 2845.0
13380.0 2842.0
13384.0 2839.0
13389.0 2838.0
13391.0 2836.0
13392.0 2835.0
13396.0 2833.0
13398.0 2828.0
13404.0 2822.0
13413.0 2816.0
13425.0 2813.0
13431.0 2810.0
13436.0 2803.0
13439.0 2799.0
13445.0 2797.0
13451.0 2796.0
13452.0 2790.0
13461.0 2784.0
13471.0 2780.0
13479.0 2778.0
13483.0 2777.0
13487.0 2767.0
13499.0 2764.0
13516.0 2757.0
13522.0 2756.0
13525.0 2754.0
13534.0 2753.0
13537.0 2751.0
13550.0 2745.0
13554.0 2744.0
13560.0 2743.0
13562.0 2742.0
13566.0 2741.0
13572.0 2740.0
13580.0 2738.0
13585.0 2734.0
13588.0 2732.0
13597.0 2731.0
13600.0 2729.0
13615.0 2727.0
13620.0 2725.0
13623.0 2721.0
13633.0 2718.0
13641.0 2712.0
13654.0 2710.0
13655.0 2708.0
13662.0 2704.0
13666.0 2703.0
13676.0 2700.0
13687.0 2695.0
13702.0 2694.0
13711.0 2693.0
13716.0 2690.0
13723.0 2686.0
13737.0 2682.0
13740.0 2680.0
13745.0 2676.0
13748.0 2674.0
13753.0 2672.0
13766.0 2671.0
13768.0 2669.0
13771.0 2668.0
13775.0 2665.0
13782.0 2663.0
13783.0 2659.0
13793.0 2657.0
13794.0 2654.0
13801.0 2652.0
13802.0 2648.0
13838.0 2644.0
13844.0 2641.0
13852.0 2639.0
13859.0 2637.0
13862.0 2634.0
13863.0 2630.0
13895.0 2629.0
13899.0 2626.0
13904.0 2623.0
13912.0 2621.0
13913.0 2617.0
13935.0 2616.0
13939.0 2613.0
13952.0 2608.0
13961.0 2602.0
13997.0 2599.0
14027.0 2598.0
