19428.0 5989.0
19430.0 5970.0
19432.0 5962.0
19433.0 5951.0
19434.0 5943.0
19435.0 5930.0
19436.0 5915.0
19438.0 5895.0
19439.0 5893.0
19440.0 5891.0
19441.0 5874.0
19444.0 5861.0
19446.0 5860.0
19447.0 5857.0
19448.0 5845.0
19449.0 5842.0
19450.0 5841.0
19451.0 5824.0
19454.0 5811.0
19456.0 5810.0
19457.0 5807.0
19458.0 5805.0
19459.0 5797.0
19460.0 5794.0
19463.0 5791.0
19464.0 5783.0
19465.0 5782.0
19468.0 5772.0
19469.0 5771.0
19470.0 5760.0
19471.0 5709.0
19472.0 5699.0
19473.0 5680.0
19477.0 5670.0
19482.0 5662.0
19486.0 5660.0
19487.0 5655.0
19489.0 5642.0
19492.0 5636.0
19493.0 5632.0
19496.0 5626.0
19498.0 5624.0
19501.0 5618.0
19505.0 5616.0
19507.0 5613.0
19508.0 5610.0
19510.0 5607.0
19512.0 5605.0
19513.0 5602.0
19515.0 5598.0
19517.0 5597.0
19518.0 5592.0
19520.0 5590.0
19522.0 5589.0
19523.0 5584.0
19526.0 5583.0
19529.0 5577.0
19533.0 5576.0
19534.0 5575.0
19537.0 5570.0
19539.0 5567.0
19540.0 5548.0
19542.0 5537.0
19548.0 5532.0
19549.0 5528.0
19551.0 5526.0
19554.0 5523.0
19556.0 5513.0
19558.0 5511.0
19560.0 5509.0
19562.0 5503.0
19564.0 5495.0
19566.0 5493.0
19568.0 5491.0
19569.0 5488.0
19572.0 5479.0
19574.0 5469.0
19581.0 5458.0
19584.0 5453.0
19587.0 5442.0
19592.0 5437.0
19593.0 5434.0
19595.0 5426.0
19599.0 5418.0
19603.0 5416.0
19607.0 5402.0
19615.0 5392.0
19619.0 5391.0
19623.0 5389.0
19625.0 5385.0
19627.0 5375.0
19632.0 5373.0
19635.0 5365.0
19640.0 5363.0
19645.0 5358.0
19648.0 5354.0
19651.0 5353.0
19654.0 5348.0
19656.0 5344.0
19659.0 5341.0
19662.0 5338.0
19663.0 5329.0
19668.0 5327.0
19671.0 5319.0
19676.0 5317.0
19679.0 5314.0
19681.0 5312.0
19682.0 5311.0
19683.0 5302.0
19688.0 5300.0
19691.0 5292.0
19701.0 5285.0
19711.0 5276.0
19721.0 5269.0
19729.0 5268.0
19730.0 5262.0
19738.0 5261.0
19739.0 5258.0
19744.0 5255.0
19748.0 5251.0
19753.0 5248.0
19756.0 5247.0
19757.0 5242.0
19761.0 5240.0
19766.0 5235.0
19767.0 5232.0
19776.0 5225.0
19781.0 5222.0
19784.0 5221.0
19786.0 5218.0
19790.0 5215.0
19793.0 5214.0
19797.0 5213.0
19798.0 5211.0
19800.0 5208.0
19803.0 5207.0
19806.0 5205.0
19807.0 5204.0
19811.0 5203.0
19815.0 5200.0
19817.0 5197.0
19822.0 5196.0
19823.0 5194.0
19827.0 5193.0
19829.0 5190.0
19832.0 5189.0
19834.0 5188.0
19835.0 5187.0
19836.0 5186.0
19840.0 5185.0
19842.0 5184.0
19845.0 5183.0
19846.0 5179.0
19851.0 5177.0
19852.0 5176.0
19858.0 5174.0
19860.0 5173.0
19863.0 5170.0
19866.0 5169.0
19870.0 5166.0
19872.0 5163.0
19880.0 5156.0
19882.0 5155.0
19887.0 5154.0
19888.0 5148.0
19892.0 5145.0
19898.0 5140.0
19900.0 5137.0
19908.0 5130.0
19910.0 5129.0
19915.0 5128.0
19919.0 5125.0
19920.0 5119.0
19929.0 5118.0
19930.0 5117.0
19931.0 5114.0
19937.0 5108.0
19947.0 5106.0
19949.0 5101.0
19956.0 5099.0
19958.0 5097.0
19960.0 5096.0
19965.0 5095.0
19966.0 5090.0
19970.0 5086.0
19980.0 5084.0
19981.0 5081.0
19987.0 5075.0
19997.0 5073.0
19999.0 5068.0
20009.0 5066.0
20010.0 5063.0
20016.0 5057.0
20026.0 5055.0
20032.0 5054.0
20036.0 5053.0
20037.0 5051.0
20039.0 5049.0
20044.0 5046.0
20049.0 5044.0
20052.0 5043.0
20057.0 5041.0
20058.0 5040.0
20060.0 5039.0
20065.0 5035.0
20066.0 5033.0
20073.0 5032.0
20077.0 5031.0
20078.0 5030.0
20080.0 5027.0
20083.0 5026.0
20087.0 5022.0
20096.0 5021.0
20097.0 5016.0
20104.0 5015.0
20112.0 5011.0
20117.0 5010.0
20118.0 5005.0
20132.0 5001.0
20139.0 5000.0
20148.0 4999.0
20153.0 4990.0
20171.0 4989.0
20172.0 4984.0
20185.0 4982.0
20190.0 4980.0
20193.0 4979.0
20196.0 4977.0
20207.0 4969.0
20220.0 4967.0
20229.0 4965.0
20245.0 4963.0
20247.0 4958.0
20248.0 4957.0
20256.0 4955.0
20267.0 4953.0
20276.0 4951.0
20284.0 4948.0
20288.0 4946.0
20291.0 4942.0
20302.0 4939.0
20315.0 4936.0
20318.0 4930.0
20333.0 4927.0
20346.0 4925.0
20361.0 4922.0
20366.0 4920.0
20381.0 4917.0
20397.0 4915.0
20406.0 4913.0
20410.0 4912.0
20414.0 4910.0
20422.0 4909.0
20424.0 4905.0
20432.0 4902.0
20438.0 4900.0
20444.0 4899.0
20450.0 4897.0
20456.0 4892.0
20468.0 4889.0
20474.0 4888.0
20481.0 4887.0
20482.0 4885.0
20488.0 4883.0
20494.0 4882.0
20500.0 4880.0
20506.0 4875.0
20513.0 4874.0
20518.0 4872.0
20525.0 4871.0
20531.0 4869.0
20537.0 4868.0
20543.0 4866.0
20549.0 4861.0
20561.0 4858.0
20567.0 4857.0
20574.0 4856.0
20575.0 4854.0
20581.0 4852.0
20587.0 4851.0
20593.0 4849.0
20599.0 4844.0
20611.0 4841.0
20624.0 4839.0
20637.0 4831.0
20658.0 4829.0
20672.0 4826.0
20681.0 4822.0
20702.0 4816.0
20745.0 4815.0
20746.0 4807.0
20803.0 4801.0
20825.0 4798.0
20856.0 4797.0
20857.0 4796.0
20858.0 4793.0
20865.0 4791.0
20867.0 4789.0
20873.0 4787.0
20878.0 4786.0
20883.0 4785.0
20888.0 4784.0
20891.0 4781.0
20894.0 4775.0
20904.0 4773.0
20910.0 4772.0
20917.0 4771.0
20920.0 4767.0
20927.0 4763.0
20937.0 4761.0
20943.0 4760.0
20950.0 4759.0
20953.0 4758.0
20962.0 4755.0
20963.0 4754.0
20975.0 4753.0
20976.0 4752.0
20983.0 4751.0
20984.0 4750.0
20988.0 4749.0
20993.0 4747.0
20995.0 4746.0
20999.0 4745.0
21005.0 4743.0
21009.0 4742.0
21018.0 4741.0
21019.0 4737.0
21023.0 4736.0
21031.0 4733.0
21035.0 4732.0
21044.0 4731.0
21048.0 4730.0
21052.0 4729.0
21056.0 4728.0
21065.0 4725.0
21071.0 4724.0
21078.0 4723.0
21080.0 4722.0
21083.0 4720.0
21093.0 4717.0
21100.0 4715.0
21109.0 4714.0
21113.0 4713.0
21122.0 4712.0
21124.0 4711.0
21125.0 4709.0
21135.0 4704.0
21148.0 4702.0
21166.0 4701.0
