845.0 1052.0
846.0 1034.0
847.0 980.0
848.0 972.0
849.0 970.0
850.0 933.0
851.0 922.0
852.0 918.0
853.0 908.0
854.0 904.0
855.0 900.0
856.0 898.0
857.0 888.0
859.0 880.0
860.0 873.0
861.0 871.0
862.0 868.0
863.0 857.0
864.0 849.0
865.0 835.0
866.0 831.0
867.0 827.0
868.0 819.0
869.0 809.0
870.0 808.0
872.0 803.0
873.0 797.0
874.0 796.0
876.0 795.0
878.0 794.0
879.0 791.0
881.0 790.0
882.0 785.0
885.0 784.0
886.0 781.0
887.0 775.0
888.0 772.0
889.0 768.0
890.0 765.0
891.0 762.0
892.0 757.0
893.0 754.0
895.0 753.0
896.0 751.0
897.0 748.0
