9930.0 1896.0
9933.0 1894.0
9934.0 1871.0
9937.0 1869.0
9940.0 1863.0
9941.0 1856.0
9946.0 1846.0
9947.0 1839.0
9953.0 1833.0
9960.0 1832.0
9962.0 1830.0
9963.0 1828.0
9964.0 1827.0
9966.0 1826.0
9967.0 1825.0
9969.0 1823.0
9970.0 1821.0
9972.0 1820.0
9973.0 1819.0
9975.0 1817.0
9977.0 1812.0
9980.0 1809.0
9983.0 1806.0
9987.0 1803.0
9990.0 1799.0
9997.0 1798.0
10000.0 1794.0
10002.0 1793.0
10003.0 1792.0
10005.0 1790.0
10007.0 1782.0
10009.0 1775.0
10013.0 1765.0
10023.0 1760.0
10032.0 1757.0
10033.0 1755.0
10037.0 1749.0
10040.0 1745.0
10042.0 1743.0
10043.0 1740.0
10044.0 1735.0
10050.0 1729.0
10054.0 1726.0
10057.0 1722.0
10058.0 1720.0
10062.0 1717.0
10064.0 1711.0
10068.0 1708.0
10074.0 1705.0
10078.0 1702.0
10082.0 1699.0
10088.0 1696.0
10092.0 1693.0
10093.0 1689.0
10097.0 1686.0
10103.0 1683.0
10107.0 1680.0
10111.0 1677.0
10117.0 1674.0
10121.0 1671.0
10128.0 1668.0
10134.0 1665.0
10138.0 1662.0
10140.0 1658.0
10144.0 1655.0
10154.0 1649.0
10158.0 1646.0
10169.0 1643.0
10171.0 1640.0
10175.0 1637.0
10184.0 1634.0
10187.0 1629.0
10192.0 1628.0
10201.0 1624.0
10204.0 1616.0
10209.0 1615.0
10222.0 1608.0
10224.0 1603.0
10229.0 1602.0
10230.0 1597.0
10238.0 1591.0
10255.0 1578.0
10266.0 1576.0
10280.0 1570.0
10288.0 1569.0
10293.0 1563.0
10308.0 1562.0
10313.0 1561.0
10315.0 1560.0
10318.0 1556.0
10322.0 1552.0
10325.0 1549.0
10342.0 1548.0
10347.0 1545.0
10354.0 1538.0
10364.0 1537.0
10368.0 1535.0
10385.0 1532.0
10388.0 1528.0
10393.0 1526.0
10402.0 1525.0
10406.0 1523.0
10411.0 1521.0
10412.0 1520.0
10415.0 1519.0
10417.0 1518.0
10420.0 1517.0
10422.0 1516.0
10428.0 1511.0
10433.0 1509.0
10449.0 1508.0
10451.0 1507.0
10453.0 1504.0
10458.0 1502.0
10470.0 1498.0
10471.0 1496.0
10476.0 1494.0
10488.0 1491.0
10493.0 1489.0
10506.0 1486.0
10511.0 1484.0
10513.0 1483.0
10518.0 1481.0
10530.0 1478.0
10535.0 1476.0
10548.0 1473.0
10553.0 1471.0
10559.0 1470.0
10563.0 1469.0
10573.0 1467.0
10574.0 1464.0
10576.0 1463.0
10579.0 1462.0
10581.0 1461.0
10607.0 1460.0
10610.0 1459.0
10612.0 1458.0
10615.0 1457.0
10618.0 1456.0
10620.0 1455.0
10646.0 1454.0
10649.0 1453.0
10651.0 1452.0
10662.0 1448.0
10664.0 1447.0
10667.0 1446.0
10669.0 1445.0
10700.0 1444.0
10712.0 1443.0
10738.0 1442.0
10781.0 1440.0
10877.0 1438.0
