12981.0 3434.0
12982.0 3412.0
12987.0 3408.0
12988.0 3400.0
12991.0 3397.0
12993.0 3379.0
12998.0 3375.0
13000.0 3367.0
13002.0 3364.0
13005.0 3345.0
13011.0 3325.0
13020.0 3313.0
13025.0 3297.0
13028.0 3294.0
13029.0 3290.0
13031.0 3285.0
13035.0 3281.0
13036.0 3269.0
13039.0 3260.0
13045.0 3257.0
13047.0 3255.0
13048.0 3246.0
13049.0 3242.0
13051.0 3237.0
13053.0 3234.0
13055.0 3230.0
13056.0 3221.0
13057.0 3210.0
13060.0 3193.0
13063.0 3178.0
13066.0 3148.0
13070.0 3146.0
13071.0 3142.0
13072.0 3116.0
13076.0 3114.0
13077.0 3110.0
13081.0 3108.0
13084.0 3107.0
13087.0 3106.0
13088.0 3105.0
13089.0 3097.0
13093.0 3095.0
13096.0 3093.0
13098.0 3091.0
13100.0 3088.0
13104.0 3086.0
13108.0 3085.0
13109.0 3084.0
13112.0 3083.0
13113.0 3081.0
13115.0 3080.0
13117.0 3079.0
13118.0 3074.0
13121.0 3072.0
13128.0 3069.0
13132.0 3067.0
13134.0 3064.0
13136.0 3061.0
13138.0 3058.0
13140.0 3055.0
13149.0 3054.0
13150.0 3043.0
13154.0 3041.0
13155.0 3036.0
13159.0 3034.0
13162.0 3030.0
13166.0 3024.0
13167.0 3017.0
13171.0 3015.0
13174.0 3013.0
13178.0 3011.0
13181.0 3007.0
13185.0 3001.0
13186.0 2994.0
13190.0 2992.0
13196.0 2991.0
13200.0 2989.0
13203.0 2985.0
13211.0 2983.0
13212.0 2973.0
13216.0 2971.0
13222.0 2970.0
13226.0 2968.0
13229.0 2964.0
13236.0 2963.0
13239.0 2961.0
13240.0 2959.0
13241.0 2956.0
13243.0 2951.0
13250.0 2949.0
13254.0 2948.0
13259.0 2945.0
13261.0 2940.0
13265.0 2937.0
13271.0 2933.0
13273.0 2925.0
13280.0 2921.0
13285.0 2917.0
13288.0 2909.0
13299.0 2899.0
13303.0 2897.0
13309.0 2892.0
13313.0 2891.0
13315.0 2889.0
13317.0 2888.0
13318.0 2881.0
13329.0 2871.0
13336.0 2869.0
13339.0 2864.0
13346.0 2862.0
13347.0 2860.0
13356.0 2858.0
13357.0 2853.0
13366.0 2851.0
13370.0 2849.0
13375.0 2847.0
13377.0 2838.0
13382.0 2837.0
13387.0 2829.0
13392.0 2828.0
13401.0 2825.0
13405.0 2823.0
13407.0 2821.0
13411.0 2812.0
13416.0 2811.0
13421.0 2803.0
13426.0 2802.0
13442.0 2800.0
13444.0 2795.0
13448.0 2793.0
13452.0 2791.0
13457.0 2789.0
13462.0 2788.0
13465.0 2787.0
13469.0 2785.0
13472.0 2784.0
13474.0 2782.0
13478.0 2781.0
13481.0 2776.0
13485.0 2775.0
13492.0 2770.0
13499.0 2765.0
13502.0 2763.0
13503.0 2761.0
13509.0 2758.0
13516.0 2752.0
13526.0 2745.0
13527.0 2743.0
13540.0 2742.0
13544.0 2738.0
13546.0 2737.0
13551.0 2736.0
13552.0 2734.0
13553.0 2732.0
13558.0 2730.0
13567.0 2727.0
13570.0 2719.0
13583.0 2718.0
13586.0 2717.0
13594.0 2711.0
13604.0 2710.0
13606.0 2708.0
13614.0 2706.0
13626.0 2704.0
13628.0 2702.0
13630.0 2700.0
13634.0 2699.0
13640.0 2691.0
13650.0 2688.0
13652.0 2685.0
13654.0 2684.0
13657.0 2683.0
13662.0 2682.0
13663.0 2681.0
13666.0 2680.0
13667.0 2677.0
13675.0 2676.0
13676.0 2674.0
13683.0 2672.0
13691.0 2671.0
13694.0 2670.0
13700.0 2669.0
13703.0 2667.0
13704.0 2666.0
13710.0 2665.0
13718.0 2664.0
13719.0 2660.0
13727.0 2659.0
13731.0 2657.0
13739.0 2656.0
13746.0 2653.0
13747.0 2652.0
13753.0 2651.0
13755.0 2650.0
13757.0 2649.0
13760.0 2647.0
13766.0 2644.0
13769.0 2643.0
13776.0 2641.0
13780.0 2637.0
13782.0 2636.0
13790.0 2635.0
13793.0 2630.0
13801.0 2629.0
13814.0 2628.0
13819.0 2622.0
13827.0 2621.0
13846.0 2615.0
13866.0 2613.0
13869.0 2612.0
13876.0 2611.0
13880.0 2606.0
13882.0 2605.0
13891.0 2604.0
13893.0 2599.0
13902.0 2598.0
13915.0 2597.0
13919.0 2591.0
13928.0 2590.0
14041.0 2588.0
