97.0 1208.0
99.0 1190.0
100.0 1184.0
101.0 1183.0
102.0 1173.0
103.0 1104.0
104.0 1102.0
105.0 1076.0
106.0 1074.0
107.0 1062.0
108.0 1058.0
109.0 1050.0
110.0 1044.0
111.0 1039.0
112.0 1031.0
113.0 1025.0
114.0 1016.0
115.0 1010.0
116.0 1002.0
117.0 988.0
118.0 987.0
119.0 978.0
120.0 977.0
121.0 969.0
122.0 960.0
123.0 957.0
124.0 953.0
125.0 947.0
126.0 942.0
127.0 940.0
128.0 929.0
129.0 928.0
130.0 922.0
131.0 917.0
132.0 911.0
133.0 909.0
134.0 904.0
136.0 897.0
137.0 896.0
138.0 894.0
139.0 893.0
143.0 888.0
144.0 884.0
145.0 883.0
151.0 882.0
153.0 880.0
155.0 879.0
158.0 878.0
159.0 875.0
161.0 872.0
164.0 869.0
165.0 867.0
166.0 866.0
167.0 863.0
169.0 860.0
173.0 858.0
