521.0 1383.0
522.0 1365.0
523.0 1350.0
524.0 1346.0
525.0 1337.0
526.0 1333.0
527.0 1311.0
528.0 1301.0
530.0 1293.0
532.0 1284.0
533.0 1277.0
534.0 1264.0
536.0 1256.0
537.0 1253.0
538.0 1251.0
539.0 1245.0
540.0 1238.0
541.0 1228.0
542.0 1219.0
543.0 1213.0
544.0 1206.0
545.0 1203.0
546.0 1197.0
550.0 1194.0
551.0 1187.0
552.0 1181.0
555.0 1175.0
556.0 1172.0
557.0 1168.0
558.0 1166.0
559.0 1160.0
560.0 1159.0
561.0 1153.0
563.0 1151.0
564.0 1150.0
565.0 1143.0
567.0 1136.0
569.0 1135.0
570.0 1133.0
571.0 1132.0
572.0 1128.0
573.0 1127.0
574.0 1121.0
575.0 1120.0
578.0 1118.0
579.0 1117.0
580.0 1113.0
581.0 1110.0
582.0 1106.0
583.0 1105.0
586.0 1103.0
587.0 1102.0
588.0 1098.0
592.0 1095.0
600.0 1093.0
605.0 1090.0
606.0 1087.0
607.0 1085.0
608.0 1079.0
610.0 1076.0
612.0 1072.0
614.0 1069.0
618.0 1066.0
622.0 1063.0
626.0 1062.0
630.0 1059.0
