16465.0 1386.0
16468.0 1378.0
16474.0 1363.0
16475.0 1360.0
16477.0 1355.0
16478.0 1352.0
16485.0 1348.0
16486.0 1345.0
16487.0 1344.0
16488.0 1340.0
16489.0 1337.0
16490.0 1336.0
16492.0 1330.0
16493.0 1328.0
16495.0 1324.0
16498.0 1316.0
16503.0 1315.0
16504.0 1314.0
16506.0 1309.0
16507.0 1306.0
16509.0 1301.0
16518.0 1293.0
16524.0 1289.0
16528.0 1283.0
16529.0 1280.0
16535.0 1275.0
16537.0 1273.0
16539.0 1268.0
16547.0 1255.0
16556.0 1251.0
16558.0 1249.0
16564.0 1247.0
16568.0 1236.0
16569.0 1234.0
16575.0 1232.0
16581.0 1222.0
16588.0 1220.0
16593.0 1215.0
16599.0 1213.0
16603.0 1209.0
16604.0 1207.0
16606.0 1202.0
16612.0 1200.0
16616.0 1193.0
16621.0 1188.0
16627.0 1186.0
16635.0 1178.0
16648.0 1171.0
16654.0 1169.0
16656.0 1164.0
16658.0 1158.0
16671.0 1157.0
16673.0 1156.0
16675.0 1150.0
16685.0 1144.0
16689.0 1143.0
16692.0 1135.0
16700.0 1133.0
16709.0 1129.0
16717.0 1121.0
16727.0 1119.0
16728.0 1116.0
16732.0 1115.0
16734.0 1113.0
16737.0 1112.0
16744.0 1107.0
16752.0 1103.0
16755.0 1102.0
16761.0 1099.0
16764.0 1098.0
16769.0 1091.0
16780.0 1086.0
16786.0 1083.0
16789.0 1082.0
16798.0 1081.0
16801.0 1080.0
16814.0 1078.0
16823.0 1077.0
16826.0 1076.0
16830.0 1074.0
16843.0 1070.0
16846.0 1067.0
16868.0 1066.0
16871.0 1065.0
16884.0 1063.0
16893.0 1062.0
16896.0 1061.0
16900.0 1059.0
16904.0 1057.0
16913.0 1055.0
16916.0 1052.0
16959.0 1050.0
16972.0 1046.0
16997.0 1045.0
17000.0 1043.0
17010.0 1041.0
17013.0 1038.0
17036.0 1037.0
17056.0 1036.0
17069.0 1032.0
17092.0 1031.0
17111.0 1029.0
17141.0 1028.0
17172.0 1023.0
17371.0 1022.0
17384.0 1019.0
