5346.0 734.0
5354.0 717.0
5364.0 698.0
5365.0 684.0
5369.0 664.0
5387.0 640.0
5401.0 632.0
5411.0 630.0
5421.0 627.0
5422.0 624.0
5425.0 622.0
5432.0 621.0
5438.0 620.0
5440.0 618.0
5442.0 610.0
5446.0 605.0
5455.0 602.0
5459.0 597.0
5480.0 596.0
5488.0 590.0
5491.0 583.0
5493.0 579.0
5497.0 574.0
5512.0 571.0
5516.0 566.0
5539.0 564.0
5547.0 561.0
5564.0 560.0
5570.0 559.0
5580.0 558.0
5583.0 557.0
5584.0 556.0
5585.0 554.0
5600.0 553.0
5628.0 552.0
5635.0 550.0
5639.0 546.0
5651.0 545.0
5654.0 541.0
5667.0 540.0
5673.0 538.0
5675.0 536.0
5676.0 535.0
5679.0 531.0
5697.0 530.0
5700.0 526.0
5724.0 525.0
5731.0 522.0
5745.0 520.0
5758.0 517.0
5776.0 516.0
5789.0 513.0
5846.0 510.0
5871.0 507.0
5874.0 506.0
5877.0 505.0
