24730.0 7753.0
24731.0 7727.0
24734.0 7707.0
24739.0 7696.0
24743.0 7692.0
24748.0 7681.0
24754.0 7676.0
24757.0 7674.0
24759.0 7665.0
24761.0 7664.0
24762.0 7660.0
24763.0 7650.0
24765.0 7640.0
24768.0 7639.0
24770.0 7629.0
24774.0 7625.0
24776.0 7593.0
24777.0 7589.0
24780.0 7573.0
24784.0 7528.0
24789.0 7520.0
24790.0 7515.0
24791.0 7507.0
24792.0 7503.0
24793.0 7492.0
24795.0 7476.0
24796.0 7472.0
24797.0 7461.0
24799.0 7456.0
24803.0 7448.0
24805.0 7443.0
24809.0 7436.0
24811.0 7431.0
24812.0 7430.0
24815.0 7423.0
24817.0 7418.0
24818.0 7417.0
24820.0 7409.0
24821.0 7405.0
24822.0 7394.0
24824.0 7389.0
24828.0 7382.0
24830.0 7377.0
24834.0 7369.0
24835.0 7360.0
24839.0 7352.0
24841.0 7347.0
24845.0 7343.0
24847.0 7339.0
24848.0 7337.0
24850.0 7329.0
24851.0 7327.0
24852.0 7318.0
24856.0 7317.0
24858.0 7309.0
24862.0 7308.0
24863.0 7304.0
24865.0 7303.0
24866.0 7296.0
24867.0 7287.0
24871.0 7284.0
24873.0 7278.0
24878.0 7276.0
24879.0 7275.0
24880.0 7272.0
24881.0 7271.0
24882.0 7263.0
24885.0 7262.0
24886.0 7253.0
24890.0 7243.0
24892.0 7239.0
24894.0 7235.0
24896.0 7231.0
24901.0 7229.0
24902.0 7218.0
24904.0 7214.0
24906.0 7210.0
24908.0 7206.0
24913.0 7194.0
24915.0 7190.0
24916.0 7187.0
24918.0 7183.0
24919.0 7181.0
24921.0 7177.0
24925.0 7174.0
24926.0 7173.0
24927.0 7170.0
24928.0 7168.0
24929.0 7167.0
24930.0 7164.0
24933.0 7159.0
24935.0 7155.0
24936.0 7152.0
24938.0 7148.0
24939.0 7146.0
24941.0 7142.0
24945.0 7139.0
24946.0 7138.0
24947.0 7135.0
24948.0 7133.0
24949.0 7132.0
24950.0 7129.0
24954.0 7128.0
24955.0 7125.0
24957.0 7121.0
24958.0 7118.0
24960.0 7114.0
24965.0 7111.0
24966.0 7108.0
24967.0 7105.0
24968.0 7104.0
24969.0 7101.0
24973.0 7100.0
24974.0 7098.0
24975.0 7096.0
24976.0 7093.0
24978.0 7089.0
24982.0 7088.0
24983.0 7085.0
24984.0 7083.0
24985.0 7080.0
24986.0 7079.0
24987.0 7076.0
24991.0 7075.0
24992.0 7072.0
24993.0 7071.0
24994.0 7068.0
24999.0 7060.0
25003.0 7056.0
25005.0 7052.0
25006.0 7050.0
25010.0 7048.0
25012.0 7044.0
25017.0 7039.0
25018.0 7031.0
25021.0 7030.0
25025.0 7021.0
25028.0 7019.0
25031.0 7016.0
25035.0 7015.0
25036.0 7012.0
25038.0 7006.0
25040.0 7001.0
25043.0 6999.0
25047.0 6990.0
25053.0 6986.0
25057.0 6984.0
25058.0 6982.0
25060.0 6975.0
25062.0 6970.0
25067.0 6965.0
25069.0 6961.0
25074.0 6960.0
25075.0 6955.0
25080.0 6951.0
25081.0 6950.0
25083.0 6949.0
25084.0 6939.0
25088.0 6938.0
25089.0 6932.0
25093.0 6931.0
25094.0 6929.0
25095.0 6925.0
25099.0 6924.0
25100.0 6923.0
25101.0 6920.0
25103.0 6918.0
25105.0 6916.0
25106.0 6913.0
25107.0 6906.0
25112.0 6899.0
25116.0 6896.0
25117.0 6892.0
25121.0 6889.0
25125.0 6887.0
25127.0 6883.0
25129.0 6882.0
25130.0 6880.0
25133.0 6878.0
25135.0 6877.0
25137.0 6875.0
25138.0 6871.0
25139.0 6868.0
25141.0 6867.0
25142.0 6865.0
25144.0 6861.0
25146.0 6860.0
25147.0 6858.0
25150.0 6856.0
25152.0 6855.0
25153.0 6853.0
25155.0 6849.0
25159.0 6846.0
25161.0 6844.0
25163.0 6843.0
25164.0 6841.0
25169.0 6838.0
25172.0 6837.0
25173.0 6835.0
25174.0 6829.0
25176.0 6828.0
25177.0 6826.0
25179.0 6822.0
25181.0 6821.0
25182.0 6819.0
25185.0 6817.0
25189.0 6814.0
25190.0 6810.0
25195.0 6808.0
25196.0 6807.0
25198.0 6805.0
25199.0 6804.0
25200.0 6802.0
25203.0 6799.0
25210.0 6798.0
25211.0 6794.0
25213.0 6793.0
25215.0 6791.0
25216.0 6790.0
25218.0 6786.0
25221.0 6783.0
25223.0 6782.0
25224.0 6781.0
25228.0 6778.0
25229.0 6774.0
25233.0 6770.0
25237.0 6769.0
25238.0 6763.0
25241.0 6761.0
25246.0 6759.0
25253.0 6758.0
25256.0 6756.0
25258.0 6751.0
25263.0 6750.0
25265.0 6749.0
25266.0 6747.0
25268.0 6742.0
25274.0 6738.0
25279.0 6731.0
25282.0 6729.0
25286.0 6728.0
25287.0 6722.0
25292.0 6720.0
25293.0 6719.0
25295.0 6718.0
25298.0 6715.0
25300.0 6711.0
25305.0 6707.0
25310.0 6704.0
25313.0 6700.0
25320.0 6694.0
25325.0 6687.0
25335.0 6686.0
25336.0 6682.0
25341.0 6681.0
25342.0 6680.0
25343.0 6676.0
25345.0 6675.0
25348.0 6673.0
25350.0 6671.0
25351.0 6669.0
25356.0 6668.0
25358.0 6663.0
25361.0 6661.0
25363.0 6656.0
25373.0 6655.0
25374.0 6651.0
25380.0 6649.0
25387.0 6646.0
25389.0 6642.0
25395.0 6641.0
25396.0 6640.0
25399.0 6639.0
25400.0 6638.0
25402.0 6637.0
25404.0 6635.0
25408.0 6633.0
25410.0 6632.0
25411.0 6631.0
25417.0 6630.0
25419.0 6626.0
25422.0 6623.0
25430.0 6618.0
25441.0 6614.0
25448.0 6613.0
25456.0 6612.0
25458.0 6610.0
25459.0 6609.0
25465.0 6607.0
25468.0 6606.0
25470.0 6602.0
25475.0 6599.0
25477.0 6594.0
25480.0 6593.0
25485.0 6589.0
25488.0 6588.0
25493.0 6584.0
25501.0 6579.0
25517.0 6578.0
25518.0 6577.0
25519.0 6574.0
25525.0 6573.0
25528.0 6572.0
25529.0 6570.0
25533.0 6568.0
25536.0 6567.0
25539.0 6566.0
25541.0 6563.0
25549.0 6558.0
25566.0 6556.0
25569.0 6554.0
25577.0 6549.0
25590.0 6547.0
25594.0 6546.0
25595.0 6544.0
25598.0 6539.0
25601.0 6538.0
25611.0 6537.0
25612.0 6534.0
25614.0 6529.0
25624.0 6528.0
25631.0 6527.0
25633.0 6522.0
25642.0 6520.0
25647.0 6519.0
25653.0 6517.0
25654.0 6516.0
25655.0 6514.0
25658.0 6513.0
25660.0 6510.0
25669.0 6509.0
25671.0 6504.0
25682.0 6502.0
25685.0 6501.0
25691.0 6499.0
25695.0 6498.0
25696.0 6497.0
25698.0 6492.0
25711.0 6491.0
25715.0 6490.0
25718.0 6487.0
25725.0 6485.0
25726.0 6483.0
25738.0 6479.0
25746.0 6478.0
25749.0 6477.0
25752.0 6473.0
25765.0 6472.0
25766.0 6470.0
25772.0 6468.0
25775.0 6467.0
25778.0 6465.0
25785.0 6464.0
25791.0 6463.0
25792.0 6460.0
25793.0 6458.0
25794.0 6457.0
25796.0 6456.0
25803.0 6453.0
25805.0 6451.0
25807.0 6450.0
25810.0 6449.0
25812.0 6448.0
25814.0 6447.0
25815.0 6442.0
25826.0 6436.0
25833.0 6431.0
25842.0 6427.0
25844.0 6425.0
25854.0 6421.0
25864.0 6420.0
25866.0 6418.0
25872.0 6417.0
25875.0 6415.0
25878.0 6413.0
25887.0 6409.0
25890.0 6407.0
25899.0 6406.0
25902.0 6404.0
25911.0 6401.0
25918.0 6399.0
25923.0 6395.0
25933.0 6394.0
25935.0 6392.0
25942.0 6390.0
25948.0 6385.0
25965.0 6384.0
25970.0 6380.0
25975.0 6378.0
25976.0 6377.0
25981.0 6373.0
26003.0 6370.0
26022.0 6367.0
26026.0 6366.0
26042.0 6365.0
26044.0 6364.0
26047.0 6363.0
26048.0 6362.0
26053.0 6358.0
26065.0 6356.0
26070.0 6355.0
26086.0 6353.0
26087.0 6352.0
26092.0 6348.0
26114.0 6345.0
26131.0 6344.0
26153.0 6341.0
26171.0 6338.0
26197.0 6337.0
26224.0 6336.0
26303.0 6335.0
26314.0 6334.0
26316.0 6333.0
26321.0 6332.0
26324.0 6330.0
26326.0 6329.0
26329.0 6328.0
26331.0 6327.0
26357.0 6326.0
26360.0 6324.0
26362.0 6323.0
26365.0 6322.0
26367.0 6321.0
26411.0 6320.0
26412.0 6318.0
26417.0 6316.0
26436.0 6315.0
26441.0 6313.0
26447.0 6312.0
26449.0 6311.0
26452.0 6310.0
26547.0 6309.0
26552.0 6308.0
26813.0 6307.0
26825.0 6304.0
26827.0 6303.0
26849.0 6302.0
26851.0 6299.0
26868.0 6298.0
26871.0 6297.0
26879.0 6296.0
26880.0 6295.0
26885.0 6293.0
26894.0 6291.0
26896.0 6290.0
26903.0 6289.0
26910.0 6286.0
26917.0 6285.0
26926.0 6283.0
26928.0 6282.0
26942.0 6278.0
26958.0 6277.0
26960.0 6276.0
26970.0 6275.0
26974.0 6272.0
27002.0 6269.0
27037.0 6268.0
27047.0 6267.0
27051.0 6264.0
27079.0 6261.0
