14.0 124.0
27.0 77.0
14.0 124.0
27.0 77.0
20.0 91.0
24.0 78.0
22.0 83.0
19.0 100.0
22.0 83.0
20.0 91.0
17.0 108.0
18.0 101.0
15.0 117.0
15.0 117.0
16.0 111.0
24.0 78.0
16.0 111.0
17.0 108.0
18.0 101.0
19.0 100.0
27.0 77.0
14.0 124.0
22.0 83.0
20.0 91.0
15.0 117.0
24.0 78.0
16.0 111.0
17.0 108.0
18.0 101.0
19.0 100.0
14.0 124.0
27.0 77.0
22.0 83.0
20.0 91.0
15.0 117.0
24.0 78.0
16.0 111.0
17.0 108.0
18.0 101.0
19.0 100.0
27.0 77.0
14.0 124.0
22.0 83.0
20.0 91.0
15.0 117.0
24.0 78.0
16.0 111.0
17.0 108.0
18.0 101.0
19.0 100.0
27.0 77.0
14.0 124.0
22.0 83.0
20.0 91.0
15.0 117.0
24.0 78.0
16.0 111.0
17.0 108.0
18.0 101.0
19.0 100.0
27.0 77.0
14.0 124.0
22.0 83.0
20.0 91.0
15.0 117.0
24.0 78.0
16.0 111.0
17.0 108.0
18.0 101.0
19.0 100.0
14.0 124.0
27.0 77.0
22.0 83.0
20.0 91.0
15.0 117.0
24.0 78.0
16.0 111.0
17.0 108.0
18.0 101.0
19.0 100.0
14.0 124.0
27.0 77.0
22.0 83.0
20.0 91.0
15.0 117.0
24.0 78.0
16.0 111.0
17.0 108.0
18.0 101.0
19.0 100.0
27.0 77.0
14.0 124.0
22.0 83.0
20.0 91.0
15.0 117.0
24.0 78.0
16.0 111.0
17.0 108.0
18.0 101.0
19.0 100.0
