75.0 103.0
51.0 163.0
51.0 163.0
75.0 103.0
63.0 117.0
66.0 116.0
52.0 162.0
53.0 156.0
54.0 150.0
53.0 156.0
54.0 150.0
55.0 144.0
69.0 111.0
73.0 105.0
55.0 144.0
56.0 139.0
57.0 134.0
56.0 139.0
71.0 110.0
67.0 114.0
60.0 128.0
62.0 121.0
61.0 124.0
69.0 111.0
67.0 114.0
61.0 124.0
72.0 108.0
62.0 121.0
73.0 105.0
57.0 134.0
58.0 132.0
59.0 130.0
58.0 132.0
59.0 130.0
72.0 108.0
60.0 128.0
63.0 117.0
52.0 162.0
71.0 110.0
66.0 116.0
51.0 163.0
75.0 103.0
53.0 156.0
54.0 150.0
55.0 144.0
56.0 139.0
69.0 111.0
67.0 114.0
61.0 124.0
62.0 121.0
73.0 105.0
57.0 134.0
72.0 108.0
60.0 128.0
58.0 132.0
59.0 130.0
63.0 117.0
66.0 116.0
71.0 110.0
52.0 162.0
51.0 163.0
75.0 103.0
54.0 150.0
53.0 156.0
55.0 144.0
56.0 139.0
69.0 111.0
67.0 114.0
61.0 124.0
62.0 121.0
73.0 105.0
57.0 134.0
72.0 108.0
60.0 128.0
59.0 130.0
58.0 132.0
63.0 117.0
71.0 110.0
66.0 116.0
52.0 162.0
51.0 163.0
75.0 103.0
53.0 156.0
54.0 150.0
55.0 144.0
56.0 139.0
69.0 111.0
67.0 114.0
61.0 124.0
62.0 121.0
73.0 105.0
57.0 134.0
59.0 130.0
72.0 108.0
58.0 132.0
60.0 128.0
63.0 117.0
66.0 116.0
71.0 110.0
52.0 162.0
