387.0 656.0
349.0 741.0
349.0 741.0
387.0 656.0
350.0 735.0
352.0 715.0
380.0 661.0
380.0 661.0
367.0 679.0
363.0 684.0
357.0 695.0
376.0 663.0
360.0 694.0
372.0 669.0
369.0 674.0
355.0 702.0
355.0 702.0
352.0 715.0
350.0 735.0
353.0 709.0
372.0 669.0
375.0 666.0
363.0 684.0
369.0 674.0
367.0 679.0
361.0 689.0
353.0 709.0
361.0 689.0
357.0 695.0
375.0 666.0
376.0 663.0
360.0 694.0
387.0 656.0
349.0 741.0
380.0 661.0
355.0 702.0
352.0 715.0
350.0 735.0
372.0 669.0
363.0 684.0
369.0 674.0
367.0 679.0
353.0 709.0
361.0 689.0
357.0 695.0
375.0 666.0
376.0 663.0
360.0 694.0
349.0 741.0
387.0 656.0
380.0 661.0
355.0 702.0
352.0 715.0
350.0 735.0
372.0 669.0
363.0 684.0
369.0 674.0
367.0 679.0
353.0 709.0
361.0 689.0
357.0 695.0
375.0 666.0
376.0 663.0
360.0 694.0
349.0 741.0
387.0 656.0
380.0 661.0
355.0 702.0
352.0 715.0
350.0 735.0
372.0 669.0
363.0 684.0
369.0 674.0
367.0 679.0
353.0 709.0
361.0 689.0
357.0 695.0
375.0 666.0
376.0 663.0
360.0 694.0
387.0 656.0
349.0 741.0
380.0 661.0
355.0 702.0
352.0 715.0
350.0 735.0
372.0 669.0
363.0 684.0
369.0 674.0
367.0 679.0
353.0 709.0
361.0 689.0
357.0 695.0
375.0 666.0
376.0 663.0
360.0 694.0
349.0 741.0
387.0 656.0
380.0 661.0
355.0 702.0
