40.0 637.0
21.0 746.0
40.0 637.0
21.0 746.0
22.0 733.0
23.0 715.0
36.0 648.0
33.0 651.0
22.0 733.0
29.0 676.0
30.0 665.0
24.0 706.0
25.0 696.0
23.0 715.0
24.0 706.0
25.0 696.0
31.0 661.0
26.0 689.0
32.0 654.0
27.0 686.0
28.0 680.0
39.0 642.0
30.0 665.0
28.0 680.0
31.0 661.0
29.0 676.0
33.0 651.0
26.0 689.0
32.0 654.0
37.0 645.0
27.0 686.0
36.0 648.0
38.0 644.0
39.0 642.0
37.0 645.0
38.0 644.0
21.0 746.0
40.0 637.0
22.0 733.0
23.0 715.0
24.0 706.0
25.0 696.0
30.0 665.0
28.0 680.0
29.0 676.0
31.0 661.0
33.0 651.0
26.0 689.0
32.0 654.0
27.0 686.0
36.0 648.0
39.0 642.0
37.0 645.0
38.0 644.0
40.0 637.0
21.0 746.0
22.0 733.0
23.0 715.0
24.0 706.0
25.0 696.0
30.0 665.0
28.0 680.0
29.0 676.0
31.0 661.0
33.0 651.0
26.0 689.0
32.0 654.0
36.0 648.0
27.0 686.0
39.0 642.0
37.0 645.0
38.0 644.0
40.0 637.0
21.0 746.0
22.0 733.0
23.0 715.0
24.0 706.0
25.0 696.0
30.0 665.0
28.0 680.0
29.0 676.0
31.0 661.0
33.0 651.0
32.0 654.0
26.0 689.0
27.0 686.0
36.0 648.0
39.0 642.0
37.0 645.0
38.0 644.0
40.0 637.0
21.0 746.0
22.0 733.0
23.0 715.0
24.0 706.0
25.0 696.0
30.0 665.0
28.0 680.0
29.0 676.0
31.0 661.0
