460.0 787.0
497.0 630.0
497.0 630.0
460.0 787.0
493.0 635.0
489.0 636.0
461.0 779.0
462.0 765.0
494.0 631.0
475.0 687.0
462.0 765.0
471.0 713.0
472.0 703.0
463.0 755.0
484.0 657.0
464.0 751.0
465.0 742.0
477.0 685.0
474.0 695.0
466.0 738.0
467.0 730.0
461.0 779.0
473.0 702.0
469.0 722.0
482.0 664.0
479.0 677.0
480.0 670.0
474.0 695.0
484.0 657.0
470.0 715.0
482.0 664.0
485.0 652.0
486.0 647.0
468.0 727.0
469.0 722.0
485.0 652.0
487.0 642.0
486.0 647.0
463.0 755.0
465.0 742.0
480.0 670.0
487.0 642.0
478.0 681.0
464.0 751.0
478.0 681.0
466.0 738.0
479.0 677.0
488.0 638.0
481.0 666.0
467.0 730.0
468.0 727.0
475.0 687.0
470.0 715.0
481.0 666.0
488.0 638.0
477.0 685.0
471.0 713.0
489.0 636.0
494.0 631.0
472.0 703.0
473.0 702.0
493.0 635.0
460.0 787.0
497.0 630.0
462.0 765.0
461.0 779.0
484.0 657.0
474.0 695.0
482.0 664.0
469.0 722.0
485.0 652.0
486.0 647.0
463.0 755.0
465.0 742.0
480.0 670.0
487.0 642.0
464.0 751.0
479.0 677.0
466.0 738.0
478.0 681.0
467.0 730.0
468.0 727.0
475.0 687.0
470.0 715.0
481.0 666.0
488.0 638.0
471.0 713.0
477.0 685.0
489.0 636.0
494.0 631.0
472.0 703.0
493.0 635.0
473.0 702.0
460.0 787.0
497.0 630.0
462.0 765.0
461.0 779.0
474.0 695.0
484.0 657.0
482.0 664.0
