330.0 1126.0
444.0 822.0
444.0 822.0
330.0 1126.0
431.0 828.0
417.0 845.0
426.0 844.0
355.0 982.0
356.0 966.0
412.0 848.0
335.0 1090.0
336.0 1073.0
337.0 1059.0
331.0 1125.0
332.0 1109.0
376.0 909.0
400.0 865.0
336.0 1073.0
333.0 1107.0
416.0 847.0
377.0 901.0
408.0 853.0
352.0 985.0
406.0 857.0
364.0 940.0
345.0 1023.0
404.0 858.0
346.0 1012.0
369.0 927.0
363.0 945.0
362.0 948.0
339.0 1051.0
430.0 833.0
374.0 911.0
391.0 880.0
389.0 884.0
351.0 987.0
385.0 889.0
380.0 896.0
382.0 892.0
427.0 842.0
430.0 833.0
334.0 1098.0
339.0 1051.0
398.0 867.0
385.0 889.0
337.0 1059.0
334.0 1098.0
335.0 1090.0
341.0 1045.0
402.0 860.0
360.0 957.0
359.0 958.0
380.0 896.0
395.0 875.0
427.0 842.0
348.0 1003.0
349.0 996.0
366.0 939.0
410.0 852.0
358.0 962.0
388.0 885.0
392.0 879.0
431.0 828.0
396.0 873.0
342.0 1040.0
344.0 1029.0
341.0 1045.0
343.0 1034.0
345.0 1023.0
382.0 892.0
373.0 914.0
371.0 919.0
377.0 901.0
343.0 1034.0
371.0 919.0
367.0 935.0
347.0 1008.0
350.0 992.0
361.0 953.0
342.0 1040.0
368.0 930.0
348.0 1003.0
344.0 1029.0
370.0 922.0
373.0 914.0
398.0 867.0
402.0 860.0
396.0 873.0
356.0 966.0
346.0 1012.0
349.0 996.0
392.0 879.0
358.0 962.0
395.0 875.0
388.0 885.0
367.0 935.0
347.0 1008.0
350.0 992.0
361.0 953.0
