504.0 1013.0
415.0 1303.0
504.0 1013.0
415.0 1303.0
416.0 1280.0
427.0 1197.0
428.0 1182.0
419.0 1247.0
425.0 1204.0
473.0 1043.0
416.0 1280.0
417.0 1264.0
478.0 1040.0
418.0 1261.0
424.0 1218.0
422.0 1234.0
423.0 1220.0
489.0 1027.0
456.0 1074.0
490.0 1024.0
443.0 1120.0
501.0 1014.0
432.0 1161.0
438.0 1133.0
446.0 1109.0
494.0 1023.0
470.0 1046.0
486.0 1028.0
430.0 1174.0
419.0 1247.0
421.0 1237.0
473.0 1043.0
497.0 1022.0
499.0 1019.0
453.0 1082.0
454.0 1077.0
428.0 1182.0
430.0 1174.0
494.0 1023.0
468.0 1050.0
482.0 1036.0
484.0 1032.0
441.0 1121.0
484.0 1032.0
451.0 1086.0
458.0 1066.0
425.0 1204.0
436.0 1146.0
431.0 1167.0
437.0 1139.0
427.0 1197.0
470.0 1046.0
421.0 1237.0
463.0 1058.0
499.0 1019.0
478.0 1040.0
463.0 1058.0
468.0 1050.0
449.0 1096.0
439.0 1131.0
431.0 1167.0
437.0 1139.0
433.0 1159.0
447.0 1104.0
450.0 1090.0
448.0 1098.0
434.0 1153.0
440.0 1125.0
465.0 1055.0
460.0 1063.0
480.0 1038.0
482.0 1036.0
480.0 1038.0
466.0 1053.0
461.0 1061.0
447.0 1104.0
501.0 1014.0
486.0 1028.0
497.0 1022.0
451.0 1086.0
450.0 1090.0
434.0 1153.0
440.0 1125.0
444.0 1116.0
457.0 1070.0
435.0 1149.0
445.0 1112.0
444.0 1116.0
453.0 1082.0
457.0 1070.0
417.0 1264.0
454.0 1077.0
458.0 1066.0
461.0 1061.0
466.0 1053.0
445.0 1112.0
435.0 1149.0
422.0 1234.0
465.0 1055.0
460.0 1063.0
