880.0 788.0
848.0 979.0
848.0 979.0
880.0 788.0
849.0 957.0
877.0 789.0
852.0 934.0
853.0 919.0
875.0 804.0
857.0 881.0
859.0 867.0
854.0 911.0
855.0 898.0
858.0 868.0
860.0 854.0
855.0 898.0
850.0 950.0
876.0 795.0
851.0 941.0
856.0 889.0
853.0 919.0
856.0 889.0
865.0 840.0
861.0 853.0
866.0 832.0
862.0 845.0
857.0 881.0
854.0 911.0
873.0 805.0
849.0 957.0
851.0 941.0
871.0 814.0
852.0 934.0
872.0 807.0
850.0 950.0
876.0 795.0
867.0 830.0
869.0 823.0
870.0 818.0
868.0 825.0
870.0 818.0
871.0 814.0
866.0 832.0
872.0 807.0
868.0 825.0
863.0 844.0
864.0 842.0
864.0 842.0
865.0 840.0
867.0 830.0
869.0 823.0
877.0 789.0
860.0 854.0
858.0 868.0
862.0 845.0
873.0 805.0
863.0 844.0
861.0 853.0
875.0 804.0
859.0 867.0
848.0 979.0
880.0 788.0
855.0 898.0
853.0 919.0
856.0 889.0
857.0 881.0
854.0 911.0
849.0 957.0
851.0 941.0
852.0 934.0
850.0 950.0
876.0 795.0
870.0 818.0
871.0 814.0
866.0 832.0
872.0 807.0
868.0 825.0
865.0 840.0
869.0 823.0
867.0 830.0
864.0 842.0
877.0 789.0
858.0 868.0
860.0 854.0
862.0 845.0
873.0 805.0
859.0 867.0
861.0 853.0
875.0 804.0
863.0 844.0
880.0 788.0
848.0 979.0
855.0 898.0
853.0 919.0
856.0 889.0
857.0 881.0
854.0 911.0
849.0 957.0
851.0 941.0
850.0 950.0
