1180.0 387.0
1446.0 285.0
1180.0 387.0
1446.0 285.0
1200.0 361.0
1196.0 376.0
1322.0 317.0
1420.0 292.0
1320.0 324.0
1276.0 333.0
1420.0 292.0
1254.0 338.0
1276.0 333.0
1404.0 294.0
1362.0 307.0
1340.0 316.0
1232.0 347.0
1382.0 306.0
1188.0 379.0
1242.0 345.0
1392.0 299.0
1228.0 353.0
1292.0 329.0
1304.0 325.0
1252.0 341.0
1404.0 294.0
1212.0 359.0
1242.0 345.0
1352.0 310.0
1254.0 338.0
1392.0 299.0
1292.0 329.0
1224.0 356.0
1390.0 302.0
1344.0 313.0
1362.0 307.0
1252.0 341.0
1228.0 353.0
1350.0 312.0
1218.0 357.0
1384.0 304.0
1212.0 359.0
1188.0 379.0
1352.0 310.0
1200.0 361.0
1232.0 347.0
1192.0 378.0
1196.0 376.0
1218.0 357.0
1384.0 304.0
1390.0 302.0
1344.0 313.0
1296.0 328.0
1300.0 327.0
1192.0 378.0
1340.0 316.0
1224.0 356.0
1296.0 328.0
1322.0 317.0
1304.0 325.0
1302.0 326.0
1382.0 306.0
1350.0 312.0
1320.0 324.0
1300.0 327.0
1302.0 326.0
1446.0 285.0
1180.0 387.0
1420.0 292.0
1276.0 333.0
1404.0 294.0
1242.0 345.0
1254.0 338.0
1392.0 299.0
1292.0 329.0
1362.0 307.0
1252.0 341.0
1228.0 353.0
1212.0 359.0
1188.0 379.0
1352.0 310.0
1200.0 361.0
1232.0 347.0
1196.0 376.0
1218.0 357.0
1384.0 304.0
1390.0 302.0
1344.0 313.0
1224.0 356.0
1296.0 328.0
1192.0 378.0
1340.0 316.0
1322.0 317.0
1304.0 325.0
1320.0 324.0
1350.0 312.0
1300.0 327.0
1382.0 306.0
1302.0 326.0
1446.0 285.0
