2672.0 659.0
3126.0 511.0
3126.0 511.0
2672.0 659.0
2688.0 613.0
2676.0 635.0
2716.0 601.0
2676.0 635.0
2716.0 601.0
2980.0 525.0
3030.0 523.0
2674.0 651.0
2688.0 613.0
2774.0 583.0
2782.0 575.0
2748.0 591.0
3090.0 513.0
2802.0 571.0
2812.0 564.0
2748.0 591.0
3088.0 515.0
3058.0 516.0
2976.0 527.0
2948.0 528.0
2754.0 587.0
2842.0 559.0
2830.0 563.0
2912.0 536.0
2842.0 559.0
2866.0 550.0
2674.0 651.0
2858.0 553.0
2932.0 534.0
2858.0 553.0
2884.0 549.0
2802.0 571.0
2782.0 575.0
2774.0 583.0
3046.0 520.0
2910.0 539.0
2754.0 587.0
3032.0 522.0
3056.0 518.0
3046.0 520.0
2900.0 540.0
2830.0 563.0
2944.0 530.0
2936.0 532.0
2894.0 545.0
2812.0 564.0
2890.0 547.0
2898.0 542.0
2866.0 550.0
2980.0 525.0
2936.0 532.0
2898.0 542.0
2944.0 530.0
2894.0 545.0
2890.0 547.0
2932.0 534.0
2884.0 549.0
3090.0 513.0
2912.0 536.0
3032.0 522.0
3030.0 523.0
3056.0 518.0
2948.0 528.0
2976.0 527.0
3058.0 516.0
2900.0 540.0
3088.0 515.0
2910.0 539.0
3126.0 511.0
2672.0 659.0
2676.0 635.0
2716.0 601.0
2688.0 613.0
2748.0 591.0
2842.0 559.0
2674.0 651.0
2858.0 553.0
2802.0 571.0
2782.0 575.0
2774.0 583.0
2754.0 587.0
3046.0 520.0
2830.0 563.0
2812.0 564.0
2866.0 550.0
2980.0 525.0
2936.0 532.0
2898.0 542.0
2890.0 547.0
2944.0 530.0
2894.0 545.0
2932.0 534.0
2884.0 549.0
3090.0 513.0
2912.0 536.0
3032.0 522.0
