8037.0 1218.0
8561.0 922.0
8037.0 1218.0
8561.0 922.0
8038.0 1195.0
8326.0 955.0
8078.0 1137.0
8417.0 943.0
8389.0 944.0
8210.0 1027.0
8557.0 924.0
8246.0 1006.0
8193.0 1034.0
8347.0 954.0
8221.0 1016.0
8072.0 1141.0
8086.0 1119.0
8105.0 1104.0
8506.0 932.0
8537.0 925.0
8255.0 991.0
8079.0 1127.0
8249.0 996.0
8486.0 933.0
8136.0 1076.0
8167.0 1053.0
8099.0 1106.0
8071.0 1148.0
8265.0 981.0
8183.0 1037.0
8350.0 950.0
8052.0 1172.0
8234.0 1013.0
8197.0 1029.0
8472.0 935.0
8166.0 1058.0
8365.0 949.0
8065.0 1150.0
8319.0 959.0
8306.0 961.0
8147.0 1071.0
8454.0 937.0
8255.0 991.0
8175.0 1050.0
8154.0 1066.0
8115.0 1092.0
8159.0 1060.0
8379.0 946.0
8472.0 935.0
8128.0 1083.0
8180.0 1044.0
8531.0 928.0
8519.0 929.0
8265.0 981.0
8046.0 1181.0
8136.0 1076.0
8432.0 941.0
8417.0 943.0
8052.0 1172.0
8085.0 1125.0
8111.0 1098.0
8046.0 1181.0
8288.0 974.0
8045.0 1187.0
8122.0 1090.0
8215.0 1018.0
8147.0 1071.0
8486.0 933.0
8365.0 949.0
8060.0 1158.0
8454.0 937.0
8276.0 975.0
8442.0 938.0
8379.0 946.0
8060.0 1158.0
8519.0 929.0
8506.0 932.0
8096.0 1112.0
8111.0 1098.0
8299.0 965.0
8292.0 969.0
8299.0 965.0
8154.0 1066.0
8123.0 1085.0
8180.0 1044.0
8234.0 1013.0
8270.0 977.0
8289.0 973.0
8092.0 1114.0
8242.0 1008.0
8249.0 996.0
8389.0 944.0
8038.0 1195.0
8059.0 1164.0
8044.0 1189.0
8058.0 1166.0
8214.0 1021.0
8242.0 1008.0
8440.0 940.0
8432.0 941.0
