27.0 162.0
27.0 162.0
27.0 162.0
28.0 159.0
22.0 177.0
22.0 177.0
29.0 155.0
22.0 177.0
27.0 162.0
29.0 155.0
22.0 177.0
27.0 162.0
28.0 159.0
23.0 174.0
29.0 155.0
27.0 162.0
22.0 177.0
28.0 159.0
24.0 172.0
21.0 183.0
20.0 192.0
22.0 177.0
20.0 192.0
24.0 172.0
20.0 192.0
26.0 164.0
24.0 172.0
29.0 155.0
29.0 155.0
26.0 164.0
20.0 192.0
23.0 174.0
26.0 164.0
23.0 174.0
23.0 174.0
20.0 192.0
26.0 164.0
31.0 152.0
20.0 192.0
25.0 165.0
21.0 183.0
25.0 165.0
24.0 172.0
28.0 159.0
28.0 159.0
28.0 159.0
27.0 162.0
21.0 183.0
20.0 192.0
24.0 172.0
25.0 165.0
29.0 155.0
23.0 174.0
31.0 152.0
28.0 159.0
29.0 155.0
28.0 159.0
25.0 165.0
24.0 172.0
25.0 165.0
29.0 155.0
21.0 183.0
25.0 165.0
20.0 192.0
22.0 177.0
24.0 172.0
28.0 159.0
31.0 152.0
24.0 172.0
23.0 174.0
20.0 192.0
25.0 165.0
23.0 174.0
31.0 152.0
26.0 164.0
21.0 183.0
25.0 165.0
31.0 152.0
31.0 152.0
29.0 155.0
26.0 164.0
22.0 177.0
21.0 183.0
21.0 183.0
26.0 164.0
26.0 164.0
21.0 183.0
24.0 172.0
23.0 174.0
26.0 164.0
20.0 192.0
31.0 152.0
27.0 162.0
25.0 165.0
31.0 152.0
21.0 183.0
22.0 177.0
31.0 152.0
23.0 174.0
27.0 162.0
