152.0 509.0
154.0 486.0
153.0 505.0
169.0 437.0
169.0 437.0
153.0 505.0
154.0 486.0
190.0 396.0
153.0 505.0
152.0 509.0
152.0 509.0
167.0 443.0
153.0 505.0
152.0 509.0
156.0 473.0
190.0 396.0
186.0 402.0
172.0 435.0
172.0 435.0
169.0 437.0
186.0 402.0
172.0 435.0
183.0 406.0
167.0 443.0
181.0 411.0
177.0 425.0
181.0 411.0
192.0 388.0
174.0 431.0
161.0 455.0
186.0 402.0
167.0 443.0
174.0 431.0
174.0 431.0
186.0 402.0
178.0 412.0
165.0 447.0
186.0 402.0
191.0 394.0
178.0 412.0
177.0 425.0
178.0 412.0
151.0 518.0
192.0 388.0
191.0 394.0
183.0 406.0
181.0 411.0
191.0 394.0
153.0 505.0
151.0 518.0
172.0 435.0
152.0 509.0
161.0 455.0
181.0 411.0
190.0 396.0
183.0 406.0
183.0 406.0
158.0 464.0
156.0 473.0
172.0 435.0
192.0 388.0
178.0 412.0
192.0 388.0
169.0 437.0
151.0 518.0
151.0 518.0
177.0 425.0
190.0 396.0
188.0 397.0
165.0 447.0
188.0 397.0
161.0 455.0
183.0 406.0
167.0 443.0
165.0 447.0
181.0 411.0
188.0 397.0
169.0 437.0
188.0 397.0
178.0 412.0
176.0 429.0
158.0 464.0
176.0 429.0
165.0 447.0
176.0 429.0
161.0 455.0
174.0 431.0
177.0 425.0
191.0 394.0
158.0 464.0
192.0 388.0
167.0 443.0
156.0 473.0
176.0 429.0
177.0 425.0
158.0 464.0
165.0 447.0
161.0 455.0
151.0 518.0
158.0 464.0
