255.0 536.0
246.0 580.0
255.0 536.0
255.0 536.0
249.0 562.0
255.0 536.0
242.0 613.0
256.0 532.0
280.0 498.0
280.0 498.0
248.0 565.0
262.0 515.0
246.0 580.0
273.0 500.0
249.0 562.0
262.0 515.0
260.0 523.0
256.0 532.0
255.0 536.0
280.0 498.0
246.0 580.0
262.0 515.0
280.0 498.0
264.0 513.0
247.0 571.0
273.0 500.0
264.0 513.0
252.0 543.0
242.0 613.0
247.0 571.0
242.0 613.0
257.0 528.0
260.0 523.0
249.0 562.0
268.0 502.0
262.0 515.0
280.0 498.0
247.0 571.0
250.0 558.0
273.0 500.0
280.0 498.0
255.0 536.0
262.0 515.0
252.0 543.0
257.0 528.0
260.0 523.0
247.0 571.0
242.0 613.0
253.0 539.0
254.0 538.0
257.0 528.0
254.0 538.0
242.0 613.0
261.0 519.0
261.0 519.0
248.0 565.0
261.0 519.0
257.0 528.0
254.0 538.0
264.0 513.0
273.0 500.0
242.0 613.0
261.0 519.0
258.0 527.0
273.0 500.0
253.0 539.0
258.0 527.0
253.0 539.0
247.0 571.0
253.0 539.0
256.0 532.0
261.0 519.0
247.0 571.0
258.0 527.0
260.0 523.0
249.0 562.0
252.0 543.0
254.0 538.0
258.0 527.0
258.0 527.0
248.0 565.0
261.0 519.0
264.0 513.0
260.0 523.0
264.0 513.0
254.0 538.0
251.0 549.0
268.0 502.0
257.0 528.0
251.0 549.0
251.0 549.0
251.0 549.0
252.0 543.0
262.0 515.0
253.0 539.0
264.0 513.0
273.0 500.0
251.0 549.0
260.0 523.0
251.0 549.0
