111.0 1039.0
111.0 1039.0
118.0 1001.0
107.0 1075.0
107.0 1075.0
107.0 1075.0
118.0 1001.0
124.0 966.0
149.0 930.0
117.0 1002.0
149.0 930.0
135.0 938.0
109.0 1055.0
113.0 1019.0
111.0 1039.0
127.0 960.0
117.0 1002.0
126.0 962.0
109.0 1055.0
126.0 962.0
108.0 1067.0
149.0 930.0
135.0 938.0
108.0 1067.0
118.0 1001.0
136.0 937.0
111.0 1039.0
124.0 966.0
119.0 987.0
124.0 966.0
109.0 1055.0
136.0 937.0
136.0 937.0
124.0 966.0
119.0 987.0
119.0 987.0
113.0 1019.0
123.0 970.0
127.0 960.0
117.0 1002.0
123.0 970.0
113.0 1019.0
108.0 1067.0
108.0 1067.0
109.0 1055.0
127.0 960.0
133.0 942.0
138.0 933.0
127.0 960.0
133.0 942.0
134.0 939.0
113.0 1019.0
134.0 939.0
107.0 1075.0
121.0 974.0
121.0 974.0
119.0 987.0
123.0 970.0
115.0 1006.0
138.0 933.0
138.0 933.0
131.0 944.0
121.0 974.0
133.0 942.0
113.0 1019.0
149.0 930.0
129.0 948.0
133.0 942.0
109.0 1055.0
134.0 939.0
118.0 1001.0
132.0 943.0
136.0 937.0
123.0 970.0
115.0 1006.0
128.0 956.0
132.0 943.0
131.0 944.0
128.0 956.0
138.0 933.0
132.0 943.0
129.0 948.0
135.0 938.0
129.0 948.0
119.0 987.0
111.0 1039.0
129.0 948.0
131.0 944.0
128.0 956.0
134.0 939.0
128.0 956.0
115.0 1006.0
117.0 1002.0
126.0 962.0
126.0 962.0
131.0 944.0
115.0 1006.0
121.0 974.0
135.0 938.0
132.0 943.0
