365.0 933.0
368.0 932.0
354.0 1032.0
368.0 932.0
384.0 881.0
361.0 977.0
361.0 977.0
383.0 883.0
368.0 932.0
362.0 965.0
361.0 977.0
377.0 902.0
361.0 977.0
363.0 950.0
358.0 979.0
380.0 890.0
354.0 1032.0
368.0 932.0
378.0 896.0
362.0 965.0
382.0 888.0
372.0 926.0
382.0 888.0
385.0 876.0
385.0 876.0
384.0 881.0
388.0 866.0
378.0 896.0
358.0 979.0
372.0 926.0
372.0 926.0
358.0 979.0
385.0 876.0
382.0 888.0
357.0 1005.0
357.0 1005.0
385.0 876.0
380.0 890.0
377.0 902.0
380.0 890.0
377.0 902.0
375.0 908.0
373.0 916.0
372.0 926.0
364.0 945.0
373.0 916.0
373.0 916.0
362.0 965.0
364.0 945.0
384.0 881.0
363.0 950.0
377.0 902.0
362.0 965.0
383.0 883.0
357.0 1005.0
383.0 883.0
357.0 1005.0
378.0 896.0
373.0 916.0
363.0 950.0
356.0 1012.0
358.0 979.0
356.0 1012.0
388.0 866.0
364.0 945.0
386.0 871.0
362.0 965.0
375.0 908.0
373.0 916.0
363.0 950.0
357.0 1005.0
386.0 871.0
386.0 871.0
364.0 945.0
375.0 908.0
358.0 979.0
382.0 888.0
377.0 902.0
380.0 890.0
372.0 926.0
361.0 977.0
378.0 896.0
363.0 950.0
388.0 866.0
385.0 876.0
356.0 1012.0
368.0 932.0
364.0 945.0
383.0 883.0
375.0 908.0
378.0 896.0
388.0 866.0
356.0 1012.0
375.0 908.0
380.0 890.0
386.0 871.0
356.0 1012.0
384.0 881.0
386.0 871.0
388.0 866.0
