238.0 1078.0
262.0 1035.0
225.0 1112.0
271.0 1007.0
264.0 1019.0
245.0 1062.0
248.0 1055.0
258.0 1038.0
218.0 1185.0
245.0 1062.0
225.0 1112.0
258.0 1038.0
225.0 1112.0
252.0 1050.0
228.0 1103.0
228.0 1103.0
218.0 1185.0
218.0 1185.0
238.0 1078.0
220.0 1143.0
271.0 1007.0
262.0 1035.0
239.0 1072.0
247.0 1058.0
250.0 1054.0
254.0 1044.0
221.0 1133.0
271.0 1007.0
241.0 1067.0
220.0 1143.0
239.0 1072.0
218.0 1185.0
264.0 1019.0
221.0 1133.0
241.0 1067.0
258.0 1038.0
231.0 1092.0
229.0 1101.0
222.0 1126.0
220.0 1143.0
262.0 1035.0
238.0 1078.0
222.0 1126.0
243.0 1063.0
224.0 1115.0
243.0 1063.0
223.0 1116.0
233.0 1087.0
227.0 1108.0
254.0 1044.0
248.0 1055.0
221.0 1133.0
227.0 1108.0
263.0 1030.0
248.0 1055.0
224.0 1115.0
231.0 1092.0
247.0 1058.0
241.0 1067.0
254.0 1044.0
226.0 1110.0
223.0 1116.0
228.0 1103.0
237.0 1082.0
243.0 1063.0
252.0 1050.0
237.0 1082.0
233.0 1087.0
222.0 1126.0
237.0 1082.0
227.0 1108.0
235.0 1083.0
235.0 1083.0
235.0 1083.0
233.0 1087.0
250.0 1054.0
221.0 1133.0
231.0 1092.0
260.0 1036.0
247.0 1058.0
239.0 1072.0
271.0 1007.0
264.0 1019.0
239.0 1072.0
252.0 1050.0
226.0 1110.0
220.0 1143.0
254.0 1044.0
264.0 1019.0
231.0 1092.0
223.0 1116.0
222.0 1126.0
245.0 1062.0
226.0 1110.0
250.0 1054.0
229.0 1101.0
224.0 1115.0
260.0 1036.0
260.0 1036.0
229.0 1101.0
