5842.0 705.0
5868.0 696.0
5842.0 705.0
5868.0 696.0
6362.0 572.0
5886.0 677.0
6140.0 591.0
5886.0 677.0
5950.0 641.0
6362.0 572.0
5930.0 654.0
5950.0 641.0
6176.0 583.0
6156.0 584.0
5950.0 641.0
5924.0 659.0
5838.0 723.0
5972.0 631.0
5924.0 659.0
6156.0 584.0
5962.0 635.0
6008.0 615.0
5962.0 635.0
6156.0 584.0
5920.0 663.0
5868.0 696.0
5946.0 644.0
5930.0 654.0
5838.0 723.0
5972.0 631.0
6072.0 601.0
6028.0 605.0
6012.0 613.0
5946.0 644.0
5984.0 625.0
6204.0 578.0
6362.0 572.0
5962.0 635.0
6272.0 574.0
6028.0 605.0
5946.0 644.0
6204.0 578.0
5952.0 640.0
5896.0 670.0
5930.0 654.0
5978.0 629.0
6156.0 584.0
6176.0 583.0
5994.0 621.0
5994.0 621.0
6272.0 574.0
5952.0 640.0
5918.0 667.0
5978.0 629.0
5972.0 631.0
6204.0 578.0
5978.0 629.0
6012.0 613.0
6272.0 574.0
5994.0 621.0
5938.0 647.0
6028.0 605.0
6028.0 605.0
6176.0 583.0
5952.0 640.0
6362.0 572.0
5838.0 723.0
5936.0 652.0
5872.0 687.0
5884.0 678.0
5984.0 625.0
6176.0 583.0
6008.0 615.0
6072.0 601.0
6128.0 597.0
5996.0 619.0
5896.0 670.0
5938.0 647.0
5962.0 635.0
5984.0 625.0
5844.0 703.0
6272.0 574.0
5868.0 696.0
5896.0 670.0
6072.0 601.0
6204.0 578.0
5936.0 652.0
5938.0 647.0
6128.0 597.0
6008.0 615.0
5936.0 652.0
5924.0 659.0
5900.0 668.0
6128.0 597.0
5920.0 663.0
6072.0 601.0
5838.0 723.0
5984.0 625.0
6012.0 613.0
6128.0 597.0
