1639.0 259.0
1556.0 287.0
1621.0 266.0
1733.0 251.0
1639.0 259.0
1556.0 287.0
1733.0 251.0
1444.0 344.0
1621.0 266.0
1593.0 276.0
1682.0 253.0
1444.0 344.0
1729.0 252.0
1733.0 251.0
1505.0 304.0
1729.0 252.0
1611.0 267.0
1658.0 258.0
1611.0 267.0
1611.0 267.0
1481.0 314.0
1729.0 252.0
1521.0 302.0
1550.0 294.0
1567.0 283.0
1550.0 294.0
1444.0 344.0
1639.0 259.0
1479.0 315.0
1457.0 328.0
1524.0 297.0
1567.0 283.0
1532.0 295.0
1530.0 296.0
1593.0 276.0
1622.0 264.0
1556.0 287.0
1451.0 340.0
1744.0 248.0
1471.0 319.0
1585.0 281.0
1624.0 262.0
1500.0 307.0
1585.0 281.0
1450.0 342.0
1500.0 307.0
1627.0 260.0
1627.0 260.0
1457.0 328.0
1479.0 315.0
1450.0 342.0
1658.0 258.0
1624.0 262.0
1621.0 266.0
1622.0 264.0
1585.0 281.0
1594.0 275.0
1744.0 248.0
1532.0 295.0
1682.0 253.0
1479.0 315.0
1481.0 314.0
1532.0 295.0
1553.0 293.0
1530.0 296.0
1505.0 304.0
1670.0 254.0
1524.0 297.0
1481.0 314.0
1451.0 340.0
1589.0 277.0
1658.0 258.0
1589.0 277.0
1505.0 304.0
1523.0 301.0
1450.0 342.0
1670.0 254.0
1553.0 293.0
1670.0 254.0
1624.0 262.0
1457.0 328.0
1471.0 319.0
1553.0 293.0
1599.0 268.0
1521.0 302.0
1523.0 301.0
1599.0 268.0
1451.0 340.0
1744.0 248.0
1594.0 275.0
1599.0 268.0
1521.0 302.0
1500.0 307.0
1589.0 277.0
1524.0 297.0
1471.0 319.0
1682.0 253.0
1550.0 294.0
1627.0 260.0
1567.0 283.0
