9555.0 627.0
9852.0 534.0
9639.0 572.0
9852.0 534.0
9886.0 514.0
9630.0 579.0
9738.0 552.0
9886.0 514.0
9630.0 579.0
9738.0 552.0
9555.0 627.0
9852.0 534.0
9883.0 521.0
9555.0 627.0
9886.0 514.0
9630.0 579.0
9557.0 617.0
9883.0 521.0
9622.0 588.0
9664.0 565.0
9622.0 588.0
9852.0 534.0
9557.0 617.0
9557.0 617.0
9622.0 588.0
9664.0 565.0
9557.0 617.0
9880.0 522.0
9738.0 552.0
9622.0 588.0
9574.0 606.0
9574.0 606.0
9639.0 572.0
9557.0 617.0
9664.0 565.0
9618.0 590.0
9852.0 534.0
9883.0 521.0
9618.0 590.0
9574.0 606.0
9630.0 579.0
9664.0 565.0
9880.0 522.0
9738.0 552.0
9880.0 522.0
9618.0 590.0
9727.0 556.0
9622.0 588.0
9880.0 522.0
9758.0 543.0
9758.0 543.0
9574.0 606.0
9630.0 579.0
9727.0 556.0
9852.0 534.0
9566.0 610.0
9738.0 552.0
9880.0 522.0
9758.0 543.0
9883.0 521.0
9727.0 556.0
9566.0 610.0
9618.0 590.0
9810.0 537.0
9758.0 543.0
9883.0 521.0
9601.0 593.0
9601.0 593.0
9582.0 595.0
9630.0 579.0
9566.0 610.0
9574.0 606.0
9758.0 543.0
9727.0 556.0
9601.0 593.0
9566.0 610.0
9601.0 593.0
9555.0 627.0
9618.0 590.0
9618.0 590.0
9664.0 565.0
9601.0 593.0
9644.0 566.0
9758.0 543.0
9555.0 627.0
9664.0 565.0
9574.0 606.0
9727.0 556.0
9883.0 521.0
9758.0 543.0
9664.0 565.0
9622.0 588.0
9601.0 593.0
9555.0 627.0
9880.0 522.0
9557.0 617.0
9852.0 534.0
9601.0 593.0
9738.0 552.0
9727.0 556.0
