3742.0 410.0
3726.0 431.0
3726.0 431.0
3844.0 332.0
3726.0 431.0
3844.0 332.0
3748.0 409.0
3726.0 431.0
3726.0 431.0
3929.0 314.0
3844.0 332.0
3814.0 351.0
3770.0 376.0
3770.0 376.0
3844.0 332.0
3770.0 376.0
3737.0 415.0
3814.0 351.0
3824.0 342.0
3844.0 332.0
3872.0 322.0
3781.0 361.0
3742.0 410.0
3798.0 360.0
3753.0 398.0
3770.0 376.0
3828.0 338.0
3763.0 379.0
3828.0 338.0
3781.0 361.0
3872.0 322.0
3781.0 361.0
3753.0 398.0
3753.0 398.0
3929.0 314.0
3753.0 398.0
3828.0 338.0
3814.0 351.0
3868.0 324.0
3814.0 351.0
3748.0 409.0
3929.0 314.0
3802.0 354.0
3818.0 345.0
3868.0 324.0
3868.0 324.0
3730.0 416.0
3818.0 345.0
3763.0 379.0
3862.0 328.0
3872.0 322.0
3737.0 415.0
3798.0 360.0
3802.0 354.0
3753.0 398.0
3818.0 345.0
3763.0 379.0
3759.0 385.0
3818.0 345.0
3748.0 409.0
3872.0 322.0
3876.0 316.0
3763.0 379.0
3876.0 316.0
3781.0 361.0
3929.0 314.0
3876.0 316.0
3856.0 330.0
3742.0 410.0
3856.0 330.0
3777.0 367.0
3730.0 416.0
3737.0 415.0
3748.0 409.0
3770.0 376.0
3862.0 328.0
3737.0 415.0
3749.0 407.0
3777.0 367.0
3862.0 328.0
3802.0 354.0
3856.0 330.0
3798.0 360.0
3868.0 324.0
3862.0 328.0
3798.0 360.0
3781.0 361.0
3730.0 416.0
3856.0 330.0
3828.0 338.0
3777.0 367.0
3802.0 354.0
3777.0 367.0
3759.0 385.0
3798.0 360.0
3759.0 385.0
3929.0 314.0
3876.0 316.0
3759.0 385.0
3730.0 416.0
