10476.0 1507.0
10438.0 1524.0
10261.0 1584.0
10508.0 1505.0
10341.0 1548.0
10341.0 1548.0
10385.0 1536.0
10471.0 1512.0
10249.0 1595.0
10438.0 1524.0
10454.0 1518.0
10476.0 1507.0
10239.0 1600.0
10385.0 1536.0
10155.0 1675.0
10098.0 1718.0
10145.0 1679.0
10238.0 1615.0
10238.0 1615.0
10138.0 1681.0
10297.0 1563.0
10239.0 1600.0
10138.0 1681.0
10162.0 1665.0
10214.0 1626.0
10443.0 1519.0
10297.0 1563.0
10468.0 1516.0
10108.0 1706.0
10443.0 1519.0
10468.0 1516.0
10096.0 1729.0
10471.0 1512.0
10155.0 1675.0
10098.0 1718.0
10308.0 1560.0
10289.0 1566.0
10162.0 1665.0
10324.0 1555.0
10454.0 1518.0
10289.0 1566.0
10164.0 1663.0
10326.0 1552.0
10209.0 1635.0
10086.0 1737.0
10108.0 1706.0
10120.0 1687.0
10190.0 1654.0
10487.0 1506.0
10362.0 1540.0
10214.0 1626.0
10283.0 1570.0
10326.0 1552.0
10089.0 1730.0
10172.0 1660.0
10230.0 1618.0
10212.0 1628.0
10145.0 1679.0
10086.0 1737.0
10096.0 1729.0
10209.0 1635.0
10241.0 1598.0
10120.0 1687.0
10189.0 1655.0
10205.0 1636.0
10172.0 1660.0
10487.0 1506.0
10222.0 1623.0
10508.0 1505.0
10253.0 1587.0
10197.0 1643.0
10281.0 1572.0
10230.0 1618.0
10308.0 1560.0
10118.0 1698.0
10281.0 1572.0
10089.0 1730.0
10111.0 1699.0
10153.0 1677.0
10324.0 1555.0
10111.0 1699.0
10362.0 1540.0
10395.0 1528.0
10203.0 1638.0
10199.0 1641.0
10192.0 1651.0
10118.0 1698.0
10251.0 1589.0
10293.0 1564.0
10316.0 1558.0
10180.0 1659.0
10228.0 1620.0
10222.0 1623.0
10395.0 1528.0
10182.0 1657.0
10192.0 1651.0
10293.0 1564.0
10316.0 1558.0
10250.0 1594.0
10248.0 1596.0
