15668.0 3410.0
15580.0 3493.0
15556.0 3538.0
15618.0 3444.0
15420.0 3875.0
15713.0 3386.0
15853.0 3321.0
15510.0 3611.0
15791.0 3343.0
15646.0 3418.0
15708.0 3387.0
15586.0 3482.0
15424.0 3867.0
15483.0 3645.0
15849.0 3323.0
15498.0 3622.0
15718.0 3380.0
15717.0 3383.0
15734.0 3370.0
15836.0 3325.0
15455.0 3695.0
15573.0 3503.0
15387.0 3996.0
15565.0 3523.0
15606.0 3453.0
15781.0 3344.0
15610.0 3447.0
15503.0 3614.0
15450.0 3702.0
15456.0 3684.0
15687.0 3398.0
15433.0 3767.0
15474.0 3660.0
15831.0 3327.0
15398.0 3944.0
15511.0 3600.0
15682.0 3402.0
15465.0 3665.0
15765.0 3358.0
15531.0 3580.0
15521.0 3592.0
15759.0 3359.0
15707.0 3392.0
15408.0 3899.0
15439.0 3737.0
15678.0 3409.0
15589.0 3478.0
15758.0 3364.0
15654.0 3417.0
15417.0 3887.0
15773.0 3351.0
15722.0 3377.0
15475.0 3649.0
15582.0 3488.0
15493.0 3629.0
15622.0 3438.0
15560.0 3535.0
15728.0 3371.0
15642.0 3424.0
15701.0 3393.0
15535.0 3577.0
15412.0 3891.0
15769.0 3353.0
15486.0 3636.0
15812.0 3331.0
15492.0 3632.0
15394.0 3952.0
15448.0 3713.0
15391.0 3988.0
15632.0 3425.0
15543.0 3555.0
15603.0 3462.0
15429.0 3779.0
15528.0 3582.0
15377.0 4027.0
15405.0 3913.0
15694.0 3395.0
15868.0 3319.0
15872.0 3317.0
15548.0 3547.0
15794.0 3339.0
15571.0 3511.0
15593.0 3472.0
15804.0 3338.0
15536.0 3570.0
15443.0 3725.0
15664.0 3416.0
15576.0 3500.0
15522.0 3587.0
15567.0 3515.0
15724.0 3374.0
15463.0 3680.0
15470.0 3664.0
15562.0 3526.0
15822.0 3330.0
15597.0 3468.0
15628.0 3431.0
15555.0 3546.0
15541.0 3564.0
15748.0 3365.0
