5362.0 744.0
5364.0 718.0
5365.0 684.0
5369.0 664.0
5387.0 640.0
5401.0 632.0
5411.0 630.0
5421.0 627.0
5422.0 624.0
5425.0 622.0
5430.0 620.0
5437.0 616.0
5442.0 613.0
5444.0 612.0
5449.0 609.0
5458.0 607.0
5463.0 604.0
5465.0 603.0
5470.0 600.0
5493.0 595.0
5501.0 594.0
5521.0 591.0
5547.0 590.0
5550.0 579.0
5574.0 578.0
5580.0 573.0
5595.0 571.0
5596.0 567.0
5602.0 563.0
5605.0 562.0
5621.0 561.0
5622.0 560.0
5624.0 556.0
5631.0 555.0
5633.0 551.0
5641.0 550.0
5648.0 546.0
5649.0 542.0
5674.0 539.0
5675.0 535.0
5699.0 534.0
5710.0 530.0
5725.0 527.0
5757.0 522.0
5784.0 521.0
5788.0 520.0
5794.0 518.0
5800.0 517.0
5801.0 515.0
5816.0 513.0
5879.0 511.0
5943.0 510.0
5960.0 508.0
6000.0 506.0
