7940.0 1271.0
7945.0 1260.0
7946.0 1249.0
7947.0 1241.0
7952.0 1237.0
7954.0 1233.0
7955.0 1225.0
7960.0 1221.0
7964.0 1218.0
7967.0 1211.0
7970.0 1206.0
7971.0 1205.0
7975.0 1202.0
7976.0 1201.0
7980.0 1198.0
7981.0 1190.0
7984.0 1183.0
7989.0 1179.0
7995.0 1177.0
7996.0 1176.0
8001.0 1172.0
8004.0 1164.0
8008.0 1163.0
8011.0 1158.0
8013.0 1154.0
8021.0 1153.0
8022.0 1151.0
8023.0 1149.0
8026.0 1147.0
8027.0 1146.0
8029.0 1142.0
8031.0 1138.0
8035.0 1137.0
8038.0 1133.0
8046.0 1132.0
8047.0 1130.0
8050.0 1128.0
8051.0 1126.0
8052.0 1125.0
8054.0 1121.0
8058.0 1117.0
8061.0 1116.0
8064.0 1112.0
8074.0 1109.0
8075.0 1105.0
8087.0 1102.0
8088.0 1101.0
8091.0 1092.0
8097.0 1090.0
8105.0 1086.0
8110.0 1085.0
8111.0 1084.0
8113.0 1082.0
8118.0 1077.0
8131.0 1072.0
8133.0 1070.0
8144.0 1068.0
8146.0 1066.0
8152.0 1065.0
8156.0 1061.0
8161.0 1058.0
8165.0 1054.0
8170.0 1053.0
8172.0 1052.0
8173.0 1049.0
8175.0 1048.0
8179.0 1047.0
8183.0 1042.0
8186.0 1038.0
8192.0 1037.0
8197.0 1036.0
8199.0 1035.0
8200.0 1032.0
8204.0 1030.0
8207.0 1024.0
8214.0 1022.0
8222.0 1018.0
8225.0 1012.0
8228.0 1007.0
8235.0 1005.0
8242.0 1003.0
8246.0 995.0
8253.0 993.0
8264.0 990.0
8271.0 988.0
8275.0 982.0
8284.0 979.0
8293.0 976.0
8302.0 973.0
8305.0 972.0
8306.0 968.0
8310.0 965.0
8319.0 964.0
8322.0 963.0
8324.0 962.0
8335.0 961.0
8338.0 959.0
8341.0 958.0
8347.0 954.0
8385.0 952.0
8389.0 951.0
8391.0 950.0
8393.0 949.0
8395.0 945.0
8399.0 944.0
8401.0 940.0
8413.0 937.0
8424.0 936.0
8430.0 935.0
8441.0 932.0
8458.0 930.0
8460.0 928.0
8477.0 926.0
8507.0 925.0
8509.0 922.0
8523.0 921.0
8525.0 918.0
8541.0 915.0
8548.0 914.0
8557.0 911.0
8563.0 907.0
8579.0 903.0
8587.0 902.0
8595.0 899.0
8603.0 898.0
8611.0 896.0
8619.0 894.0
8627.0 892.0
8635.0 891.0
8648.0 889.0
8651.0 887.0
8697.0 885.0
