12949.0 3549.0
12951.0 3548.0
12952.0 3263.0
12959.0 3222.0
12967.0 3214.0
12973.0 3205.0
12979.0 3203.0
12986.0 3194.0
12992.0 3192.0
12995.0 3184.0
13001.0 3174.0
13005.0 3171.0
13009.0 3141.0
13013.0 3138.0
13015.0 3114.0
13021.0 3104.0
13031.0 3100.0
13033.0 3096.0
13039.0 3093.0
13040.0 3091.0
13043.0 3090.0
13046.0 3081.0
13049.0 3080.0
13054.0 3079.0
13055.0 3072.0
13063.0 3070.0
13067.0 3064.0
13072.0 3059.0
13079.0 3057.0
13081.0 3050.0
13085.0 3049.0
13091.0 3048.0
13093.0 3046.0
13097.0 3045.0
13098.0 3042.0
13099.0 3035.0
13104.0 3032.0
13110.0 3026.0
13117.0 3025.0
13122.0 3021.0
13123.0 3016.0
13128.0 3015.0
13129.0 3009.0
13142.0 3008.0
13147.0 2998.0
13148.0 2993.0
13163.0 2992.0
13166.0 2991.0
13167.0 2990.0
13169.0 2985.0
13173.0 2984.0
13186.0 2982.0
13187.0 2974.0
13188.0 2969.0
13192.0 2967.0
13206.0 2961.0
13207.0 2957.0
13221.0 2951.0
13228.0 2947.0
13232.0 2943.0
13244.0 2935.0
13247.0 2933.0
13266.0 2929.0
13268.0 2928.0
13269.0 2925.0
13272.0 2921.0
13286.0 2916.0
13291.0 2913.0
13294.0 2912.0
13297.0 2910.0
13302.0 2909.0
13303.0 2905.0
13311.0 2901.0
13313.0 2897.0
13314.0 2896.0
13322.0 2894.0
13324.0 2893.0
13327.0 2891.0
13328.0 2890.0
13330.0 2886.0
13334.0 2881.0
13337.0 2876.0
13345.0 2874.0
13348.0 2869.0
13353.0 2866.0
13356.0 2861.0
13361.0 2860.0
13366.0 2859.0
13369.0 2857.0
13371.0 2856.0
13374.0 2851.0
13377.0 2849.0
13382.0 2848.0
13387.0 2845.0
13392.0 2840.0
13393.0 2836.0
13396.0 2831.0
13404.0 2829.0
13407.0 2824.0
13412.0 2821.0
13415.0 2816.0
13420.0 2815.0
13428.0 2813.0
13430.0 2811.0
13436.0 2810.0
13438.0 2809.0
13441.0 2803.0
13444.0 2798.0
13449.0 2796.0
13454.0 2795.0
13455.0 2791.0
13460.0 2788.0
13463.0 2783.0
13468.0 2782.0
13478.0 2778.0
13484.0 2777.0
13486.0 2776.0
13489.0 2771.0
13494.0 2768.0
13497.0 2763.0
13502.0 2762.0
13518.0 2757.0
13527.0 2756.0
13528.0 2755.0
13531.0 2751.0
13536.0 2750.0
13543.0 2745.0
13548.0 2744.0
13564.0 2739.0
13574.0 2737.0
13577.0 2736.0
13588.0 2735.0
13602.0 2733.0
13605.0 2732.0
13606.0 2730.0
13609.0 2729.0
13610.0 2725.0
13615.0 2724.0
13628.0 2722.0
13630.0 2721.0
13631.0 2719.0
13635.0 2717.0
13641.0 2716.0
13644.0 2715.0
13645.0 2712.0
13651.0 2710.0
13656.0 2706.0
13661.0 2705.0
13667.0 2701.0
13672.0 2699.0
13679.0 2697.0
13683.0 2694.0
13690.0 2692.0
13695.0 2690.0
13706.0 2685.0
13724.0 2682.0
13731.0 2681.0
13738.0 2676.0
13740.0 2674.0
13746.0 2672.0
13748.0 2670.0
13754.0 2669.0
13756.0 2667.0
13762.0 2665.0
13764.0 2663.0
13768.0 2662.0
13773.0 2661.0
13776.0 2660.0
13778.0 2658.0
13781.0 2657.0
13784.0 2655.0
13789.0 2654.0
13792.0 2653.0
13794.0 2651.0
13797.0 2650.0
13803.0 2649.0
13806.0 2648.0
13811.0 2645.0
13814.0 2643.0
13819.0 2642.0
13822.0 2641.0
13827.0 2638.0
13842.0 2637.0
13847.0 2634.0
13850.0 2632.0
13855.0 2631.0
13858.0 2630.0
13863.0 2627.0
13885.0 2625.0
13886.0 2623.0
13898.0 2621.0
13901.0 2620.0
13906.0 2619.0
13909.0 2616.0
13921.0 2614.0
13922.0 2612.0
13934.0 2610.0
13951.0 2609.0
13952.0 2607.0
13964.0 2605.0
14008.0 2603.0
