19401.0 6015.0
19405.0 6001.0
19408.0 5998.0
19409.0 5994.0
19411.0 5986.0
19413.0 5982.0
19414.0 5977.0
19415.0 5972.0
19416.0 5967.0
19419.0 5965.0
19420.0 5963.0
19421.0 5958.0
19422.0 5953.0
19423.0 5948.0
19424.0 5943.0
19426.0 5938.0
19429.0 5934.0
19430.0 5929.0
19432.0 5924.0
19434.0 5914.0
19438.0 5910.0
19439.0 5906.0
19440.0 5900.0
19442.0 5893.0
19447.0 5887.0
19449.0 5877.0
19450.0 5874.0
19452.0 5864.0
19459.0 5857.0
19463.0 5847.0
19470.0 5838.0
19474.0 5834.0
19477.0 5831.0
19480.0 5829.0
19481.0 5825.0
19482.0 5815.0
19484.0 5805.0
19491.0 5796.0
19498.0 5791.0
19501.0 5782.0
19507.0 5776.0
19509.0 5766.0
19516.0 5764.0
19522.0 5757.0
19523.0 5755.0
19524.0 5749.0
19525.0 5745.0
19528.0 5744.0
19532.0 5743.0
19537.0 5740.0
19538.0 5736.0
19540.0 5728.0
19541.0 5692.0
19543.0 5661.0
19545.0 5640.0
19547.0 5629.0
19552.0 5552.0
19553.0 5544.0
19556.0 5532.0
19557.0 5524.0
19563.0 5519.0
19564.0 5515.0
19566.0 5510.0
19567.0 5502.0
19570.0 5497.0
19572.0 5489.0
19577.0 5488.0
19578.0 5484.0
19579.0 5480.0
19582.0 5476.0
19584.0 5475.0
19586.0 5473.0
19588.0 5468.0
19589.0 5460.0
19595.0 5455.0
19596.0 5451.0
19599.0 5447.0
19602.0 5444.0
19605.0 5442.0
19607.0 5436.0
19609.0 5435.0
19612.0 5431.0
19614.0 5427.0
19617.0 5423.0
19620.0 5420.0
19623.0 5418.0
19625.0 5415.0
19627.0 5408.0
19630.0 5407.0
19632.0 5406.0
19633.0 5403.0
19635.0 5402.0
19638.0 5394.0
19644.0 5389.0
19645.0 5384.0
19649.0 5383.0
19651.0 5379.0
19655.0 5378.0
19656.0 5370.0
19660.0 5369.0
19662.0 5365.0
19666.0 5364.0
19667.0 5359.0
19673.0 5354.0
19678.0 5345.0
19684.0 5340.0
19691.0 5338.0
19696.0 5336.0
19697.0 5333.0
19702.0 5328.0
19703.0 5325.0
19708.0 5323.0
19709.0 5320.0
19714.0 5315.0
19720.0 5308.0
19732.0 5306.0
19733.0 5301.0
19735.0 5300.0
19741.0 5299.0
19742.0 5298.0
19743.0 5292.0
19744.0 5291.0
19745.0 5288.0
19755.0 5279.0
19756.0 5278.0
19764.0 5276.0
19766.0 5268.0
19769.0 5263.0
19771.0 5260.0
19774.0 5255.0
19781.0 5253.0
19783.0 5249.0
19784.0 5245.0
19786.0 5244.0
19789.0 5237.0
19791.0 5236.0
19792.0 5233.0
19794.0 5231.0
19799.0 5230.0
19801.0 5227.0
19802.0 5226.0
19803.0 5225.0
19804.0 5221.0
19807.0 5215.0
19809.0 5213.0
19812.0 5209.0
19816.0 5207.0
19819.0 5202.0
19821.0 5199.0
19824.0 5194.0
19827.0 5191.0
19832.0 5189.0
19833.0 5188.0
19834.0 5184.0
19839.0 5176.0
19842.0 5172.0
19847.0 5171.0
19851.0 5166.0
19853.0 5165.0
19855.0 5162.0
19857.0 5154.0
19869.0 5152.0
19871.0 5151.0
19873.0 5148.0
19875.0 5140.0
19889.0 5137.0
19892.0 5130.0
19899.0 5127.0
19904.0 5126.0
19905.0 5121.0
19910.0 5116.0
19917.0 5113.0
19922.0 5112.0
19923.0 5107.0
19928.0 5106.0
19929.0 5105.0
19936.0 5104.0
19938.0 5103.0
19939.0 5102.0
19940.0 5097.0
19945.0 5096.0
19947.0 5094.0
19952.0 5093.0
19956.0 5091.0
19957.0 5088.0
19958.0 5083.0
19963.0 5082.0
19965.0 5080.0
19970.0 5079.0
19975.0 5078.0
19976.0 5073.0
19977.0 5072.0
19982.0 5071.0
19989.0 5070.0
19991.0 5069.0
19992.0 5068.0
19993.0 5063.0
20000.0 5060.0
20007.0 5059.0
20008.0 5058.0
20010.0 5054.0
20011.0 5049.0
20018.0 5046.0
20024.0 5045.0
20029.0 5043.0
20030.0 5038.0
20037.0 5037.0
20041.0 5036.0
20042.0 5031.0
20055.0 5029.0
20058.0 5027.0
20059.0 5024.0
20066.0 5023.0
20071.0 5022.0
20072.0 5019.0
20085.0 5014.0
20087.0 5013.0
20093.0 5009.0
20095.0 5008.0
20097.0 5007.0
20101.0 5006.0
20104.0 5004.0
20105.0 5001.0
20123.0 4999.0
20124.0 4997.0
20128.0 4996.0
20132.0 4995.0
20135.0 4993.0
20136.0 4990.0
20150.0 4988.0
20155.0 4986.0
20163.0 4984.0
20177.0 4982.0
20180.0 4981.0
20184.0 4978.0
20198.0 4976.0
20203.0 4974.0
20211.0 4972.0
20212.0 4970.0
20221.0 4967.0
20228.0 4964.0
20233.0 4961.0
20238.0 4960.0
20240.0 4958.0
20245.0 4957.0
20246.0 4954.0
20253.0 4951.0
20257.0 4947.0
20264.0 4946.0
20266.0 4945.0
20269.0 4941.0
20274.0 4940.0
20281.0 4936.0
20282.0 4934.0
20289.0 4933.0
20295.0 4932.0
20299.0 4927.0
20306.0 4926.0
20311.0 4921.0
20324.0 4918.0
20332.0 4912.0
20345.0 4909.0
20355.0 4908.0
20360.0 4903.0
20371.0 4901.0
20374.0 4900.0
20376.0 4899.0
20381.0 4896.0
20386.0 4894.0
20392.0 4892.0
20395.0 4891.0
20402.0 4887.0
20414.0 4886.0
20418.0 4885.0
20423.0 4884.0
20427.0 4883.0
20428.0 4881.0
20433.0 4879.0
20439.0 4877.0
20442.0 4876.0
20449.0 4872.0
20457.0 4870.0
20467.0 4869.0
20469.0 4864.0
20478.0 4861.0
20490.0 4855.0
20506.0 4853.0
20508.0 4852.0
20521.0 4848.0
20537.0 4846.0
20539.0 4845.0
20555.0 4843.0
20566.0 4842.0
20573.0 4840.0
20574.0 4839.0
20590.0 4837.0
20592.0 4836.0
20608.0 4834.0
20626.0 4832.0
20641.0 4827.0
20657.0 4825.0
20679.0 4823.0
20695.0 4820.0
20711.0 4818.0
20733.0 4816.0
20746.0 4815.0
20766.0 4814.0
20780.0 4809.0
20800.0 4808.0
20821.0 4807.0
20838.0 4806.0
20840.0 4804.0
20841.0 4803.0
20847.0 4799.0
20854.0 4798.0
20857.0 4797.0
20859.0 4796.0
20860.0 4794.0
20861.0 4793.0
20866.0 4791.0
20867.0 4789.0
20874.0 4786.0
20875.0 4785.0
20881.0 4781.0
20898.0 4778.0
20903.0 4777.0
20906.0 4776.0
20907.0 4775.0
20913.0 4771.0
20928.0 4769.0
20931.0 4768.0
20938.0 4767.0
20939.0 4764.0
20944.0 4763.0
20945.0 4760.0
20957.0 4757.0
20993.0 4753.0
21005.0 4751.0
21006.0 4749.0
21015.0 4747.0
21016.0 4746.0
21017.0 4745.0
21027.0 4744.0
21028.0 4743.0
21029.0 4742.0
21037.0 4739.0
21056.0 4738.0
21060.0 4737.0
21068.0 4734.0
21077.0 4733.0
21078.0 4730.0
21088.0 4728.0
21089.0 4727.0
21090.0 4726.0
21099.0 4725.0
21106.0 4724.0
21111.0 4723.0
21112.0 4720.0
21129.0 4719.0
21135.0 4718.0
21161.0 4716.0
21185.0 4714.0
21189.0 4712.0
21192.0 4711.0
21196.0 4708.0
21206.0 4707.0
21209.0 4706.0
21210.0 4705.0
21212.0 4704.0
21213.0 4701.0
21223.0 4699.0
21227.0 4696.0
21236.0 4695.0
21237.0 4693.0
21239.0 4692.0
21242.0 4691.0
21244.0 4689.0
21246.0 4686.0
21260.0 4683.0
21270.0 4680.0
21273.0 4679.0
21276.0 4677.0
21277.0 4674.0
21305.0 4672.0
21309.0 4670.0
21319.0 4667.0
21370.0 4666.0
21374.0 4664.0
21384.0 4661.0
21414.0 4660.0
21424.0 4657.0
