29747.0 11657.0
29749.0 11635.0
29751.0 11633.0
29752.0 11630.0
29754.0 11628.0
29755.0 11614.0
29757.0 11592.0
29759.0 11590.0
29760.0 11587.0
29762.0 11585.0
29765.0 11572.0
29766.0 11571.0
29767.0 11556.0
29769.0 11549.0
29771.0 11534.0
29773.0 11527.0
29775.0 11523.0
29776.0 11503.0
29781.0 11485.0
29782.0 11481.0
29785.0 11476.0
29786.0 11462.0
29787.0 11461.0
29788.0 11460.0
29789.0 11457.0
29790.0 11445.0
29793.0 11436.0
29794.0 11426.0
29795.0 11425.0
29797.0 11417.0
29798.0 11416.0
29802.0 11397.0
29805.0 11388.0
29807.0 11382.0
29808.0 11380.0
29810.0 11373.0
29812.0 11361.0
29814.0 11354.0
29815.0 11352.0
29817.0 11345.0
29822.0 11338.0
29823.0 11336.0
29825.0 11329.0
29830.0 11327.0
29831.0 11322.0
29833.0 11317.0
29836.0 11315.0
29838.0 11311.0
29839.0 11310.0
29840.0 11306.0
29841.0 11304.0
29843.0 11297.0
29848.0 11290.0
29849.0 11288.0
29851.0 11281.0
29854.0 11276.0
29857.0 11274.0
29859.0 11269.0
29860.0 11267.0
29861.0 11258.0
29863.0 11251.0
29864.0 11249.0
29866.0 11242.0
29871.0 11235.0
29872.0 11233.0
29874.0 11226.0
29880.0 11219.0
29882.0 11214.0
29884.0 11212.0
29889.0 11210.0
29890.0 11205.0
29892.0 11200.0
29895.0 11198.0
29897.0 11197.0
29898.0 11192.0
29899.0 11190.0
29903.0 11186.0
29904.0 11183.0
29906.0 11176.0
29908.0 11172.0
29910.0 11171.0
29911.0 11168.0
29913.0 11167.0
29915.0 11158.0
29917.0 11150.0
29918.0 11148.0
29919.0 11143.0
29920.0 11137.0
29921.0 11135.0
29922.0 11133.0
29923.0 11127.0
29924.0 11125.0
29926.0 11124.0
29927.0 11122.0
29928.0 11118.0
29929.0 11116.0
29930.0 11113.0
29931.0 11111.0
29932.0 11109.0
29933.0 11107.0
29935.0 11104.0
29936.0 11102.0
29938.0 11100.0
29939.0 11095.0
29940.0 11093.0
29942.0 11091.0
29943.0 11089.0
29944.0 11088.0
29945.0 11086.0
29946.0 11084.0
29948.0 11083.0
29949.0 11077.0
29950.0 11075.0
29952.0 11073.0
29953.0 11071.0
29954.0 11070.0
29956.0 11068.0
29957.0 11066.0
29959.0 11065.0
29961.0 11060.0
29962.0 11058.0
29963.0 11055.0
29965.0 11054.0
29966.0 11053.0
29967.0 11040.0
29968.0 11033.0
29972.0 11027.0
29976.0 11026.0
29977.0 11024.0
29978.0 11017.0
29980.0 11016.0
29982.0 11011.0
29984.0 11007.0
29987.0 11001.0
29991.0 10995.0
29994.0 10991.0
29996.0 10990.0
29997.0 10987.0
29998.0 10985.0
30000.0 10984.0
30001.0 10981.0
30003.0 10975.0
30007.0 10969.0
30012.0 10966.0
30013.0 10964.0
30014.0 10963.0
30017.0 10958.0
30021.0 10952.0
30023.0 10948.0
30028.0 10944.0
30030.0 10942.0
30031.0 10941.0
30032.0 10939.0
30033.0 10937.0
30038.0 10930.0
30039.0 10925.0
30041.0 10919.0
30045.0 10916.0
30046.0 10911.0
30048.0 10905.0
30051.0 10901.0
30054.0 10898.0
30057.0 10894.0
30058.0 10887.0
30063.0 10886.0
30064.0 10880.0
30067.0 10878.0
30070.0 10874.0
30072.0 10873.0
30073.0 10868.0
30075.0 10862.0
30077.0 10859.0
30078.0 10852.0
30080.0 10849.0
30084.0 10848.0
30087.0 10847.0
30090.0 10841.0
30091.0 10834.0
30093.0 10832.0
30094.0 10830.0
30097.0 10827.0
30099.0 10825.0
30100.0 10818.0
30101.0 10816.0
30103.0 10814.0
30106.0 10811.0
30107.0 10809.0
30109.0 10807.0
30110.0 10800.0
30113.0 10799.0
30115.0 10795.0
30116.0 10793.0
30117.0 10791.0
30120.0 10785.0
30122.0 10782.0
30123.0 10781.0
30125.0 10777.0
30128.0 10775.0
30129.0 10774.0
30130.0 10767.0
30132.0 10764.0
30135.0 10762.0
30136.0 10760.0
30137.0 10759.0
30138.0 10757.0
30140.0 10755.0
30141.0 10754.0
30143.0 10752.0
30144.0 10751.0
30145.0 10744.0
30147.0 10741.0
30151.0 10737.0
30153.0 10734.0
30156.0 10731.0
30162.0 10724.0
30168.0 10721.0
30170.0 10720.0
30171.0 10718.0
30174.0 10716.0
30175.0 10715.0
30176.0 10708.0
30178.0 10705.0
30182.0 10701.0
30184.0 10698.0
30187.0 10695.0
30193.0 10688.0
30199.0 10685.0
30201.0 10684.0
30202.0 10682.0
30206.0 10680.0
30208.0 10675.0
30214.0 10673.0
30216.0 10671.0
30219.0 10670.0
30221.0 10667.0
30224.0 10665.0
30228.0 10664.0
30229.0 10660.0
30233.0 10654.0
30235.0 10651.0
30239.0 10647.0
30241.0 10644.0
30244.0 10641.0
30248.0 10640.0
30250.0 10634.0
30254.0 10633.0
30256.0 10631.0
30258.0 10630.0
30259.0 10628.0
30263.0 10626.0
30265.0 10621.0
30269.0 10620.0
30271.0 10619.0
30273.0 10617.0
30277.0 10616.0
30278.0 10613.0
30281.0 10612.0
30283.0 10611.0
30286.0 10606.0
30290.0 10605.0
30292.0 10603.0
30294.0 10602.0
30295.0 10600.0
30298.0 10598.0
30300.0 10596.0
30301.0 10592.0
30305.0 10588.0
30307.0 10585.0
30311.0 10584.0
30313.0 10583.0
30314.0 10577.0
30318.0 10573.0
30320.0 10570.0
30324.0 10569.0
30329.0 10564.0
30330.0 10563.0
30331.0 10561.0
30333.0 10560.0
30334.0 10559.0
30335.0 10557.0
30336.0 10556.0
30337.0 10554.0
30343.0 10548.0
30345.0 10547.0
30347.0 10544.0
30349.0 10541.0
30353.0 10540.0
30358.0 10535.0
30360.0 10532.0
30362.0 10531.0
30364.0 10528.0
30366.0 10525.0
30372.0 10521.0
30374.0 10518.0
30380.0 10516.0
30383.0 10514.0
30385.0 10511.0
30389.0 10509.0
30391.0 10506.0
30394.0 10505.0
30396.0 10502.0
30399.0 10499.0
30402.0 10497.0
30405.0 10495.0
30407.0 10493.0
30410.0 10490.0
30413.0 10489.0
30415.0 10488.0
30416.0 10486.0
30418.0 10485.0
30419.0 10484.0
30421.0 10481.0
30425.0 10480.0
30427.0 10477.0
30429.0 10476.0
30431.0 10475.0
30432.0 10473.0
30434.0 10472.0
30436.0 10470.0
30438.0 10468.0
30441.0 10465.0
30445.0 10464.0
30447.0 10461.0
30449.0 10460.0
30450.0 10459.0
30452.0 10456.0
30458.0 10453.0
30460.0 10452.0
30461.0 10451.0
30463.0 10448.0
30465.0 10447.0
30468.0 10446.0
30470.0 10444.0
30473.0 10441.0
30476.0 10440.0
30479.0 10437.0
30482.0 10435.0
30484.0 10432.0
30487.0 10431.0
30492.0 10430.0
30494.0 10429.0
30495.0 10428.0
30497.0 10425.0
30500.0 10423.0
30502.0 10420.0
30505.0 10419.0
30513.0 10416.0
30515.0 10413.0
30518.0 10412.0
30525.0 10410.0
30526.0 10409.0
30528.0 10407.0
30531.0 10406.0
30532.0 10405.0
30533.0 10402.0
30535.0 10400.0
30536.0 10399.0
30538.0 10397.0
30543.0 10396.0
30545.0 10393.0
30547.0 10392.0
30549.0 10391.0
30550.0 10389.0
30551.0 10388.0
30552.0 10385.0
30553.0 10384.0
30555.0 10382.0
30556.0 10381.0
30560.0 10377.0
30561.0 10376.0
30562.0 10375.0
30563.0 10374.0
30564.0 10373.0
30565.0 10372.0
30566.0 10371.0
30572.0 10368.0
30573.0 10367.0
30577.0 10365.0
30578.0 10364.0
30580.0 10360.0
30581.0 10359.0
30582.0 10358.0
30583.0 10357.0
30587.0 10356.0
30589.0 10354.0
30590.0 10353.0
30592.0 10351.0
30595.0 10350.0
30597.0 10348.0
30599.0 10347.0
30604.0 10344.0
30605.0 10343.0
30606.0 10342.0
30607.0 10339.0
30609.0 10337.0
30618.0 10336.0
30619.0 10333.0
30623.0 10330.0
30625.0 10328.0
30627.0 10327.0
30628.0 10326.0
30632.0 10324.0
30634.0 10322.0
30635.0 10319.0
30637.0 10317.0
30645.0 10313.0
30647.0 10312.0
30648.0 10309.0
30649.0 10305.0
30655.0 10303.0
30657.0 10297.0
30659.0 10295.0
30669.0 10294.0
30670.0 10292.0
30674.0 10291.0
30675.0 10288.0
30679.0 10286.0
30680.0 10285.0
30682.0 10283.0
30683.0 10282.0
30687.0 10281.0
30691.0 10276.0
30694.0 10274.0
30697.0 10273.0
30699.0 10270.0
30702.0 10269.0
30703.0 10268.0
30704.0 10266.0
30705.0 10265.0
30706.0 10261.0
30711.0 10260.0
30716.0 10258.0
30721.0 10257.0
30723.0 10255.0
30726.0 10252.0
30729.0 10249.0
30734.0 10248.0
30741.0 10247.0
30743.0 10246.0
30744.0 10245.0
30746.0 10243.0
30749.0 10239.0
30753.0 10238.0
30757.0 10236.0
30760.0 10235.0
30761.0 10231.0
30766.0 10230.0
30767.0 10228.0
30768.0 10227.0
30769.0 10223.0
30774.0 10222.0
30777.0 10221.0
30780.0 10220.0
30784.0 10219.0
30785.0 10213.0
30788.0 10212.0
30794.0 10210.0
30796.0 10206.0
30799.0 10205.0
30804.0 10203.0
30808.0 10202.0
30809.0 10198.0
30811.0 10194.0
30814.0 10190.0
30815.0 10188.0
30816.0 10187.0
30817.0 10186.0
30823.0 10181.0
30825.0 10175.0
30830.0 10174.0
30831.0 10172.0
30833.0 10171.0
30836.0 10169.0
30837.0 10160.0
30845.0 10159.0
30846.0 10156.0
30850.0 10153.0
30851.0 10147.0
30852.0 10146.0
30861.0 10134.0
30872.0 10132.0
30873.0 10125.0
30878.0 10124.0
30883.0 10119.0
30886.0 10117.0
30887.0 10112.0
30895.0 10109.0
30897.0 10106.0
30900.0 10105.0
30904.0 10100.0
30908.0 10097.0
30914.0 10094.0
30918.0 10091.0
30921.0 10090.0
30924.0 10089.0
30925.0 10088.0
30930.0 10085.0
30931.0 10084.0
30935.0 10079.0
30941.0 10077.0
30945.0 10074.0
30952.0 10072.0
30953.0 10070.0
30962.0 10067.0
30966.0 10063.0
30968.0 10060.0
30976.0 10057.0
30978.0 10056.0
30981.0 10054.0
30985.0 10048.0
30992.0 10043.0
30999.0 10035.0
31007.0 10032.0
31016.0 10030.0
31017.0 10029.0
31018.0 10028.0
31020.0 10027.0
31021.0 10022.0
31025.0 10020.0
31033.0 10017.0
31034.0 10014.0
31036.0 10013.0
31040.0 10010.0
31048.0 10007.0
31053.0 10006.0
31057.0 10005.0
31058.0 10004.0
31060.0 9998.0
31062.0 9997.0
31068.0 9996.0
31073.0 9995.0
31075.0 9989.0
31077.0 9988.0
31082.0 9985.0
31086.0 9983.0
31088.0 9982.0
31099.0 9980.0
31101.0 9973.0
31103.0 9972.0
31114.0 9970.0
31116.0 9969.0
31119.0 9968.0
31121.0 9967.0
31123.0 9965.0
31125.0 9964.0
31128.0 9963.0
31130.0 9962.0
31137.0 9960.0
31139.0 9959.0
31140.0 9957.0
31146.0 9953.0
31148.0 9950.0
31152.0 9948.0
31156.0 9944.0
31160.0 9943.0
31162.0 9942.0
31164.0 9941.0
31170.0 9937.0
31174.0 9935.0
31184.0 9934.0
31185.0 9933.0
31187.0 9932.0
31194.0 9931.0
31197.0 9926.0
31201.0 9925.0
31209.0 9923.0
31213.0 9921.0
31216.0 9918.0
31220.0 9916.0
31221.0 9914.0
31228.0 9909.0
31236.0 9907.0
31238.0 9904.0
31243.0 9900.0
31250.0 9895.0
31263.0 9891.0
31270.0 9890.0
31272.0 9887.0
31273.0 9886.0
31277.0 9885.0
31278.0 9884.0
31283.0 9883.0
31285.0 9877.0
31294.0 9875.0
31299.0 9873.0
31301.0 9870.0
31307.0 9869.0
31309.0 9868.0
31312.0 9867.0
31314.0 9866.0
31316.0 9863.0
31323.0 9862.0
31324.0 9861.0
31326.0 9858.0
31331.0 9854.0
31336.0 9852.0
31338.0 9849.0
31350.0 9848.0
31351.0 9845.0
31358.0 9844.0
31360.0 9841.0
31361.0 9840.0
31365.0 9839.0
31366.0 9838.0
31371.0 9837.0
31373.0 9831.0
31387.0 9827.0
31395.0 9823.0
31400.0 9821.0
31418.0 9817.0
31426.0 9813.0
31430.0 9812.0
31447.0 9810.0
31448.0 9809.0
31453.0 9807.0
31455.0 9806.0
31463.0 9805.0
31464.0 9804.0
31471.0 9803.0
31477.0 9802.0
31479.0 9799.0
31489.0 9797.0
31499.0 9795.0
31500.0 9791.0
31506.0 9790.0
31510.0 9789.0
31516.0 9788.0
31524.0 9786.0
31530.0 9780.0
31539.0 9779.0
31545.0 9776.0
31555.0 9774.0
31566.0 9772.0
31572.0 9771.0
31573.0 9770.0
31579.0 9768.0
31580.0 9767.0
31584.0 9766.0
31589.0 9764.0
31597.0 9760.0
31613.0 9759.0
31617.0 9758.0
31618.0 9757.0
31622.0 9756.0
31625.0 9754.0
31630.0 9752.0
31638.0 9748.0
31654.0 9747.0
31659.0 9745.0
31663.0 9744.0
31669.0 9742.0
31684.0 9741.0
31690.0 9739.0
31692.0 9736.0
31719.0 9734.0
31735.0 9733.0
31744.0 9732.0
31748.0 9730.0
31758.0 9729.0
31774.0 9728.0
31780.0 9725.0
31783.0 9724.0
31794.0 9723.0
31802.0 9719.0
31818.0 9718.0
31825.0 9714.0
31829.0 9712.0
31870.0 9709.0
31885.0 9706.0
31909.0 9704.0
31934.0 9702.0
31938.0 9700.0
31956.0 9693.0
32079.0 9689.0
32095.0 9688.0
32111.0 9683.0
32125.0 9681.0
32128.0 9679.0
32137.0 9676.0
32148.0 9672.0
32169.0 9670.0
32180.0 9666.0
32190.0 9665.0
32200.0 9664.0
32206.0 9663.0
32208.0 9661.0
32213.0 9660.0
32214.0 9657.0
32220.0 9654.0
32227.0 9653.0
32237.0 9652.0
32240.0 9651.0
32244.0 9646.0
32256.0 9645.0
32257.0 9642.0
32270.0 9640.0
32282.0 9638.0
32286.0 9634.0
32293.0 9632.0
32306.0 9630.0
32311.0 9625.0
32324.0 9623.0
32333.0 9620.0
32346.0 9618.0
32363.0 9616.0
32376.0 9614.0
32473.0 9612.0
32477.0 9611.0
32478.0 9610.0
32479.0 9609.0
32483.0 9608.0
32484.0 9607.0
32489.0 9605.0
32494.0 9603.0
32500.0 9601.0
32505.0 9599.0
32506.0 9598.0
32511.0 9596.0
32520.0 9594.0
32525.0 9592.0
32528.0 9589.0
32533.0 9587.0
32544.0 9586.0
32552.0 9584.0
32561.0 9583.0
32562.0 9582.0
32566.0 9581.0
32567.0 9580.0
32581.0 9579.0
32585.0 9578.0
32586.0 9577.0
32595.0 9576.0
32597.0 9575.0
32600.0 9574.0
32606.0 9573.0
32611.0 9571.0
32614.0 9568.0
32619.0 9566.0
32633.0 9565.0
32638.0 9563.0
32647.0 9562.0
32652.0 9560.0
32666.0 9559.0
32671.0 9557.0
32842.0 9555.0
32870.0 9554.0
32871.0 9551.0
32893.0 9550.0
32916.0 9545.0
32944.0 9544.0
32949.0 9543.0
32961.0 9540.0
32962.0 9538.0
32984.0 9537.0
33007.0 9532.0
33035.0 9531.0
33052.0 9527.0
33080.0 9526.0
33109.0 9525.0
