415.0 1232.0
416.0 1231.0
417.0 1224.0
418.0 1219.0
419.0 1216.0
420.0 1207.0
421.0 1204.0
422.0 1189.0
423.0 1186.0
424.0 1181.0
425.0 1172.0
427.0 1169.0
428.0 1163.0
429.0 1160.0
430.0 1157.0
432.0 1154.0
434.0 1146.0
436.0 1142.0
437.0 1138.0
438.0 1127.0
440.0 1121.0
442.0 1120.0
443.0 1119.0
444.0 1110.0
447.0 1104.0
448.0 1103.0
449.0 1095.0
450.0 1090.0
451.0 1086.0
453.0 1079.0
454.0 1075.0
455.0 1068.0
457.0 1065.0
458.0 1063.0
459.0 1058.0
462.0 1051.0
464.0 1047.0
467.0 1044.0
468.0 1041.0
470.0 1036.0
472.0 1032.0
475.0 1027.0
476.0 1026.0
479.0 1023.0
480.0 1022.0
482.0 1019.0
484.0 1015.0
485.0 1011.0
488.0 1008.0
489.0 1007.0
491.0 1005.0
492.0 1004.0
494.0 1002.0
496.0 1000.0
499.0 997.0
507.0 996.0
508.0 994.0
509.0 989.0
511.0 988.0
514.0 985.0
517.0 984.0
520.0 983.0
521.0 982.0
524.0 981.0
