715.0 1120.0
716.0 1116.0
717.0 1103.0
718.0 1096.0
719.0 1083.0
720.0 1076.0
721.0 1067.0
722.0 1062.0
723.0 1054.0
724.0 1053.0
725.0 1040.0
726.0 1035.0
727.0 1028.0
728.0 1016.0
729.0 982.0
730.0 967.0
731.0 962.0
732.0 947.0
733.0 944.0
734.0 939.0
735.0 924.0
736.0 923.0
737.0 917.0
738.0 908.0
740.0 901.0
742.0 896.0
743.0 887.0
744.0 880.0
746.0 873.0
748.0 862.0
750.0 855.0
751.0 853.0
752.0 843.0
754.0 836.0
756.0 831.0
758.0 829.0
759.0 821.0
761.0 816.0
763.0 811.0
765.0 810.0
766.0 809.0
767.0 808.0
768.0 802.0
769.0 799.0
770.0 796.0
773.0 790.0
778.0 789.0
795.0 786.0
