327.0 1194.0
328.0 1139.0
330.0 1115.0
331.0 1100.0
332.0 1095.0
333.0 1092.0
334.0 1079.0
335.0 1072.0
336.0 1066.0
337.0 1041.0
338.0 1039.0
339.0 1027.0
340.0 1026.0
341.0 1023.0
342.0 1015.0
343.0 1009.0
344.0 1008.0
345.0 1005.0
346.0 997.0
347.0 996.0
348.0 992.0
349.0 987.0
350.0 986.0
351.0 982.0
352.0 979.0
353.0 975.0
354.0 974.0
355.0 963.0
356.0 948.0
358.0 944.0
359.0 933.0
361.0 931.0
363.0 927.0
364.0 924.0
365.0 923.0
366.0 922.0
367.0 915.0
369.0 911.0
370.0 906.0
372.0 899.0
373.0 895.0
374.0 890.0
375.0 886.0
376.0 884.0
377.0 881.0
378.0 877.0
380.0 874.0
381.0 869.0
382.0 866.0
383.0 863.0
385.0 861.0
386.0 860.0
387.0 857.0
397.0 856.0
399.0 854.0
400.0 852.0
402.0 846.0
403.0 844.0
405.0 840.0
409.0 837.0
410.0 833.0
412.0 829.0
414.0 821.0
416.0 817.0
418.0 815.0
422.0 814.0
429.0 807.0
437.0 806.0
