196.0 1259.0
197.0 1221.0
198.0 1205.0
199.0 1197.0
200.0 1188.0
201.0 1184.0
202.0 1175.0
204.0 1161.0
205.0 1152.0
207.0 1148.0
208.0 1144.0
209.0 1142.0
210.0 1132.0
211.0 1123.0
212.0 1122.0
213.0 1113.0
214.0 1110.0
215.0 1108.0
216.0 1099.0
217.0 1096.0
218.0 1095.0
219.0 1088.0
221.0 1083.0
222.0 1076.0
227.0 1073.0
228.0 1072.0
229.0 1066.0
230.0 1060.0
234.0 1059.0
235.0 1054.0
238.0 1048.0
239.0 1044.0
244.0 1036.0
248.0 1035.0
249.0 1034.0
250.0 1029.0
251.0 1028.0
254.0 1019.0
255.0 1018.0
258.0 1017.0
259.0 1010.0
260.0 1009.0
263.0 1004.0
264.0 1003.0
267.0 1002.0
268.0 1001.0
270.0 999.0
271.0 997.0
272.0 994.0
273.0 992.0
274.0 990.0
275.0 988.0
279.0 987.0
280.0 985.0
282.0 983.0
284.0 982.0
285.0 980.0
286.0 978.0
291.0 975.0
295.0 974.0
296.0 973.0
300.0 971.0
308.0 969.0
