15261.0 3995.0
15265.0 3987.0
15267.0 3981.0
15269.0 3976.0
15270.0 3966.0
15272.0 3964.0
15274.0 3958.0
15276.0 3952.0
15278.0 3950.0
15280.0 3944.0
15282.0 3938.0
15284.0 3936.0
15286.0 3930.0
15288.0 3924.0
15290.0 3922.0
15292.0 3916.0
15294.0 3914.0
15297.0 3913.0
15298.0 3903.0
15300.0 3901.0
15306.0 3894.0
15308.0 3891.0
15311.0 3889.0
15312.0 3883.0
15314.0 3872.0
15317.0 3856.0
15322.0 3846.0
15323.0 3845.0
15325.0 3835.0
15329.0 3830.0
15331.0 3824.0
15334.0 3820.0
15335.0 3816.0
15337.0 3814.0
15341.0 3812.0
15342.0 3809.0
15344.0 3807.0
15345.0 3799.0
15349.0 3796.0
15351.0 3785.0
15353.0 3783.0
15359.0 3779.0
15362.0 3777.0
15364.0 3776.0
15365.0 3765.0
15367.0 3763.0
15371.0 3761.0
15373.0 3759.0
15379.0 3754.0
15380.0 3752.0
15382.0 3750.0
15385.0 3741.0
15387.0 3739.0
15392.0 3737.0
15395.0 3735.0
15399.0 3730.0
15400.0 3728.0
15401.0 3725.0
15404.0 3719.0
15406.0 3717.0
15410.0 3716.0
15411.0 3714.0
15413.0 3712.0
15417.0 3710.0
15418.0 3704.0
15419.0 3702.0
15421.0 3700.0
15425.0 3698.0
15426.0 3692.0
15428.0 3690.0
15433.0 3687.0
15434.0 3686.0
15435.0 3682.0
15436.0 3678.0
15438.0 3673.0
15441.0 3671.0
15442.0 3669.0
15443.0 3666.0
15444.0 3662.0
15446.0 3657.0
15447.0 3652.0
15449.0 3648.0
15450.0 3643.0
15452.0 3641.0
15453.0 3637.0
15455.0 3632.0
15458.0 3627.0
15461.0 3618.0
15464.0 3611.0
15467.0 3602.0
15472.0 3600.0
15473.0 3595.0
15478.0 3593.0
15479.0 3591.0
15480.0 3590.0
15482.0 3582.0
15483.0 3581.0
15486.0 3580.0
15488.0 3575.0
15489.0 3574.0
15492.0 3573.0
15494.0 3572.0
15495.0 3570.0
15496.0 3569.0
15498.0 3561.0
15502.0 3559.0
15504.0 3554.0
15508.0 3552.0
15511.0 3549.0
15515.0 3547.0
15516.0 3545.0
15520.0 3543.0
15522.0 3538.0
15526.0 3536.0
15527.0 3532.0
15531.0 3530.0
15533.0 3525.0
15537.0 3523.0
15542.0 3521.0
15547.0 3520.0
15549.0 3515.0
15550.0 3514.0
15553.0 3511.0
15556.0 3507.0
15559.0 3504.0
15563.0 3502.0
15567.0 3498.0
15572.0 3494.0
15574.0 3493.0
15576.0 3492.0
15581.0 3488.0
15584.0 3487.0
15585.0 3481.0
15590.0 3480.0
15592.0 3475.0
15598.0 3473.0
15602.0 3471.0
15607.0 3469.0
15608.0 3463.0
15611.0 3460.0
15615.0 3457.0
15618.0 3454.0
15627.0 3453.0
15630.0 3449.0
15634.0 3448.0
15635.0 3447.0
15638.0 3444.0
15643.0 3440.0
15648.0 3438.0
15651.0 3437.0
15653.0 3431.0
15656.0 3428.0
15666.0 3422.0
15669.0 3419.0
15674.0 3417.0
15680.0 3415.0
15685.0 3414.0
15686.0 3413.0
15687.0 3412.0
15688.0 3411.0
15690.0 3408.0
15693.0 3405.0
15698.0 3404.0
15702.0 3397.0
15704.0 3391.0
15709.0 3389.0
15725.0 3388.0
15726.0 3384.0
15728.0 3378.0
15733.0 3376.0
15738.0 3375.0
15741.0 3368.0
15746.0 3366.0
15755.0 3365.0
15762.0 3364.0
15765.0 3362.0
15769.0 3360.0
15773.0 3359.0
15774.0 3358.0
15778.0 3352.0
15787.0 3351.0
15794.0 3350.0
15805.0 3349.0
15806.0 3344.0
15810.0 3343.0
15815.0 3341.0
15824.0 3340.0
15826.0 3339.0
15829.0 3337.0
15837.0 3335.0
15839.0 3329.0
15847.0 3327.0
15856.0 3326.0
15866.0 3324.0
15867.0 3321.0
15871.0 3320.0
15875.0 3319.0
15879.0 3318.0
15881.0 3317.0
15886.0 3315.0
15891.0 3313.0
15897.0 3312.0
15898.0 3311.0
15900.0 3309.0
15901.0 3307.0
15909.0 3305.0
15910.0 3303.0
15918.0 3301.0
15924.0 3292.0
15926.0 3290.0
15936.0 3288.0
15940.0 3286.0
15950.0 3284.0
15954.0 3281.0
15955.0 3275.0
15965.0 3273.0
15984.0 3271.0
15986.0 3264.0
15995.0 3263.0
16000.0 3261.0
16003.0 3259.0
16005.0 3257.0
16009.0 3250.0
16024.0 3249.0
16030.0 3247.0
16032.0 3241.0
16048.0 3240.0
16051.0 3237.0
16053.0 3232.0
16057.0 3228.0
16076.0 3227.0
16083.0 3222.0
16085.0 3221.0
16089.0 3219.0
16092.0 3218.0
16097.0 3217.0
16101.0 3213.0
16108.0 3211.0
16109.0 3210.0
16111.0 3209.0
16115.0 3208.0
16117.0 3206.0
16124.0 3201.0
16137.0 3199.0
16139.0 3198.0
16144.0 3194.0
16159.0 3191.0
16166.0 3189.0
16175.0 3187.0
16180.0 3184.0
16182.0 3182.0
16190.0 3181.0
16192.0 3179.0
16199.0 3178.0
16201.0 3174.0
16206.0 3173.0
16209.0 3172.0
16211.0 3171.0
16216.0 3169.0
16221.0 3167.0
16223.0 3165.0
16228.0 3162.0
16230.0 3160.0
16238.0 3159.0
16240.0 3157.0
16249.0 3152.0
16257.0 3150.0
16259.0 3149.0
16267.0 3147.0
16279.0 3145.0
16281.0 3144.0
16289.0 3142.0
16310.0 3141.0
16318.0 3140.0
16322.0 3139.0
16329.0 3137.0
16350.0 3136.0
16351.0 3132.0
16372.0 3131.0
