712.0 1178.0
713.0 1158.0
714.0 1143.0
715.0 1093.0
716.0 1071.0
717.0 1055.0
719.0 1041.0
720.0 1030.0
721.0 1023.0
722.0 1020.0
723.0 1011.0
725.0 1000.0
726.0 993.0
727.0 986.0
728.0 975.0
729.0 968.0
730.0 962.0
731.0 952.0
732.0 949.0
733.0 940.0
734.0 933.0
735.0 930.0
736.0 923.0
737.0 917.0
738.0 914.0
739.0 907.0
741.0 905.0
742.0 900.0
743.0 894.0
744.0 888.0
745.0 879.0
746.0 872.0
748.0 865.0
750.0 854.0
752.0 847.0
754.0 842.0
755.0 840.0
756.0 831.0
758.0 824.0
760.0 821.0
761.0 817.0
762.0 814.0
763.0 810.0
765.0 807.0
766.0 804.0
767.0 800.0
769.0 796.0
770.0 794.0
771.0 789.0
774.0 786.0
775.0 784.0
777.0 783.0
778.0 781.0
779.0 780.0
781.0 778.0
