19392.0 6136.0
19395.0 6120.0
19397.0 6118.0
19398.0 6108.0
19400.0 6102.0
19402.0 6089.0
19403.0 6086.0
19405.0 6077.0
19406.0 6074.0
19408.0 6072.0
19410.0 6055.0
19413.0 6043.0
19416.0 6038.0
19417.0 6028.0
19419.0 6022.0
19420.0 6012.0
19422.0 6010.0
19423.0 5994.0
19424.0 5984.0
19428.0 5978.0
19430.0 5971.0
19432.0 5950.0
19436.0 5945.0
19438.0 5937.0
19442.0 5932.0
19443.0 5924.0
19446.0 5903.0
19450.0 5898.0
19457.0 5877.0
19461.0 5860.0
19465.0 5855.0
19473.0 5853.0
19474.0 5751.0
19479.0 5748.0
19480.0 5743.0
19481.0 5742.0
19482.0 5717.0
19483.0 5716.0
19484.0 5663.0
19486.0 5657.0
19488.0 5629.0
19490.0 5625.0
19495.0 5624.0
19497.0 5610.0
19504.0 5601.0
19506.0 5595.0
19512.0 5589.0
19516.0 5583.0
19522.0 5582.0
19523.0 5581.0
19525.0 5580.0
19528.0 5576.0
19529.0 5575.0
19532.0 5570.0
19533.0 5569.0
19541.0 5567.0
19542.0 5566.0
19544.0 5561.0
19550.0 5555.0
19554.0 5549.0
19559.0 5546.0
19562.0 5544.0
19565.0 5538.0
19568.0 5533.0
19572.0 5527.0
19576.0 5526.0
19577.0 5525.0
19582.0 5521.0
19583.0 5512.0
19586.0 5510.0
19589.0 5508.0
19590.0 5506.0
19593.0 5504.0
19595.0 5499.0
19598.0 5497.0
19602.0 5493.0
19605.0 5488.0
19609.0 5486.0
19610.0 5474.0
19614.0 5472.0
19616.0 5470.0
19617.0 5467.0
19618.0 5458.0
19622.0 5455.0
19624.0 5454.0
19625.0 5443.0
19629.0 5440.0
19630.0 5431.0
19634.0 5429.0
19636.0 5428.0
19637.0 5416.0
19641.0 5414.0
19643.0 5413.0
19646.0 5409.0
19652.0 5404.0
19657.0 5394.0
19661.0 5392.0
19662.0 5383.0
19666.0 5381.0
19672.0 5377.0
19673.0 5371.0
19674.0 5366.0
19675.0 5364.0
19681.0 5361.0
19683.0 5357.0
19684.0 5355.0
19688.0 5354.0
19690.0 5352.0
19691.0 5351.0
19692.0 5349.0
19694.0 5342.0
19695.0 5340.0
19699.0 5334.0
19700.0 5332.0
19707.0 5328.0
19708.0 5326.0
19710.0 5322.0
19711.0 5320.0
19715.0 5314.0
19716.0 5312.0
19720.0 5310.0
19721.0 5308.0
19724.0 5306.0
19727.0 5300.0
19728.0 5298.0
19734.0 5294.0
19735.0 5292.0
19736.0 5290.0
19737.0 5288.0
19743.0 5286.0
19744.0 5284.0
19745.0 5282.0
19748.0 5276.0
19749.0 5274.0
19756.0 5270.0
19757.0 5268.0
19764.0 5267.0
19767.0 5262.0
19768.0 5260.0
19769.0 5258.0
19774.0 5252.0
19775.0 5250.0
19782.0 5246.0
19783.0 5244.0
19794.0 5236.0
19795.0 5234.0
19801.0 5231.0
19802.0 5229.0
19812.0 5222.0
19813.0 5220.0
19820.0 5219.0
19825.0 5215.0
19826.0 5213.0
19831.0 5211.0
19832.0 5210.0
19833.0 5208.0
19837.0 5206.0
19838.0 5205.0
19843.0 5201.0
19844.0 5199.0
19855.0 5197.0
19856.0 5196.0
19857.0 5194.0
19861.0 5192.0
19862.0 5190.0
19867.0 5187.0
19873.0 5185.0
19874.0 5184.0
19879.0 5180.0
19880.0 5178.0
19886.0 5176.0
19892.0 5175.0
19893.0 5173.0
19896.0 5172.0
19898.0 5170.0
19903.0 5165.0
19904.0 5163.0
19908.0 5161.0
19917.0 5160.0
19918.0 5156.0
19920.0 5142.0
19941.0 5139.0
19943.0 5137.0
19945.0 5132.0
19952.0 5131.0
19953.0 5126.0
19959.0 5125.0
19960.0 5120.0
19964.0 5113.0
19973.0 5106.0
19983.0 5103.0
19990.0 5100.0
19992.0 5096.0
20004.0 5094.0
20005.0 5092.0
20010.0 5090.0
20014.0 5085.0
20015.0 5084.0
20024.0 5082.0
20029.0 5080.0
20032.0 5078.0
20033.0 5075.0
20034.0 5074.0
20038.0 5072.0
20044.0 5070.0
20048.0 5063.0
20057.0 5062.0
20063.0 5058.0
20073.0 5056.0
20078.0 5053.0
20084.0 5049.0
20088.0 5046.0
20094.0 5043.0
20102.0 5038.0
20111.0 5037.0
20117.0 5036.0
20118.0 5032.0
20121.0 5028.0
20126.0 5025.0
20134.0 5023.0
20136.0 5016.0
20156.0 5015.0
20159.0 5014.0
20160.0 5008.0
20166.0 5006.0
20169.0 5005.0
20175.0 5003.0
20185.0 4997.0
20190.0 4994.0
20201.0 4992.0
20206.0 4987.0
20214.0 4986.0
20216.0 4984.0
20217.0 4981.0
20220.0 4976.0
20230.0 4975.0
20231.0 4970.0
20244.0 4964.0
20248.0 4963.0
20258.0 4961.0
20260.0 4960.0
20268.0 4958.0
20269.0 4955.0
20271.0 4953.0
20272.0 4950.0
20282.0 4949.0
20283.0 4944.0
20289.0 4941.0
20296.0 4938.0
20300.0 4935.0
20312.0 4934.0
20313.0 4929.0
20317.0 4928.0
20323.0 4927.0
20329.0 4925.0
20336.0 4924.0
20337.0 4922.0
20339.0 4921.0
20340.0 4918.0
20347.0 4917.0
20348.0 4916.0
20352.0 4915.0
20355.0 4913.0
20356.0 4912.0
20358.0 4910.0
20368.0 4907.0
20369.0 4906.0
20374.0 4904.0
20383.0 4902.0
20388.0 4901.0
20395.0 4900.0
20400.0 4899.0
20401.0 4895.0
20419.0 4893.0
20420.0 4890.0
20438.0 4888.0
20444.0 4884.0
20448.0 4882.0
20456.0 4880.0
20460.0 4878.0
20469.0 4875.0
20477.0 4873.0
20482.0 4870.0
20491.0 4869.0
20494.0 4866.0
20497.0 4861.0
20501.0 4859.0
20509.0 4857.0
20513.0 4855.0
20527.0 4853.0
20531.0 4851.0
20535.0 4847.0
20547.0 4843.0
20562.0 4842.0
20565.0 4839.0
20573.0 4835.0
20577.0 4833.0
20585.0 4831.0
20586.0 4828.0
20598.0 4824.0
20615.0 4823.0
20616.0 4820.0
20627.0 4819.0
20628.0 4816.0
20640.0 4812.0
20659.0 4811.0
20663.0 4809.0
20671.0 4807.0
20679.0 4806.0
20685.0 4803.0
20701.0 4801.0
20708.0 4800.0
20716.0 4798.0
20717.0 4795.0
20730.0 4794.0
20731.0 4791.0
20749.0 4789.0
20763.0 4785.0
20774.0 4784.0
20781.0 4783.0
20783.0 4779.0
20797.0 4775.0
20810.0 4774.0
20811.0 4773.0
20819.0 4769.0
20833.0 4765.0
20865.0 4763.0
20870.0 4762.0
20902.0 4760.0
20940.0 4757.0
20954.0 4756.0
20986.0 4753.0
21031.0 4750.0
21040.0 4749.0
21041.0 4747.0
21046.0 4744.0
21051.0 4742.0
21056.0 4741.0
21063.0 4738.0
21066.0 4736.0
21072.0 4735.0
21081.0 4733.0
21086.0 4731.0
21087.0 4729.0
21096.0 4727.0
21103.0 4725.0
21107.0 4724.0
21114.0 4722.0
21122.0 4718.0
21129.0 4716.0
21144.0 4714.0
21149.0 4713.0
21151.0 4712.0
21161.0 4709.0
21174.0 4708.0
21177.0 4706.0
21184.0 4705.0
21189.0 4702.0
21196.0 4700.0
21203.0 4698.0
21211.0 4694.0
21218.0 4692.0
21288.0 4689.0
21292.0 4688.0
21295.0 4687.0
21299.0 4686.0
21345.0 4685.0
21349.0 4684.0
21375.0 4683.0
21379.0 4682.0
21391.0 4681.0
21395.0 4680.0
21405.0 4679.0
21412.0 4677.0
21428.0 4675.0
21440.0 4674.0
21456.0 4672.0
21473.0 4671.0
21499.0 4670.0
21516.0 4669.0
21565.0 4668.0
21572.0 4666.0
21588.0 4664.0
21605.0 4663.0
21631.0 4662.0
21648.0 4661.0
