7931.0 1297.0
7938.0 1267.0
7945.0 1260.0
7946.0 1249.0
7947.0 1241.0
7952.0 1237.0
7954.0 1233.0
7955.0 1225.0
7960.0 1221.0
7964.0 1218.0
7967.0 1211.0
7970.0 1206.0
7971.0 1205.0
7975.0 1202.0
7976.0 1201.0
7980.0 1198.0
7981.0 1190.0
7984.0 1183.0
7989.0 1179.0
7996.0 1176.0
8001.0 1172.0
8012.0 1169.0
8014.0 1167.0
8017.0 1165.0
8019.0 1163.0
8021.0 1162.0
8022.0 1156.0
8024.0 1155.0
8033.0 1154.0
8036.0 1147.0
8043.0 1141.0
8052.0 1138.0
8054.0 1137.0
8059.0 1131.0
8065.0 1130.0
8069.0 1129.0
8071.0 1124.0
8078.0 1123.0
8082.0 1122.0
8085.0 1116.0
8086.0 1115.0
8088.0 1114.0
8089.0 1111.0
8091.0 1108.0
8092.0 1105.0
8095.0 1103.0
8098.0 1097.0
8105.0 1095.0
8108.0 1093.0
8111.0 1087.0
8118.0 1086.0
8120.0 1085.0
8121.0 1084.0
8123.0 1083.0
8124.0 1078.0
8132.0 1073.0
8139.0 1070.0
8141.0 1069.0
8143.0 1059.0
8149.0 1057.0
8151.0 1055.0
8157.0 1053.0
8160.0 1051.0
8161.0 1047.0
8162.0 1045.0
8165.0 1035.0
8169.0 1031.0
8175.0 1029.0
8179.0 1026.0
8185.0 1024.0
8186.0 1023.0
8192.0 1021.0
8196.0 1019.0
8200.0 1015.0
8201.0 1013.0
8205.0 1009.0
8211.0 1007.0
8215.0 1004.0
8221.0 1002.0
8222.0 1001.0
8228.0 999.0
8233.0 998.0
8237.0 995.0
8238.0 994.0
8248.0 989.0
8254.0 987.0
8255.0 986.0
8261.0 985.0
8262.0 984.0
8266.0 979.0
8277.0 976.0
8281.0 973.0
8286.0 972.0
8292.0 970.0
8297.0 969.0
8301.0 966.0
8312.0 963.0
8323.0 961.0
8324.0 960.0
8332.0 957.0
8343.0 954.0
8355.0 951.0
8365.0 950.0
8366.0 948.0
8376.0 947.0
8389.0 945.0
8391.0 944.0
8401.0 936.0
8419.0 935.0
8425.0 933.0
8430.0 932.0
8431.0 930.0
8432.0 925.0
8438.0 922.0
8457.0 919.0
8461.0 918.0
8480.0 915.0
8536.0 914.0
8553.0 913.0
8554.0 911.0
8557.0 909.0
8558.0 908.0
8562.0 907.0
8575.0 902.0
8578.0 900.0
8582.0 899.0
8603.0 898.0
8611.0 896.0
8619.0 894.0
8627.0 892.0
8635.0 891.0
8648.0 889.0
8651.0 887.0
8686.0 886.0
8697.0 885.0
8712.0 883.0
