12939.0 3373.0
12945.0 3372.0
12948.0 3358.0
12954.0 3348.0
12956.0 3337.0
12961.0 3328.0
12965.0 3322.0
12967.0 3306.0
12973.0 3305.0
12976.0 3291.0
12982.0 3290.0
12983.0 3289.0
12985.0 3288.0
12986.0 3287.0
12992.0 3274.0
12994.0 3273.0
12995.0 3271.0
12999.0 3266.0
13005.0 3252.0
13008.0 3246.0
13014.0 3239.0
13016.0 3231.0
13018.0 3228.0
13022.0 3221.0
13024.0 3218.0
13029.0 3217.0
13032.0 3208.0
13034.0 3205.0
13035.0 3203.0
13036.0 3200.0
13038.0 3192.0
13040.0 3189.0
13045.0 3184.0
13046.0 3180.0
13050.0 3174.0
13053.0 3172.0
13054.0 3163.0
13056.0 3161.0
13060.0 3155.0
13063.0 3153.0
13064.0 3152.0
13065.0 3140.0
13071.0 3131.0
13074.0 3130.0
13080.0 3129.0
13083.0 3121.0
13084.0 3111.0
13087.0 3110.0
13089.0 3109.0
13098.0 3104.0
13099.0 3099.0
13102.0 3089.0
13110.0 3088.0
13112.0 3081.0
13117.0 3073.0
13120.0 3072.0
13122.0 3071.0
13125.0 3070.0
13126.0 3068.0
13130.0 3066.0
13132.0 3060.0
13135.0 3054.0
13143.0 3050.0
13145.0 3046.0
13150.0 3038.0
13153.0 3035.0
13156.0 3027.0
13159.0 3024.0
13166.0 3014.0
13172.0 3013.0
13175.0 3005.0
13178.0 3002.0
13183.0 3000.0
13185.0 2992.0
13192.0 2991.0
13195.0 2988.0
13196.0 2986.0
13202.0 2978.0
13207.0 2975.0
13210.0 2970.0
13212.0 2969.0
13215.0 2960.0
13221.0 2951.0
13224.0 2947.0
13227.0 2946.0
13232.0 2943.0
13233.0 2937.0
13236.0 2933.0
13244.0 2929.0
13245.0 2928.0
13248.0 2925.0
13249.0 2923.0
13251.0 2919.0
13253.0 2918.0
13254.0 2915.0
13255.0 2914.0
13257.0 2912.0
13258.0 2910.0
13259.0 2909.0
13261.0 2907.0
13262.0 2905.0
13263.0 2904.0
13265.0 2903.0
13266.0 2900.0
13268.0 2899.0
13269.0 2898.0
13270.0 2896.0
13272.0 2894.0
13284.0 2890.0
13290.0 2887.0
13292.0 2886.0
13293.0 2885.0
13296.0 2881.0
13300.0 2880.0
13304.0 2878.0
13309.0 2873.0
13312.0 2871.0
13316.0 2869.0
13317.0 2868.0
13321.0 2864.0
13326.0 2861.0
13327.0 2860.0
13338.0 2859.0
13339.0 2851.0
13344.0 2848.0
13352.0 2846.0
13356.0 2845.0
13357.0 2842.0
13364.0 2837.0
13369.0 2834.0
13381.0 2826.0
13391.0 2823.0
13398.0 2822.0
13400.0 2819.0
13410.0 2816.0
13411.0 2815.0
13421.0 2812.0
13428.0 2811.0
13430.0 2808.0
13438.0 2806.0
13440.0 2805.0
13443.0 2795.0
13456.0 2791.0
13461.0 2790.0
13467.0 2783.0
13472.0 2779.0
13479.0 2778.0
13485.0 2775.0
13490.0 2774.0
13497.0 2773.0
13500.0 2772.0
13503.0 2769.0
13505.0 2767.0
13511.0 2766.0
13512.0 2764.0
13516.0 2762.0
13517.0 2760.0
13522.0 2758.0
13523.0 2756.0
13527.0 2755.0
13528.0 2751.0
13540.0 2749.0
13545.0 2747.0
13548.0 2746.0
13550.0 2741.0
13558.0 2734.0
13567.0 2732.0
13571.0 2727.0
13573.0 2725.0
13579.0 2723.0
13580.0 2722.0
13581.0 2718.0
13593.0 2715.0
13594.0 2711.0
13626.0 2708.0
13631.0 2704.0
13635.0 2702.0
13647.0 2699.0
13648.0 2695.0
13673.0 2694.0
13676.0 2693.0
13680.0 2692.0
13681.0 2691.0
13699.0 2690.0
13701.0 2689.0
13703.0 2685.0
13710.0 2683.0
13736.0 2681.0
13741.0 2678.0
13748.0 2676.0
13755.0 2673.0
13762.0 2671.0
13787.0 2670.0
13788.0 2669.0
13792.0 2667.0
13796.0 2666.0
13800.0 2664.0
13808.0 2663.0
13818.0 2660.0
13824.0 2658.0
13834.0 2655.0
13842.0 2654.0
13844.0 2651.0
13858.0 2649.0
13862.0 2648.0
13868.0 2645.0
13872.0 2644.0
13886.0 2642.0
13888.0 2639.0
13896.0 2638.0
13898.0 2635.0
13912.0 2633.0
13922.0 2629.0
13934.0 2628.0
13960.0 2627.0
13972.0 2624.0
13984.0 2623.0
13998.0 2622.0
14002.0 2620.0
14013.0 2619.0
14020.0 2617.0
14021.0 2615.0
14023.0 2613.0
14041.0 2610.0
14047.0 2608.0
14058.0 2607.0
14060.0 2605.0
14062.0 2603.0
14068.0 2601.0
14081.0 2598.0
14083.0 2596.0
14105.0 2595.0
14107.0 2593.0
