19387.0 5902.0
19391.0 5900.0
19392.0 5891.0
19394.0 5883.0
19395.0 5872.0
19399.0 5870.0
19400.0 5861.0
19402.0 5853.0
19406.0 5843.0
19407.0 5842.0
19408.0 5841.0
19409.0 5840.0
19411.0 5832.0
19412.0 5831.0
19413.0 5824.0
19415.0 5822.0
19416.0 5821.0
19417.0 5820.0
19418.0 5813.0
19420.0 5811.0
19421.0 5806.0
19422.0 5803.0
19423.0 5802.0
19424.0 5798.0
19426.0 5795.0
19427.0 5789.0
19429.0 5787.0
19431.0 5785.0
19432.0 5777.0
19433.0 5774.0
19435.0 5769.0
19437.0 5767.0
19438.0 5760.0
19440.0 5758.0
19442.0 5756.0
19443.0 5749.0
19445.0 5747.0
19448.0 5737.0
19451.0 5728.0
19456.0 5719.0
19457.0 5710.0
19461.0 5708.0
19463.0 5706.0
19464.0 5701.0
19467.0 5690.0
19469.0 5688.0
19472.0 5686.0
19474.0 5684.0
19477.0 5683.0
19478.0 5668.0
19480.0 5666.0
19488.0 5661.0
19489.0 5651.0
19495.0 5645.0
19497.0 5643.0
19498.0 5641.0
19500.0 5631.0
19507.0 5617.0
19514.0 5616.0
19515.0 5607.0
19521.0 5602.0
19522.0 5593.0
19532.0 5586.0
19534.0 5585.0
19537.0 5577.0
19540.0 5572.0
19541.0 5571.0
19544.0 5567.0
19545.0 5561.0
19546.0 5559.0
19549.0 5555.0
19550.0 5553.0
19552.0 5552.0
19554.0 5551.0
19556.0 5546.0
19558.0 5545.0
19560.0 5540.0
19566.0 5535.0
19569.0 5531.0
19572.0 5530.0
19573.0 5528.0
19574.0 5524.0
19575.0 5520.0
19579.0 5514.0
19584.0 5512.0
19585.0 5507.0
19587.0 5505.0
19589.0 5501.0
19591.0 5499.0
19597.0 5493.0
19601.0 5489.0
19605.0 5483.0
19611.0 5476.0
19613.0 5474.0
19615.0 5470.0
19617.0 5468.0
19623.0 5462.0
19627.0 5461.0
19628.0 5460.0
19629.0 5452.0
19630.0 5450.0
19632.0 5447.0
19633.0 5445.0
19634.0 5437.0
19635.0 5435.0
19636.0 5434.0
19637.0 5433.0
19639.0 5424.0
19640.0 5421.0
19641.0 5419.0
19645.0 5408.0
19651.0 5400.0
19655.0 5394.0
19660.0 5382.0
19668.0 5380.0
19669.0 5378.0
19670.0 5372.0
19673.0 5368.0
19677.0 5363.0
19681.0 5361.0
19685.0 5354.0
19686.0 5349.0
19693.0 5347.0
19694.0 5342.0
19696.0 5338.0
19704.0 5337.0
19706.0 5333.0
19707.0 5331.0
19710.0 5330.0
19711.0 5325.0
19715.0 5323.0
19719.0 5318.0
19721.0 5314.0
19729.0 5313.0
19730.0 5307.0
19736.0 5305.0
19737.0 5297.0
19740.0 5296.0
19742.0 5285.0
19752.0 5279.0
19753.0 5278.0
19754.0 5276.0
19761.0 5271.0
19765.0 5269.0
19767.0 5261.0
19776.0 5259.0
19777.0 5255.0
19779.0 5252.0
19786.0 5247.0
19792.0 5243.0
19793.0 5237.0
19801.0 5235.0
19804.0 5234.0
19807.0 5233.0
19809.0 5231.0
19810.0 5224.0
19813.0 5223.0
19817.0 5219.0
19821.0 5218.0
19823.0 5216.0
19827.0 5211.0
19829.0 5210.0
19833.0 5209.0
19835.0 5207.0
19836.0 5205.0
19841.0 5204.0
19842.0 5202.0
19843.0 5195.0
19851.0 5193.0
19855.0 5189.0
19860.0 5182.0
19863.0 5181.0
19870.0 5179.0
19871.0 5176.0
19873.0 5174.0
19877.0 5169.0
19879.0 5168.0
19883.0 5167.0
19885.0 5164.0
19888.0 5163.0
19890.0 5157.0
19894.0 5151.0
19902.0 5143.0
19910.0 5141.0
19914.0 5140.0
19918.0 5133.0
19922.0 5132.0
19932.0 5129.0
19936.0 5127.0
19939.0 5126.0
19942.0 5123.0
19943.0 5120.0
19949.0 5117.0
19951.0 5112.0
19957.0 5109.0
19958.0 5104.0
19967.0 5102.0
19972.0 5099.0
19977.0 5097.0
19979.0 5095.0
19985.0 5089.0
19993.0 5087.0
19995.0 5085.0
20001.0 5079.0
20006.0 5078.0
20010.0 5077.0
20011.0 5072.0
20018.0 5071.0
20020.0 5070.0
20021.0 5069.0
20022.0 5064.0
20028.0 5062.0
20029.0 5057.0
20038.0 5055.0
20039.0 5054.0
20040.0 5049.0
20049.0 5046.0
20051.0 5041.0
20060.0 5038.0
20071.0 5036.0
20075.0 5035.0
20076.0 5032.0
20081.0 5031.0
20082.0 5026.0
20087.0 5024.0
20092.0 5023.0
20093.0 5018.0
20102.0 5015.0
20110.0 5010.0
20119.0 5007.0
20132.0 5006.0
20133.0 5001.0
20138.0 4999.0
20143.0 4998.0
20144.0 4993.0
20153.0 4990.0
20161.0 4985.0
20170.0 4982.0
20185.0 4979.0
20189.0 4976.0
20199.0 4974.0
20207.0 4969.0
20216.0 4966.0
20225.0 4965.0
20231.0 4963.0
20233.0 4962.0
20235.0 4960.0
20238.0 4958.0
20249.0 4957.0
20250.0 4954.0
20256.0 4951.0
20265.0 4949.0
20267.0 4946.0
20276.0 4943.0
20282.0 4941.0
20284.0 4938.0
20305.0 4935.0
20309.0 4934.0
20311.0 4932.0
20318.0 4931.0
20321.0 4929.0
20322.0 4927.0
20329.0 4926.0
20338.0 4921.0
20345.0 4920.0
20355.0 4918.0
20357.0 4916.0
20364.0 4915.0
20367.0 4913.0
20374.0 4912.0
20378.0 4911.0
20380.0 4909.0
20384.0 4905.0
20391.0 4904.0
20407.0 4903.0
20411.0 4901.0
20418.0 4900.0
20419.0 4898.0
20424.0 4895.0
20431.0 4894.0
20449.0 4893.0
20451.0 4891.0
20459.0 4888.0
20464.0 4886.0
20470.0 4883.0
20478.0 4876.0
20482.0 4874.0
20492.0 4873.0
20495.0 4868.0
20499.0 4866.0
20502.0 4865.0
20508.0 4863.0
20511.0 4862.0
20512.0 4861.0
20516.0 4858.0
20525.0 4855.0
20529.0 4853.0
20530.0 4849.0
20539.0 4846.0
20546.0 4845.0
20547.0 4844.0
20556.0 4843.0
20560.0 4836.0
20569.0 4833.0
20577.0 4831.0
20586.0 4830.0
20592.0 4828.0
20594.0 4827.0
20596.0 4826.0
20597.0 4824.0
20607.0 4823.0
20610.0 4822.0
20611.0 4815.0
20620.0 4812.0
20624.0 4810.0
20637.0 4809.0
20638.0 4804.0
20641.0 4802.0
20655.0 4796.0
20664.0 4795.0
20668.0 4793.0
20673.0 4792.0
20674.0 4791.0
20681.0 4787.0
20685.0 4785.0
20700.0 4780.0
20704.0 4778.0
20714.0 4777.0
20723.0 4775.0
20726.0 4774.0
20729.0 4772.0
20733.0 4770.0
20746.0 4769.0
20750.0 4766.0
20762.0 4765.0
20769.0 4763.0
20781.0 4762.0
20813.0 4760.0
20861.0 4759.0
20865.0 4758.0
20869.0 4756.0
20874.0 4755.0
20885.0 4754.0
20889.0 4749.0
20899.0 4748.0
20909.0 4747.0
20914.0 4742.0
20923.0 4741.0
20934.0 4740.0
20946.0 4737.0
20948.0 4734.0
20981.0 4733.0
21038.0 4732.0
21049.0 4729.0
21065.0 4728.0
21071.0 4727.0
21081.0 4724.0
21083.0 4721.0
21099.0 4720.0
21105.0 4717.0
21115.0 4716.0
21125.0 4715.0
21127.0 4712.0
21135.0 4708.0
21145.0 4707.0
21157.0 4705.0
21158.0 4703.0
21163.0 4701.0
21165.0 4699.0
21175.0 4698.0
21185.0 4697.0
21187.0 4696.0
21193.0 4692.0
21203.0 4691.0
21215.0 4689.0
21225.0 4688.0
