411.0 1365.0
413.0 1283.0
414.0 1274.0
415.0 1261.0
416.0 1252.0
417.0 1247.0
418.0 1225.0
419.0 1213.0
421.0 1207.0
422.0 1197.0
424.0 1191.0
425.0 1184.0
427.0 1178.0
428.0 1177.0
429.0 1171.0
431.0 1165.0
433.0 1162.0
434.0 1161.0
435.0 1156.0
436.0 1153.0
438.0 1147.0
439.0 1140.0
441.0 1136.0
442.0 1135.0
443.0 1127.0
445.0 1118.0
446.0 1113.0
447.0 1110.0
448.0 1108.0
449.0 1099.0
450.0 1090.0
453.0 1086.0
454.0 1081.0
457.0 1080.0
458.0 1076.0
460.0 1074.0
461.0 1072.0
462.0 1067.0
464.0 1065.0
465.0 1063.0
468.0 1061.0
469.0 1053.0
472.0 1048.0
474.0 1047.0
475.0 1042.0
476.0 1040.0
478.0 1038.0
479.0 1037.0
481.0 1035.0
483.0 1031.0
484.0 1029.0
486.0 1025.0
487.0 1022.0
488.0 1019.0
489.0 1015.0
491.0 1013.0
492.0 1009.0
494.0 1008.0
496.0 1004.0
497.0 1002.0
499.0 995.0
501.0 994.0
502.0 989.0
504.0 988.0
507.0 985.0
514.0 980.0
517.0 977.0
533.0 976.0
