195.0 1285.0
196.0 1254.0
197.0 1233.0
199.0 1219.0
201.0 1206.0
202.0 1199.0
203.0 1172.0
204.0 1165.0
205.0 1158.0
206.0 1153.0
207.0 1146.0
209.0 1142.0
210.0 1131.0
211.0 1124.0
212.0 1121.0
214.0 1120.0
215.0 1113.0
217.0 1101.0
218.0 1098.0
219.0 1095.0
221.0 1094.0
222.0 1084.0
223.0 1077.0
227.0 1071.0
229.0 1067.0
231.0 1064.0
232.0 1062.0
233.0 1057.0
235.0 1056.0
236.0 1050.0
237.0 1044.0
238.0 1040.0
242.0 1039.0
243.0 1034.0
244.0 1030.0
246.0 1028.0
248.0 1026.0
249.0 1024.0
250.0 1019.0
251.0 1016.0
252.0 1015.0
253.0 1008.0
256.0 1004.0
259.0 1003.0
264.0 1002.0
266.0 997.0
269.0 994.0
271.0 992.0
272.0 990.0
273.0 988.0
274.0 985.0
276.0 981.0
279.0 978.0
281.0 976.0
282.0 974.0
284.0 969.0
287.0 968.0
291.0 964.0
303.0 963.0
304.0 962.0
307.0 959.0
308.0 958.0
321.0 957.0
322.0 956.0
323.0 955.0
324.0 954.0
