5676.0 752.0
5684.0 751.0
5692.0 733.0
5706.0 732.0
5710.0 725.0
5722.0 712.0
5728.0 711.0
5730.0 694.0
5736.0 687.0
5748.0 685.0
5754.0 678.0
5768.0 677.0
5772.0 675.0
5778.0 668.0
5796.0 663.0
5804.0 660.0
5806.0 659.0
5812.0 658.0
5814.0 656.0
5820.0 640.0
5834.0 638.0
5838.0 635.0
5848.0 632.0
5850.0 620.0
5864.0 618.0
5866.0 616.0
5868.0 615.0
5874.0 610.0
5884.0 602.0
5894.0 601.0
5912.0 600.0
5918.0 595.0
5934.0 592.0
5938.0 590.0
5944.0 586.0
5950.0 579.0
5978.0 578.0
5994.0 573.0
6012.0 572.0
6020.0 566.0
6034.0 564.0
6036.0 563.0
6050.0 562.0
6062.0 561.0
6080.0 559.0
6094.0 558.0
6100.0 554.0
6146.0 553.0
6154.0 551.0
6174.0 546.0
6296.0 545.0
6300.0 544.0
6302.0 542.0
6306.0 541.0
6312.0 538.0
6316.0 537.0
6326.0 536.0
6334.0 535.0
6344.0 534.0
6394.0 532.0
6402.0 530.0
6404.0 528.0
6424.0 527.0
6474.0 525.0
6524.0 524.0
6526.0 522.0
6580.0 519.0
6650.0 516.0
