7931.0 1297.0
7938.0 1267.0
7945.0 1260.0
7946.0 1249.0
7947.0 1241.0
7952.0 1237.0
7954.0 1233.0
7955.0 1225.0
7960.0 1221.0
7964.0 1218.0
7967.0 1211.0
7970.0 1206.0
7971.0 1205.0
7975.0 1202.0
7976.0 1201.0
7980.0 1198.0
7981.0 1190.0
7984.0 1183.0
7989.0 1179.0
7996.0 1176.0
8001.0 1172.0
8012.0 1169.0
8014.0 1167.0
8017.0 1165.0
8019.0 1163.0
8021.0 1162.0
8022.0 1156.0
8024.0 1155.0
8033.0 1154.0
8036.0 1147.0
8043.0 1141.0
8052.0 1138.0
8054.0 1137.0
8059.0 1131.0
8062.0 1128.0
8067.0 1124.0
8068.0 1119.0
8072.0 1110.0
8078.0 1105.0
8084.0 1098.0
8092.0 1084.0
8104.0 1083.0
8108.0 1081.0
8111.0 1075.0
8114.0 1073.0
8120.0 1067.0
8125.0 1062.0
8142.0 1059.0
8144.0 1057.0
8147.0 1056.0
8148.0 1052.0
8152.0 1051.0
8153.0 1050.0
8155.0 1045.0
8171.0 1043.0
8175.0 1041.0
8180.0 1039.0
8184.0 1037.0
8188.0 1035.0
8194.0 1032.0
8205.0 1030.0
8207.0 1026.0
8215.0 1024.0
8220.0 1023.0
8224.0 1020.0
8225.0 1018.0
8229.0 1017.0
8233.0 1014.0
8234.0 1013.0
8242.0 1011.0
8250.0 1003.0
8255.0 1000.0
8260.0 997.0
8265.0 994.0
8270.0 991.0
8275.0 988.0
8280.0 987.0
8285.0 984.0
8289.0 980.0
8298.0 978.0
8309.0 976.0
8311.0 969.0
8320.0 967.0
8329.0 966.0
8331.0 965.0
8333.0 964.0
8334.0 962.0
8340.0 960.0
8351.0 958.0
8356.0 956.0
8359.0 952.0
8366.0 948.0
8376.0 947.0
8378.0 945.0
8388.0 937.0
8410.0 932.0
8415.0 931.0
8421.0 928.0
8436.0 921.0
8441.0 920.0
8476.0 918.0
8477.0 915.0
8482.0 914.0
8517.0 912.0
8556.0 910.0
8557.0 909.0
8578.0 905.0
8600.0 904.0
8602.0 903.0
8681.0 902.0
8689.0 901.0
8697.0 900.0
