5376.0 719.0
5381.0 691.0
5384.0 687.0
5387.0 668.0
5394.0 662.0
5395.0 659.0
5400.0 654.0
5402.0 653.0
5408.0 645.0
5409.0 644.0
5414.0 642.0
5416.0 638.0
5422.0 630.0
5431.0 629.0
5435.0 628.0
5436.0 622.0
5439.0 621.0
5441.0 620.0
5450.0 619.0
5453.0 613.0
5458.0 611.0
5468.0 610.0
5478.0 609.0
5484.0 607.0
5491.0 605.0
5499.0 603.0
5504.0 601.0
5515.0 596.0
5523.0 591.0
5529.0 588.0
5535.0 587.0
5537.0 582.0
5554.0 576.0
5566.0 573.0
5576.0 571.0
5588.0 562.0
5615.0 559.0
5622.0 557.0
5623.0 556.0
5627.0 550.0
5634.0 548.0
5640.0 547.0
5646.0 541.0
5654.0 538.0
5659.0 537.0
5663.0 534.0
5667.0 532.0
5676.0 530.0
5686.0 529.0
5688.0 527.0
5693.0 525.0
5703.0 522.0
5710.0 521.0
5714.0 520.0
5719.0 518.0
5731.0 516.0
5762.0 512.0
5781.0 511.0
5802.0 510.0
5847.0 509.0
5849.0 506.0
5882.0 505.0
5914.0 504.0
