7958.0 1314.0
7960.0 1308.0
7965.0 1303.0
7966.0 1300.0
7968.0 1294.0
7972.0 1289.0
7974.0 1261.0
7984.0 1259.0
7985.0 1215.0
7994.0 1213.0
7995.0 1198.0
7997.0 1197.0
8000.0 1190.0
8003.0 1188.0
8004.0 1184.0
8007.0 1182.0
8008.0 1179.0
8012.0 1172.0
8017.0 1166.0
8021.0 1165.0
8023.0 1160.0
8027.0 1156.0
8029.0 1155.0
8032.0 1150.0
8035.0 1149.0
8037.0 1148.0
8039.0 1145.0
8041.0 1141.0
8044.0 1139.0
8046.0 1135.0
8050.0 1131.0
8053.0 1130.0
8055.0 1125.0
8058.0 1124.0
8062.0 1120.0
8067.0 1114.0
8075.0 1112.0
8078.0 1108.0
8084.0 1106.0
8086.0 1104.0
8087.0 1101.0
8090.0 1097.0
8101.0 1095.0
8105.0 1092.0
8107.0 1091.0
8108.0 1089.0
8112.0 1083.0
8114.0 1082.0
8123.0 1076.0
8125.0 1075.0
8130.0 1067.0
8132.0 1066.0
8146.0 1059.0
8158.0 1058.0
8159.0 1053.0
8166.0 1050.0
8178.0 1049.0
8180.0 1047.0
8182.0 1042.0
8189.0 1033.0
8197.0 1029.0
8201.0 1027.0
8204.0 1025.0
8205.0 1023.0
8206.0 1022.0
8211.0 1016.0
8213.0 1013.0
8222.0 1010.0
8223.0 1007.0
8231.0 1001.0
8238.0 1000.0
8242.0 998.0
8246.0 997.0
8248.0 996.0
8252.0 995.0
8255.0 993.0
8258.0 990.0
8262.0 988.0
8268.0 983.0
8274.0 981.0
8280.0 976.0
8284.0 974.0
8290.0 972.0
8297.0 971.0
8298.0 970.0
8301.0 969.0
8307.0 967.0
8313.0 965.0
8319.0 963.0
8326.0 962.0
8330.0 960.0
8334.0 959.0
8336.0 958.0
8343.0 956.0
8346.0 952.0
8350.0 950.0
8371.0 948.0
8380.0 947.0
8387.0 946.0
8390.0 942.0
8402.0 941.0
8415.0 940.0
8418.0 939.0
8421.0 935.0
8437.0 934.0
8446.0 933.0
8453.0 932.0
8462.0 931.0
8485.0 928.0
8494.0 927.0
8536.0 926.0
8562.0 924.0
8567.0 923.0
8568.0 921.0
8572.0 918.0
8586.0 917.0
8587.0 916.0
8588.0 914.0
8612.0 910.0
8623.0 909.0
8624.0 905.0
8638.0 904.0
8695.0 900.0
8709.0 899.0
