316.0 702.0
317.0 685.0
318.0 677.0
319.0 669.0
320.0 663.0
321.0 658.0
322.0 655.0
323.0 652.0
324.0 637.0
325.0 632.0
326.0 626.0
327.0 621.0
328.0 585.0
330.0 574.0
331.0 573.0
332.0 564.0
333.0 563.0
334.0 560.0
335.0 554.0
336.0 550.0
337.0 547.0
338.0 543.0
339.0 542.0
342.0 541.0
343.0 536.0
344.0 532.0
345.0 530.0
347.0 529.0
348.0 526.0
350.0 523.0
351.0 521.0
353.0 519.0
355.0 515.0
356.0 511.0
358.0 507.0
359.0 504.0
362.0 503.0
364.0 500.0
367.0 499.0
369.0 495.0
370.0 494.0
372.0 491.0
373.0 490.0
