523.0 1351.0
524.0 1326.0
525.0 1317.0
526.0 1304.0
527.0 1303.0
528.0 1289.0
529.0 1280.0
530.0 1279.0
531.0 1267.0
532.0 1266.0
534.0 1258.0
535.0 1257.0
536.0 1245.0
537.0 1244.0
539.0 1236.0
540.0 1229.0
541.0 1226.0
542.0 1223.0
543.0 1216.0
544.0 1210.0
545.0 1207.0
547.0 1201.0
548.0 1198.0
550.0 1194.0
551.0 1191.0
552.0 1188.0
553.0 1181.0
554.0 1175.0
555.0 1172.0
557.0 1170.0
558.0 1164.0
559.0 1161.0
560.0 1160.0
561.0 1159.0
562.0 1156.0
563.0 1153.0
564.0 1152.0
565.0 1151.0
566.0 1148.0
567.0 1146.0
568.0 1143.0
569.0 1142.0
570.0 1138.0
572.0 1137.0
573.0 1134.0
574.0 1133.0
575.0 1129.0
576.0 1128.0
578.0 1123.0
581.0 1120.0
582.0 1117.0
583.0 1116.0
584.0 1114.0
585.0 1110.0
587.0 1106.0
589.0 1099.0
590.0 1097.0
592.0 1091.0
594.0 1087.0
597.0 1078.0
603.0 1077.0
611.0 1075.0
614.0 1071.0
626.0 1067.0
628.0 1063.0
630.0 1057.0
