193.0 1314.0
194.0 1300.0
195.0 1293.0
196.0 1239.0
197.0 1228.0
198.0 1227.0
199.0 1198.0
200.0 1179.0
201.0 1176.0
202.0 1174.0
203.0 1169.0
204.0 1166.0
206.0 1159.0
207.0 1156.0
208.0 1154.0
209.0 1149.0
210.0 1146.0
211.0 1142.0
213.0 1137.0
214.0 1132.0
216.0 1128.0
217.0 1116.0
219.0 1111.0
220.0 1106.0
222.0 1104.0
223.0 1099.0
225.0 1097.0
227.0 1093.0
228.0 1090.0
229.0 1088.0
230.0 1084.0
231.0 1081.0
232.0 1079.0
233.0 1074.0
234.0 1072.0
235.0 1070.0
236.0 1066.0
237.0 1064.0
238.0 1063.0
239.0 1058.0
240.0 1056.0
241.0 1054.0
242.0 1051.0
243.0 1046.0
244.0 1045.0
245.0 1039.0
246.0 1037.0
247.0 1034.0
248.0 1029.0
249.0 1027.0
250.0 1022.0
252.0 1015.0
255.0 1014.0
257.0 1010.0
258.0 1009.0
259.0 1006.0
261.0 1004.0
264.0 1002.0
265.0 1001.0
276.0 999.0
277.0 998.0
278.0 995.0
279.0 992.0
280.0 990.0
281.0 987.0
283.0 983.0
285.0 978.0
290.0 975.0
296.0 972.0
298.0 970.0
299.0 969.0
300.0 968.0
301.0 965.0
303.0 963.0
304.0 962.0
307.0 959.0
308.0 958.0
321.0 957.0
322.0 956.0
323.0 955.0
324.0 954.0
