323.0 1218.0
324.0 1209.0
325.0 1155.0
327.0 1142.0
329.0 1121.0
331.0 1111.0
332.0 1097.0
334.0 1083.0
335.0 1081.0
336.0 1073.0
337.0 1070.0
338.0 1061.0
339.0 1049.0
340.0 1035.0
341.0 1031.0
343.0 1019.0
344.0 1016.0
345.0 1015.0
346.0 997.0
348.0 985.0
350.0 975.0
351.0 973.0
352.0 963.0
353.0 961.0
354.0 953.0
356.0 949.0
357.0 945.0
358.0 941.0
360.0 935.0
361.0 933.0
362.0 932.0
363.0 927.0
364.0 919.0
366.0 918.0
367.0 912.0
368.0 907.0
370.0 902.0
371.0 901.0
372.0 898.0
373.0 892.0
376.0 885.0
378.0 881.0
379.0 880.0
380.0 877.0
382.0 873.0
384.0 869.0
386.0 865.0
392.0 861.0
394.0 857.0
399.0 855.0
400.0 854.0
401.0 849.0
403.0 848.0
405.0 845.0
407.0 844.0
410.0 843.0
411.0 839.0
416.0 838.0
420.0 833.0
429.0 829.0
