416.0 1254.0
417.0 1241.0
418.0 1216.0
420.0 1194.0
422.0 1177.0
424.0 1165.0
426.0 1161.0
427.0 1155.0
428.0 1149.0
429.0 1143.0
430.0 1141.0
431.0 1139.0
432.0 1137.0
433.0 1127.0
434.0 1126.0
435.0 1123.0
436.0 1122.0
437.0 1121.0
438.0 1116.0
439.0 1115.0
440.0 1113.0
441.0 1111.0
442.0 1109.0
443.0 1108.0
444.0 1095.0
445.0 1094.0
446.0 1093.0
447.0 1089.0
448.0 1088.0
449.0 1085.0
450.0 1084.0
451.0 1077.0
453.0 1075.0
454.0 1072.0
455.0 1071.0
456.0 1070.0
457.0 1067.0
459.0 1065.0
460.0 1061.0
462.0 1060.0
463.0 1057.0
464.0 1055.0
465.0 1054.0
466.0 1050.0
467.0 1047.0
468.0 1043.0
469.0 1042.0
470.0 1035.0
474.0 1031.0
477.0 1027.0
482.0 1024.0
485.0 1020.0
488.0 1015.0
489.0 1014.0
491.0 1008.0
492.0 1007.0
494.0 1006.0
495.0 1005.0
496.0 1004.0
499.0 999.0
500.0 998.0
504.0 997.0
505.0 993.0
506.0 992.0
510.0 986.0
511.0 985.0
514.0 982.0
515.0 981.0
520.0 974.0
524.0 970.0
528.0 964.0
