7931.0 1297.0
7938.0 1267.0
7945.0 1260.0
7946.0 1249.0
7947.0 1241.0
7952.0 1237.0
7954.0 1233.0
7955.0 1225.0
7960.0 1221.0
7964.0 1218.0
7967.0 1211.0
7970.0 1206.0
7971.0 1205.0
7975.0 1202.0
7976.0 1201.0
7980.0 1198.0
7981.0 1190.0
7984.0 1183.0
7989.0 1179.0
7996.0 1176.0
8001.0 1172.0
8002.0 1170.0
8011.0 1168.0
8013.0 1167.0
8016.0 1147.0
8030.0 1143.0
8033.0 1136.0
8037.0 1125.0
8049.0 1123.0
8050.0 1120.0
8051.0 1107.0
8069.0 1105.0
8070.0 1101.0
8076.0 1099.0
8077.0 1094.0
8083.0 1082.0
8089.0 1080.0
8096.0 1079.0
8103.0 1076.0
8111.0 1070.0
8121.0 1069.0
8126.0 1068.0
8131.0 1063.0
8133.0 1060.0
8141.0 1050.0
8144.0 1041.0
8156.0 1040.0
8158.0 1039.0
8164.0 1031.0
8173.0 1022.0
8185.0 1021.0
8187.0 1020.0
8194.0 1017.0
8195.0 1016.0
8198.0 1012.0
8207.0 1011.0
8209.0 1002.0
8220.0 1000.0
8221.0 998.0
8232.0 996.0
8242.0 993.0
8246.0 991.0
8250.0 990.0
8253.0 989.0
8258.0 987.0
8262.0 980.0
8267.0 979.0
8271.0 977.0
8274.0 976.0
8285.0 974.0
8292.0 972.0
8297.0 968.0
8304.0 964.0
8316.0 960.0
8323.0 958.0
8332.0 957.0
8344.0 955.0
8353.0 954.0
8370.0 953.0
8382.0 951.0
8387.0 948.0
8394.0 946.0
8415.0 943.0
8419.0 939.0
8432.0 935.0
8449.0 932.0
8485.0 929.0
8490.0 925.0
8502.0 923.0
8527.0 920.0
8537.0 917.0
8541.0 916.0
8545.0 915.0
8548.0 914.0
8554.0 912.0
8557.0 911.0
8560.0 909.0
8563.0 907.0
8574.0 906.0
8575.0 903.0
8583.0 901.0
8587.0 900.0
8590.0 896.0
8606.0 892.0
8614.0 891.0
8629.0 890.0
8630.0 887.0
8638.0 885.0
8659.0 882.0
8662.0 880.0
8684.0 878.0
