9952.0 1945.0
9953.0 1940.0
9954.0 1922.0
9955.0 1921.0
9960.0 1920.0
9961.0 1911.0
9964.0 1910.0
9965.0 1906.0
9966.0 1905.0
9971.0 1904.0
9972.0 1860.0
9977.0 1851.0
9981.0 1848.0
9985.0 1842.0
9988.0 1839.0
9992.0 1822.0
9993.0 1821.0
9997.0 1813.0
9998.0 1812.0
10001.0 1810.0
10002.0 1809.0
10005.0 1804.0
10006.0 1803.0
10008.0 1801.0
10009.0 1800.0
10012.0 1798.0
10013.0 1797.0
10019.0 1793.0
10020.0 1790.0
10021.0 1789.0
10024.0 1787.0
10025.0 1786.0
10027.0 1781.0
10028.0 1780.0
10031.0 1778.0
10032.0 1777.0
10035.0 1773.0
10036.0 1769.0
10039.0 1764.0
10041.0 1742.0
10048.0 1731.0
10057.0 1730.0
10059.0 1725.0
10064.0 1723.0
10066.0 1721.0
10067.0 1720.0
10069.0 1715.0
10073.0 1711.0
10076.0 1704.0
10085.0 1703.0
10089.0 1701.0
10090.0 1695.0
10094.0 1694.0
10095.0 1693.0
10098.0 1689.0
10100.0 1687.0
10101.0 1684.0
10111.0 1678.0
10112.0 1674.0
10119.0 1671.0
10121.0 1669.0
10128.0 1666.0
10135.0 1663.0
10137.0 1661.0
10138.0 1658.0
10149.0 1657.0
10151.0 1656.0
10152.0 1655.0
10154.0 1650.0
10163.0 1647.0
10169.0 1646.0
10170.0 1643.0
10171.0 1642.0
10172.0 1638.0
10185.0 1637.0
10186.0 1635.0
10188.0 1630.0
10190.0 1628.0
10202.0 1626.0
10208.0 1623.0
10210.0 1621.0
10212.0 1620.0
10215.0 1619.0
10224.0 1610.0
10238.0 1604.0
10260.0 1602.0
10274.0 1599.0
10288.0 1598.0
10290.0 1596.0
10306.0 1591.0
10310.0 1587.0
10318.0 1582.0
10320.0 1579.0
10330.0 1575.0
10342.0 1574.0
10346.0 1571.0
10348.0 1568.0
10350.0 1567.0
10352.0 1564.0
10360.0 1559.0
10366.0 1557.0
10378.0 1551.0
10386.0 1544.0
10394.0 1539.0
10398.0 1538.0
10404.0 1534.0
10406.0 1533.0
10412.0 1529.0
10422.0 1528.0
10426.0 1524.0
10434.0 1519.0
10461.0 1515.0
10472.0 1512.0
10482.0 1509.0
10490.0 1507.0
10500.0 1506.0
10504.0 1502.0
10512.0 1497.0
10525.0 1495.0
10526.0 1494.0
10533.0 1493.0
10550.0 1490.0
10557.0 1489.0
10560.0 1487.0
10571.0 1483.0
10593.0 1482.0
10597.0 1481.0
10598.0 1479.0
10608.0 1477.0
10613.0 1474.0
10619.0 1473.0
10639.0 1472.0
10640.0 1470.0
10656.0 1467.0
10661.0 1464.0
10712.0 1463.0
10718.0 1462.0
10750.0 1461.0
10944.0 1456.0
10981.0 1455.0
