19394.0 6104.0
19395.0 6064.0
19397.0 6053.0
19399.0 6044.0
19401.0 6032.0
19403.0 6023.0
19404.0 6005.0
19406.0 5996.0
19408.0 5991.0
19410.0 5985.0
19412.0 5966.0
19414.0 5961.0
19418.0 5946.0
19420.0 5941.0
19424.0 5926.0
19426.0 5921.0
19430.0 5906.0
19432.0 5901.0
19438.0 5881.0
19444.0 5868.0
19446.0 5867.0
19448.0 5865.0
19452.0 5854.0
19454.0 5852.0
19461.0 5843.0
19462.0 5841.0
19465.0 5840.0
19466.0 5834.0
19468.0 5829.0
19470.0 5827.0
19472.0 5825.0
19474.0 5809.0
19485.0 5804.0
19486.0 5751.0
19488.0 5744.0
19492.0 5726.0
19494.0 5724.0
19496.0 5717.0
19498.0 5710.0
19500.0 5681.0
19502.0 5674.0
19506.0 5656.0
19508.0 5646.0
19512.0 5643.0
19513.0 5625.0
19517.0 5622.0
19519.0 5615.0
19521.0 5609.0
19523.0 5605.0
19527.0 5599.0
19528.0 5586.0
19534.0 5585.0
19535.0 5584.0
19536.0 5570.0
19538.0 5566.0
19542.0 5560.0
19548.0 5559.0
19549.0 5556.0
19550.0 5544.0
19552.0 5540.0
19560.0 5527.0
19562.0 5523.0
19565.0 5515.0
19570.0 5511.0
19571.0 5509.0
19572.0 5498.0
19576.0 5497.0
19577.0 5494.0
19581.0 5493.0
19582.0 5491.0
19583.0 5480.0
19588.0 5474.0
19594.0 5473.0
19595.0 5462.0
19600.0 5456.0
19609.0 5453.0
19610.0 5446.0
19612.0 5445.0
19615.0 5440.0
19618.0 5439.0
19624.0 5437.0
19626.0 5434.0
19627.0 5429.0
19630.0 5421.0
19637.0 5420.0
19639.0 5418.0
19642.0 5414.0
19645.0 5405.0
19652.0 5404.0
19654.0 5402.0
19657.0 5398.0
19662.0 5394.0
19663.0 5393.0
19666.0 5392.0
19668.0 5391.0
19669.0 5387.0
19670.0 5386.0
19672.0 5379.0
19681.0 5376.0
19684.0 5371.0
19686.0 5370.0
19687.0 5363.0
19696.0 5360.0
19699.0 5357.0
19703.0 5356.0
19704.0 5353.0
19705.0 5352.0
19711.0 5349.0
19712.0 5344.0
19714.0 5341.0
19718.0 5340.0
19719.0 5337.0
19730.0 5334.0
19731.0 5331.0
19732.0 5330.0
19738.0 5329.0
19739.0 5322.0
19741.0 5321.0
19745.0 5318.0
19746.0 5315.0
19763.0 5310.0
19765.0 5309.0
19766.0 5302.0
19770.0 5299.0
19781.0 5295.0
19787.0 5292.0
19793.0 5291.0
19794.0 5289.0
19796.0 5285.0
19799.0 5284.0
19801.0 5282.0
19808.0 5275.0
19812.0 5272.0
19813.0 5269.0
19816.0 5266.0
19823.0 5265.0
19825.0 5263.0
19827.0 5262.0
19832.0 5259.0
19840.0 5254.0
19842.0 5253.0
19843.0 5246.0
19847.0 5243.0
19853.0 5242.0
19858.0 5241.0
19859.0 5239.0
19860.0 5235.0
19861.0 5234.0
19866.0 5233.0
19867.0 5231.0
19868.0 5227.0
19871.0 5226.0
19873.0 5220.0
19879.0 5218.0
19881.0 5212.0
19888.0 5210.0
19893.0 5204.0
19896.0 5202.0
19901.0 5196.0
19904.0 5194.0
19913.0 5191.0
19916.0 5186.0
19922.0 5182.0
19924.0 5178.0
19930.0 5176.0
19936.0 5173.0
19938.0 5168.0
19941.0 5167.0
19942.0 5163.0
19946.0 5160.0
19950.0 5155.0
19956.0 5153.0
19957.0 5152.0
19958.0 5147.0
19964.0 5146.0
19966.0 5144.0
19970.0 5139.0
19972.0 5138.0
19977.0 5136.0
19978.0 5131.0
19984.0 5130.0
19990.0 5126.0
19992.0 5122.0
19998.0 5120.0
20002.0 5118.0
20004.0 5117.0
20009.0 5116.0
20012.0 5111.0
20013.0 5110.0
20016.0 5109.0
20022.0 5107.0
20025.0 5105.0
20027.0 5101.0
20033.0 5099.0
20036.0 5098.0
20037.0 5097.0
20039.0 5096.0
20041.0 5095.0
20043.0 5092.0
20047.0 5090.0
20051.0 5088.0
20055.0 5087.0
20057.0 5083.0
20063.0 5081.0
20067.0 5079.0
20069.0 5078.0
20071.0 5077.0
20077.0 5072.0
20081.0 5070.0
20087.0 5068.0
20092.0 5066.0
20093.0 5065.0
20095.0 5064.0
20101.0 5059.0
20110.0 5057.0
20112.0 5056.0
20114.0 5055.0
20116.0 5053.0
20118.0 5052.0
20124.0 5051.0
20126.0 5050.0
20128.0 5048.0
20134.0 5047.0
20136.0 5043.0
20143.0 5041.0
20148.0 5038.0
20153.0 5037.0
20155.0 5035.0
20157.0 5034.0
20164.0 5030.0
20167.0 5028.0
20172.0 5026.0
20175.0 5023.0
20178.0 5021.0
20181.0 5017.0
20184.0 5015.0
20187.0 5011.0
20190.0 5009.0
20194.0 5007.0
20197.0 5005.0
20204.0 5003.0
20206.0 4999.0
20213.0 4995.0
20223.0 4991.0
20228.0 4990.0
20231.0 4988.0
20235.0 4986.0
20238.0 4984.0
20242.0 4982.0
20246.0 4980.0
20247.0 4978.0
20251.0 4976.0
20254.0 4974.0
20258.0 4972.0
20263.0 4971.0
20264.0 4970.0
20268.0 4968.0
20273.0 4967.0
20276.0 4966.0
20278.0 4965.0
20280.0 4964.0
20282.0 4960.0
20292.0 4956.0
20302.0 4953.0
20312.0 4949.0
20324.0 4947.0
20333.0 4945.0
20334.0 4943.0
20344.0 4942.0
20355.0 4939.0
20365.0 4938.0
20378.0 4935.0
20388.0 4934.0
20394.0 4927.0
20404.0 4925.0
20410.0 4923.0
20416.0 4922.0
20417.0 4920.0
20418.0 4919.0
20419.0 4917.0
20422.0 4913.0
20423.0 4911.0
20431.0 4908.0
20432.0 4906.0
20444.0 4902.0
20450.0 4901.0
20455.0 4899.0
20456.0 4895.0
20459.0 4893.0
20467.0 4888.0
20471.0 4882.0
20487.0 4877.0
20495.0 4871.0
20511.0 4866.0
20524.0 4864.0
20528.0 4863.0
20540.0 4859.0
20557.0 4856.0
20562.0 4853.0
20574.0 4850.0
20578.0 4849.0
20579.0 4848.0
20583.0 4846.0
20584.0 4843.0
20585.0 4841.0
20594.0 4838.0
20604.0 4835.0
20609.0 4834.0
20615.0 4833.0
20620.0 4829.0
20624.0 4823.0
20640.0 4818.0
20653.0 4816.0
20655.0 4812.0
20669.0 4811.0
20671.0 4807.0
20684.0 4805.0
20688.0 4804.0
20700.0 4800.0
20717.0 4797.0
20737.0 4794.0
20759.0 4793.0
20779.0 4790.0
20796.0 4789.0
20798.0 4788.0
20811.0 4787.0
20814.0 4785.0
20827.0 4784.0
20828.0 4783.0
20836.0 4782.0
20838.0 4781.0
20843.0 4780.0
20852.0 4779.0
20853.0 4778.0
20856.0 4776.0
20869.0 4775.0
20870.0 4774.0
20883.0 4773.0
20885.0 4772.0
20892.0 4771.0
20896.0 4770.0
20901.0 4769.0
20910.0 4768.0
20915.0 4767.0
20918.0 4765.0
20932.0 4763.0
20952.0 4762.0
20961.0 4761.0
20964.0 4759.0
20969.0 4758.0
20985.0 4757.0
20990.0 4756.0
21011.0 4755.0
21024.0 4753.0
21040.0 4752.0
21050.0 4751.0
21053.0 4749.0
21069.0 4748.0
21097.0 4747.0
21167.0 4742.0
21175.0 4740.0
21189.0 4738.0
21197.0 4734.0
21204.0 4730.0
21223.0 4729.0
21226.0 4724.0
21240.0 4718.0
21259.0 4717.0
21262.0 4712.0
21281.0 4711.0
21282.0 4710.0
21284.0 4708.0
21304.0 4704.0
21317.0 4702.0
21331.0 4696.0
21350.0 4695.0
21353.0 4690.0
21372.0 4689.0
21373.0 4688.0
21375.0 4686.0
21383.0 4685.0
21395.0 4682.0
21405.0 4679.0
21431.0 4678.0
21447.0 4677.0
21453.0 4676.0
