29739.0 11448.0
29741.0 11433.0
29744.0 11417.0
29746.0 11402.0
29751.0 11399.0
29752.0 11391.0
29756.0 11375.0
29761.0 11372.0
29762.0 11364.0
29766.0 11351.0
29771.0 11347.0
29772.0 11340.0
29774.0 11339.0
29777.0 11336.0
29780.0 11328.0
29781.0 11323.0
29787.0 11312.0
29789.0 11311.0
29795.0 11300.0
29797.0 11299.0
29803.0 11288.0
29805.0 11287.0
29810.0 11285.0
29811.0 11276.0
29814.0 11271.0
29816.0 11270.0
29819.0 11268.0
29821.0 11262.0
29822.0 11258.0
29824.0 11253.0
29826.0 11248.0
29827.0 11246.0
29828.0 11238.0
29830.0 11237.0
29832.0 11229.0
29834.0 11224.0
29836.0 11214.0
29838.0 11213.0
29841.0 11211.0
29843.0 11206.0
29844.0 11201.0
29846.0 11200.0
29847.0 11199.0
29849.0 11189.0
29851.0 11188.0
29854.0 11184.0
29856.0 11181.0
29857.0 11176.0
29859.0 11175.0
29861.0 11170.0
29863.0 11169.0
29864.0 11168.0
29866.0 11164.0
29868.0 11162.0
29869.0 11156.0
29871.0 11155.0
29874.0 11145.0
29876.0 11144.0
29880.0 11143.0
29881.0 11137.0
29882.0 11133.0
29884.0 11132.0
29886.0 11131.0
29887.0 11130.0
29888.0 11126.0
29889.0 11122.0
29890.0 11121.0
29891.0 11120.0
29893.0 11118.0
29895.0 11108.0
29897.0 11107.0
29899.0 11098.0
29901.0 11097.0
29902.0 11096.0
29903.0 11095.0
29905.0 11091.0
29909.0 11086.0
29912.0 11083.0
29914.0 11079.0
29916.0 11078.0
29917.0 11077.0
29918.0 11076.0
29920.0 11072.0
29922.0 11069.0
29924.0 11065.0
29927.0 11059.0
29929.0 11055.0
29933.0 11054.0
29934.0 11052.0
29935.0 11044.0
29938.0 11036.0
29940.0 11034.0
29942.0 11033.0
29947.0 11029.0
29948.0 11027.0
29949.0 11019.0
29951.0 11018.0
29953.0 11017.0
29955.0 11015.0
29957.0 11014.0
29960.0 11010.0
29961.0 11002.0
29963.0 11001.0
29964.0 11000.0
29966.0 10995.0
29968.0 10994.0
29975.0 10991.0
29976.0 10983.0
29978.0 10982.0
29981.0 10976.0
29983.0 10975.0
29990.0 10973.0
29992.0 10972.0
29994.0 10968.0
29995.0 10966.0
29997.0 10965.0
30000.0 10960.0
30002.0 10959.0
30004.0 10958.0
30006.0 10957.0
30008.0 10956.0
30009.0 10954.0
30010.0 10952.0
30011.0 10951.0
30013.0 10950.0
30014.0 10946.0
30016.0 10945.0
30018.0 10944.0
30019.0 10939.0
30021.0 10938.0
30024.0 10936.0
30026.0 10935.0
30028.0 10934.0
30032.0 10927.0
30034.0 10926.0
30038.0 10923.0
30040.0 10922.0
30042.0 10920.0
30044.0 10919.0
30045.0 10918.0
30046.0 10915.0
30049.0 10914.0
30051.0 10913.0
30052.0 10911.0
30053.0 10909.0
30054.0 10907.0
30056.0 10906.0
30060.0 10899.0
30062.0 10898.0
30066.0 10897.0
30069.0 10895.0
30070.0 10890.0
30072.0 10889.0
30076.0 10888.0
30077.0 10887.0
30078.0 10886.0
30079.0 10885.0
30081.0 10881.0
30083.0 10879.0
30084.0 10878.0
30088.0 10877.0
30089.0 10876.0
30091.0 10872.0
30093.0 10870.0
30095.0 10869.0
30098.0 10868.0
30100.0 10867.0
30101.0 10866.0
30102.0 10865.0
30103.0 10864.0
30104.0 10861.0
30105.0 10860.0
30107.0 10858.0
30111.0 10857.0
30112.0 10856.0
30114.0 10852.0
30116.0 10851.0
30119.0 10850.0
30121.0 10848.0
30123.0 10847.0
30124.0 10846.0
30126.0 10843.0
30127.0 10839.0
30128.0 10836.0
30132.0 10835.0
30133.0 10830.0
30135.0 10829.0
30136.0 10828.0
30137.0 10825.0
30139.0 10818.0
30141.0 10817.0
30146.0 10812.0
30148.0 10811.0
30149.0 10807.0
30151.0 10806.0
30152.0 10800.0
30154.0 10799.0
30155.0 10796.0
30161.0 10795.0
30162.0 10790.0
30164.0 10789.0
30165.0 10785.0
30168.0 10778.0
30173.0 10775.0
30176.0 10774.0
30180.0 10769.0
30183.0 10764.0
30186.0 10757.0
30189.0 10756.0
30194.0 10753.0
30197.0 10751.0
30199.0 10750.0
30200.0 10745.0
30204.0 10742.0
30207.0 10735.0
30216.0 10731.0
30217.0 10729.0
30218.0 10724.0
30224.0 10722.0
30228.0 10721.0
30229.0 10718.0
30231.0 10717.0
30232.0 10714.0
30236.0 10713.0
30237.0 10704.0
30244.0 10699.0
30245.0 10696.0
30248.0 10693.0
30252.0 10691.0
30253.0 10689.0
30254.0 10688.0
30256.0 10685.0
30257.0 10684.0
30258.0 10679.0
30261.0 10675.0
30262.0 10673.0
30266.0 10671.0
30267.0 10670.0
30269.0 10667.0
30270.0 10665.0
30273.0 10662.0
30274.0 10660.0
30275.0 10655.0
30281.0 10654.0
30282.0 10652.0
30283.0 10647.0
30284.0 10646.0
30287.0 10642.0
30291.0 10640.0
30292.0 10638.0
30295.0 10634.0
30296.0 10633.0
30297.0 10628.0
30303.0 10627.0
30304.0 10625.0
30305.0 10620.0
30309.0 10615.0
30315.0 10612.0
30317.0 10607.0
30319.0 10606.0
30321.0 10605.0
30322.0 10603.0
30323.0 10598.0
30329.0 10597.0
30330.0 10595.0
30331.0 10590.0
30335.0 10585.0
30341.0 10582.0
30343.0 10577.0
30349.0 10573.0
30351.0 10571.0
30352.0 10569.0
30355.0 10568.0
30357.0 10565.0
30358.0 10564.0
30359.0 10563.0
30360.0 10561.0
30361.0 10560.0
30364.0 10556.0
30368.0 10554.0
30369.0 10552.0
30370.0 10551.0
30371.0 10546.0
30374.0 10542.0
30379.0 10538.0
30382.0 10534.0
30383.0 10533.0
30386.0 10529.0
30391.0 10525.0
30393.0 10524.0
30394.0 10521.0
30396.0 10520.0
30397.0 10516.0
30400.0 10512.0
30405.0 10508.0
30408.0 10504.0
30409.0 10503.0
30412.0 10499.0
30417.0 10495.0
30420.0 10491.0
30425.0 10489.0
30427.0 10487.0
30428.0 10485.0
30432.0 10482.0
30433.0 10481.0
30435.0 10479.0
30436.0 10477.0
30439.0 10475.0
30440.0 10473.0
30444.0 10470.0
30447.0 10467.0
30451.0 10463.0
30452.0 10461.0
30455.0 10459.0
30456.0 10458.0
30459.0 10455.0
30463.0 10454.0
30464.0 10453.0
30468.0 10450.0
30471.0 10443.0
30475.0 10442.0
30477.0 10441.0
30479.0 10440.0
30480.0 10438.0
30483.0 10437.0
30484.0 10435.0
30489.0 10433.0
30491.0 10427.0
30492.0 10425.0
30496.0 10422.0
30499.0 10419.0
30504.0 10417.0
30507.0 10416.0
30508.0 10414.0
30509.0 10413.0
30511.0 10407.0
30515.0 10406.0
30518.0 10404.0
30522.0 10403.0
30525.0 10401.0
30526.0 10400.0
30528.0 10395.0
30532.0 10394.0
30535.0 10393.0
30538.0 10388.0
30539.0 10387.0
30541.0 10385.0
30545.0 10384.0
30547.0 10380.0
30554.0 10378.0
30555.0 10374.0
30563.0 10367.0
30568.0 10366.0
30572.0 10365.0
30574.0 10364.0
30577.0 10359.0
30578.0 10356.0
30583.0 10354.0
30585.0 10352.0
30586.0 10349.0
30593.0 10346.0
30597.0 10345.0
30598.0 10343.0
30599.0 10341.0
30601.0 10339.0
30608.0 10337.0
30610.0 10335.0
30616.0 10328.0
30620.0 10327.0
30621.0 10325.0
30622.0 10323.0
30624.0 10321.0
30631.0 10319.0
30641.0 10317.0
30642.0 10315.0
30644.0 10313.0
30651.0 10311.0
30653.0 10307.0
30656.0 10305.0
30658.0 10303.0
30663.0 10301.0
30670.0 10299.0
30672.0 10298.0
30674.0 10296.0
30676.0 10294.0
30683.0 10293.0
30686.0 10291.0
30687.0 10289.0
30692.0 10286.0
30697.0 10284.0
30701.0 10282.0
30706.0 10280.0
30708.0 10278.0
30710.0 10276.0
30715.0 10274.0
30720.0 10273.0
30725.0 10271.0
30730.0 10268.0
30735.0 10266.0
30738.0 10264.0
30741.0 10258.0
30746.0 10256.0
30757.0 10253.0
30759.0 10251.0
30760.0 10250.0
30771.0 10246.0
30773.0 10245.0
30777.0 10244.0
30782.0 10242.0
30784.0 10241.0
30786.0 10239.0
30788.0 10237.0
30794.0 10236.0
30798.0 10234.0
30804.0 10233.0
30805.0 10231.0
30808.0 10223.0
30827.0 10220.0
30831.0 10214.0
30839.0 10213.0
30842.0 10212.0
30843.0 10206.0
30849.0 10204.0
30857.0 10201.0
30861.0 10196.0
30869.0 10195.0
30874.0 10194.0
30875.0 10193.0
30878.0 10191.0
30885.0 10189.0
30887.0 10186.0
30892.0 10184.0
30898.0 10183.0
30900.0 10175.0
30908.0 10174.0
30914.0 10170.0
30916.0 10169.0
30918.0 10165.0
30926.0 10164.0
30929.0 10162.0
30931.0 10161.0
30932.0 10160.0
30934.0 10159.0
30939.0 10157.0
30943.0 10156.0
30946.0 10154.0
30947.0 10152.0
30949.0 10151.0
30953.0 10150.0
30954.0 10149.0
30957.0 10144.0
30959.0 10143.0
30965.0 10138.0
30973.0 10137.0
30974.0 10135.0
30982.0 10134.0
30986.0 10131.0
30988.0 10130.0
30994.0 10123.0
30996.0 10122.0
30998.0 10121.0
31001.0 10114.0
31017.0 10109.0
31021.0 10103.0
31029.0 10102.0
31033.0 10098.0
31036.0 10097.0
31041.0 10093.0
31042.0 10090.0
31047.0 10089.0
31062.0 10083.0
31070.0 10082.0
31076.0 10080.0
31082.0 10073.0
31103.0 10071.0
31111.0 10070.0
31117.0 10068.0
31125.0 10067.0
31126.0 10062.0
31138.0 10058.0
31143.0 10057.0
31147.0 10053.0
31154.0 10052.0
31159.0 10051.0
31160.0 10048.0
31163.0 10046.0
31167.0 10042.0
31175.0 10041.0
31179.0 10040.0
31180.0 10037.0
31183.0 10036.0
31187.0 10032.0
31192.0 10031.0
31195.0 10021.0
31220.0 10020.0
31223.0 10016.0
31231.0 10012.0
31236.0 10011.0
31243.0 10006.0
31244.0 10005.0
31255.0 10004.0
31257.0 10003.0
31261.0 10001.0
31268.0 10000.0
31272.0 9999.0
31277.0 9992.0
31279.0 9991.0
31288.0 9989.0
31292.0 9982.0
31298.0 9981.0
31302.0 9978.0
31314.0 9977.0
31317.0 9974.0
31322.0 9971.0
31327.0 9970.0
31330.0 9965.0
31334.0 9963.0
31340.0 9961.0
31343.0 9958.0
31348.0 9956.0
31353.0 9954.0
31358.0 9952.0
31361.0 9947.0
31367.0 9946.0
31371.0 9943.0
31377.0 9942.0
31385.0 9939.0
31390.0 9937.0
31396.0 9936.0
31403.0 9928.0
31409.0 9927.0
31425.0 9925.0
31430.0 9923.0
31434.0 9921.0
31435.0 9920.0
31441.0 9919.0
31442.0 9917.0
31443.0 9914.0
31449.0 9913.0
31454.0 9912.0
31457.0 9910.0
31463.0 9909.0
31472.0 9905.0
31478.0 9904.0
31479.0 9902.0
31480.0 9901.0
31485.0 9898.0
31486.0 9897.0
31492.0 9896.0
31507.0 9895.0
31511.0 9894.0
31513.0 9892.0
31516.0 9891.0
31517.0 9890.0
31523.0 9889.0
31524.0 9887.0
31525.0 9886.0
31531.0 9885.0
31535.0 9883.0
31541.0 9881.0
31545.0 9879.0
31547.0 9877.0
31553.0 9875.0
31554.0 9874.0
31555.0 9873.0
31562.0 9872.0
31563.0 9870.0
31565.0 9868.0
31567.0 9867.0
31573.0 9861.0
31578.0 9860.0
31582.0 9856.0
31585.0 9854.0
31586.0 9853.0
31593.0 9847.0
31605.0 9841.0
31618.0 9837.0
31623.0 9835.0
31631.0 9831.0
31637.0 9829.0
31642.0 9826.0
31650.0 9823.0
31654.0 9820.0
31663.0 9819.0
31664.0 9818.0
31668.0 9817.0
31671.0 9816.0
31674.0 9814.0
31676.0 9809.0
31686.0 9808.0
31688.0 9803.0
31704.0 9800.0
31712.0 9799.0
31714.0 9797.0
31716.0 9794.0
31726.0 9791.0
31734.0 9789.0
31742.0 9788.0
31745.0 9787.0
31748.0 9785.0
31754.0 9782.0
31762.0 9780.0
31766.0 9777.0
31770.0 9776.0
31775.0 9775.0
31776.0 9772.0
31784.0 9771.0
31788.0 9767.0
31792.0 9766.0
31797.0 9765.0
31802.0 9763.0
31806.0 9760.0
31808.0 9759.0
31812.0 9758.0
31813.0 9756.0
31815.0 9754.0
31816.0 9752.0
31829.0 9750.0
31830.0 9748.0
31833.0 9747.0
31834.0 9745.0
31847.0 9743.0
31848.0 9741.0
31854.0 9740.0
31867.0 9738.0
31868.0 9736.0
31871.0 9735.0
31872.0 9733.0
31885.0 9731.0
31886.0 9729.0
31906.0 9728.0
31913.0 9727.0
31927.0 9726.0
31928.0 9724.0
31932.0 9723.0
31933.0 9722.0
31944.0 9719.0
31945.0 9717.0
31958.0 9715.0
31959.0 9713.0
31987.0 9712.0
32000.0 9710.0
32001.0 9708.0
32023.0 9707.0
32024.0 9705.0
32052.0 9704.0
32055.0 9703.0
32065.0 9702.0
32066.0 9700.0
32073.0 9699.0
32087.0 9695.0
32095.0 9694.0
32101.0 9692.0
32109.0 9690.0
32115.0 9688.0
32141.0 9686.0
32147.0 9684.0
32174.0 9682.0
32180.0 9680.0
32201.0 9679.0
32202.0 9677.0
32212.0 9676.0
32219.0 9675.0
32220.0 9673.0
32248.0 9671.0
32252.0 9669.0
32264.0 9667.0
32265.0 9665.0
32279.0 9663.0
32285.0 9661.0
32286.0 9659.0
32303.0 9657.0
32318.0 9655.0
32327.0 9653.0
32334.0 9649.0
32359.0 9648.0
32360.0 9646.0
32366.0 9645.0
32377.0 9644.0
32384.0 9642.0
32402.0 9641.0
32408.0 9636.0
32440.0 9632.0
32623.0 9631.0
32639.0 9629.0
32647.0 9628.0
32654.0 9625.0
32669.0 9623.0
32684.0 9621.0
32686.0 9620.0
32699.0 9619.0
32701.0 9618.0
32716.0 9616.0
32731.0 9614.0
32748.0 9613.0
32773.0 9612.0
32790.0 9611.0
