442.0 1147.0
443.0 1127.0
444.0 1126.0
445.0 1079.0
446.0 1072.0
447.0 1055.0
448.0 1052.0
449.0 1043.0
450.0 1040.0
451.0 1038.0
452.0 1035.0
453.0 1031.0
454.0 1028.0
457.0 1027.0
458.0 1017.0
459.0 1013.0
460.0 1005.0
462.0 995.0
463.0 989.0
464.0 983.0
466.0 979.0
468.0 973.0
470.0 963.0
472.0 960.0
474.0 956.0
475.0 955.0
476.0 950.0
477.0 944.0
478.0 943.0
479.0 939.0
480.0 935.0
482.0 931.0
484.0 927.0
485.0 922.0
487.0 918.0
488.0 913.0
489.0 911.0
492.0 909.0
493.0 907.0
497.0 904.0
499.0 901.0
500.0 899.0
501.0 885.0
503.0 882.0
505.0 877.0
506.0 874.0
508.0 871.0
510.0 866.0
512.0 863.0
514.0 862.0
515.0 857.0
517.0 854.0
521.0 853.0
522.0 850.0
524.0 847.0
526.0 845.0
528.0 842.0
530.0 839.0
