2570.0 677.0
2578.0 670.0
2588.0 668.0
2590.0 664.0
2596.0 650.0
2604.0 643.0
2614.0 641.0
2616.0 637.0
2626.0 635.0
2630.0 633.0
2640.0 630.0
2642.0 627.0
2644.0 619.0
2648.0 611.0
2668.0 597.0
2672.0 589.0
2702.0 588.0
2708.0 586.0
2712.0 574.0
2730.0 568.0
2742.0 567.0
2748.0 562.0
2762.0 558.0
2764.0 556.0
2778.0 549.0
2798.0 548.0
2802.0 547.0
2838.0 544.0
2850.0 540.0
2854.0 535.0
2874.0 534.0
2926.0 529.0
2938.0 528.0
2956.0 527.0
2974.0 525.0
2986.0 524.0
3004.0 523.0
3034.0 522.0
3044.0 515.0
3070.0 514.0
3078.0 509.0
3102.0 504.0
3124.0 503.0
3150.0 499.0
3184.0 494.0
3232.0 489.0
