9935.0 1966.0
9937.0 1960.0
9939.0 1948.0
9940.0 1884.0
9942.0 1873.0
9948.0 1863.0
9955.0 1860.0
9960.0 1858.0
9962.0 1847.0
9964.0 1841.0
9967.0 1834.0
9973.0 1824.0
9979.0 1821.0
9985.0 1819.0
9986.0 1818.0
9987.0 1816.0
9991.0 1814.0
9994.0 1813.0
9997.0 1811.0
9998.0 1805.0
10003.0 1803.0
10004.0 1802.0
10005.0 1801.0
10009.0 1799.0
10010.0 1795.0
10015.0 1793.0
10017.0 1782.0
10021.0 1780.0
10024.0 1779.0
10029.0 1774.0
10033.0 1772.0
10034.0 1770.0
10038.0 1768.0
10041.0 1767.0
10042.0 1763.0
10046.0 1762.0
10050.0 1760.0
10053.0 1757.0
10054.0 1754.0
10056.0 1751.0
10060.0 1749.0
10063.0 1746.0
10064.0 1739.0
10067.0 1737.0
10077.0 1735.0
10078.0 1733.0
10079.0 1729.0
10087.0 1725.0
10088.0 1719.0
10096.0 1717.0
10098.0 1708.0
10106.0 1697.0
10111.0 1695.0
10112.0 1693.0
10119.0 1682.0
10123.0 1676.0
10129.0 1674.0
10131.0 1672.0
10137.0 1670.0
10145.0 1668.0
10149.0 1662.0
10155.0 1655.0
10161.0 1651.0
10162.0 1648.0
10166.0 1645.0
10172.0 1643.0
10173.0 1641.0
10174.0 1638.0
10178.0 1635.0
10180.0 1633.0
10183.0 1629.0
10185.0 1627.0
10186.0 1619.0
10197.0 1617.0
10198.0 1609.0
10210.0 1607.0
10211.0 1604.0
10217.0 1602.0
10223.0 1594.0
10229.0 1592.0
10236.0 1586.0
10248.0 1584.0
10249.0 1577.0
10261.0 1575.0
10265.0 1569.0
10276.0 1568.0
10277.0 1567.0
10280.0 1560.0
10286.0 1556.0
10296.0 1552.0
10314.0 1549.0
10332.0 1548.0
10336.0 1545.0
10350.0 1542.0
10356.0 1541.0
10357.0 1539.0
10360.0 1538.0
10361.0 1536.0
10367.0 1535.0
10374.0 1530.0
10376.0 1529.0
10380.0 1526.0
10395.0 1525.0
10399.0 1522.0
10417.0 1521.0
10421.0 1518.0
10433.0 1512.0
10452.0 1508.0
10462.0 1503.0
10481.0 1499.0
10492.0 1497.0
10503.0 1495.0
10509.0 1493.0
10510.0 1492.0
10520.0 1488.0
10526.0 1481.0
10534.0 1476.0
10552.0 1471.0
10570.0 1467.0
10608.0 1463.0
10645.0 1460.0
10667.0 1458.0
10678.0 1456.0
10681.0 1453.0
10692.0 1451.0
10693.0 1450.0
10704.0 1448.0
10718.0 1446.0
10760.0 1445.0
