15259.0 3954.0
15266.0 3946.0
15267.0 3939.0
15271.0 3916.0
15278.0 3897.0
15283.0 3888.0
15286.0 3882.0
15290.0 3869.0
15297.0 3861.0
15298.0 3854.0
15304.0 3850.0
15306.0 3846.0
15310.0 3845.0
15312.0 3838.0
15313.0 3831.0
15318.0 3830.0
15320.0 3823.0
15321.0 3816.0
15327.0 3811.0
15333.0 3807.0
15334.0 3803.0
15335.0 3796.0
15341.0 3792.0
15347.0 3787.0
15349.0 3786.0
15351.0 3784.0
15352.0 3777.0
15355.0 3772.0
15360.0 3770.0
15363.0 3766.0
15365.0 3764.0
15368.0 3758.0
15369.0 3757.0
15372.0 3753.0
15374.0 3750.0
15378.0 3747.0
15382.0 3746.0
15383.0 3744.0
15387.0 3741.0
15388.0 3738.0
15391.0 3731.0
15401.0 3726.0
15405.0 3725.0
15406.0 3723.0
15413.0 3719.0
15418.0 3711.0
15422.0 3710.0
15424.0 3709.0
15427.0 3708.0
15428.0 3693.0
15434.0 3685.0
15439.0 3679.0
15442.0 3675.0
15445.0 3662.0
15452.0 3657.0
15458.0 3651.0
15459.0 3644.0
15462.0 3637.0
15465.0 3624.0
15468.0 3615.0
15471.0 3603.0
15475.0 3595.0
15478.0 3591.0
15481.0 3579.0
15485.0 3571.0
15488.0 3567.0
15492.0 3559.0
15500.0 3558.0
15501.0 3555.0
15503.0 3553.0
15504.0 3552.0
15506.0 3551.0
15507.0 3549.0
15509.0 3547.0
15510.0 3541.0
15513.0 3539.0
15519.0 3534.0
15523.0 3527.0
15528.0 3521.0
15530.0 3515.0
15534.0 3509.0
15542.0 3508.0
15543.0 3504.0
15546.0 3502.0
15548.0 3498.0
15554.0 3494.0
15557.0 3493.0
15558.0 3489.0
15561.0 3488.0
15565.0 3477.0
15568.0 3476.0
15571.0 3471.0
15574.0 3470.0
15578.0 3459.0
15581.0 3458.0
15586.0 3457.0
15587.0 3455.0
15590.0 3454.0
15591.0 3448.0
15594.0 3443.0
15597.0 3442.0
15600.0 3439.0
15604.0 3438.0
15605.0 3437.0
15607.0 3432.0
15610.0 3431.0
15611.0 3426.0
15616.0 3424.0
15620.0 3421.0
15623.0 3414.0
15627.0 3412.0
15628.0 3411.0
15632.0 3408.0
15636.0 3405.0
15639.0 3398.0
15643.0 3396.0
15654.0 3395.0
15655.0 3393.0
15659.0 3389.0
15663.0 3387.0
15674.0 3386.0
15675.0 3384.0
15685.0 3380.0
15688.0 3378.0
15699.0 3377.0
15701.0 3376.0
15705.0 3371.0
15708.0 3369.0
15716.0 3368.0
15721.0 3367.0
15722.0 3366.0
15725.0 3362.0
15736.0 3359.0
15741.0 3358.0
15742.0 3357.0
15748.0 3353.0
15757.0 3351.0
15759.0 3349.0
15762.0 3347.0
15765.0 3340.0
15774.0 3338.0
15785.0 3331.0
15792.0 3326.0
15801.0 3324.0
15812.0 3317.0
15821.0 3315.0
15836.0 3312.0
15841.0 3310.0
15850.0 3308.0
15856.0 3303.0
15865.0 3301.0
15878.0 3298.0
15887.0 3296.0
15897.0 3293.0
15903.0 3289.0
15915.0 3288.0
15917.0 3284.0
15926.0 3282.0
15946.0 3281.0
15955.0 3279.0
15983.0 3278.0
15992.0 3276.0
16013.0 3275.0
16014.0 3269.0
16026.0 3267.0
16033.0 3266.0
16036.0 3265.0
16038.0 3264.0
16040.0 3261.0
16045.0 3259.0
16046.0 3258.0
16051.0 3256.0
16054.0 3255.0
16059.0 3252.0
16062.0 3249.0
16068.0 3246.0
16079.0 3243.0
16085.0 3241.0
16091.0 3238.0
16108.0 3236.0
16109.0 3235.0
16120.0 3233.0
16127.0 3232.0
16137.0 3231.0
16138.0 3230.0
16145.0 3229.0
16155.0 3228.0
16156.0 3227.0
16173.0 3224.0
16178.0 3221.0
16199.0 3220.0
16236.0 3218.0
16240.0 3215.0
16251.0 3214.0
16255.0 3213.0
16266.0 3211.0
16269.0 3206.0
16288.0 3201.0
16319.0 3199.0
16331.0 3198.0
16335.0 3197.0
16338.0 3195.0
16343.0 3193.0
16347.0 3192.0
16352.0 3187.0
16376.0 3186.0
16377.0 3183.0
16406.0 3181.0
16407.0 3180.0
16408.0 3177.0
16417.0 3176.0
16434.0 3175.0
16438.0 3174.0
16456.0 3171.0
16458.0 3167.0
16477.0 3166.0
16489.0 3165.0
16497.0 3162.0
16517.0 3161.0
16542.0 3160.0
16548.0 3157.0
16551.0 3153.0
16570.0 3152.0
16575.0 3151.0
16596.0 3150.0
16604.0 3148.0
16623.0 3147.0
16628.0 3146.0
16647.0 3145.0
16659.0 3144.0
16740.0 3143.0
16751.0 3142.0
16755.0 3141.0
16777.0 3140.0
16781.0 3139.0
16793.0 3138.0
16810.0 3137.0
16819.0 3136.0
16847.0 3135.0
