848.0 1000.0
849.0 984.0
850.0 981.0
851.0 935.0
852.0 929.0
853.0 924.0
854.0 917.0
855.0 900.0
856.0 890.0
857.0 880.0
858.0 875.0
859.0 868.0
860.0 862.0
861.0 858.0
862.0 854.0
863.0 849.0
864.0 840.0
865.0 832.0
866.0 825.0
867.0 819.0
868.0 818.0
869.0 815.0
870.0 813.0
871.0 811.0
872.0 809.0
873.0 808.0
874.0 803.0
876.0 800.0
877.0 797.0
879.0 787.0
880.0 786.0
881.0 780.0
882.0 776.0
884.0 769.0
886.0 765.0
887.0 764.0
888.0 758.0
894.0 757.0
896.0 755.0
897.0 754.0
898.0 752.0
899.0 750.0
902.0 745.0
906.0 741.0
