197.0 1286.0
198.0 1195.0
199.0 1190.0
201.0 1176.0
203.0 1171.0
204.0 1170.0
205.0 1169.0
206.0 1165.0
207.0 1162.0
208.0 1161.0
209.0 1157.0
210.0 1156.0
211.0 1154.0
212.0 1149.0
214.0 1144.0
215.0 1143.0
216.0 1131.0
218.0 1124.0
219.0 1122.0
220.0 1113.0
221.0 1109.0
222.0 1105.0
223.0 1096.0
225.0 1091.0
226.0 1078.0
229.0 1075.0
230.0 1067.0
231.0 1061.0
234.0 1055.0
235.0 1050.0
237.0 1045.0
239.0 1038.0
240.0 1035.0
242.0 1028.0
244.0 1027.0
245.0 1026.0
246.0 1020.0
248.0 1018.0
249.0 1016.0
250.0 1015.0
251.0 1014.0
252.0 1009.0
254.0 1006.0
256.0 1003.0
258.0 999.0
262.0 997.0
264.0 993.0
266.0 989.0
268.0 988.0
270.0 985.0
272.0 984.0
279.0 982.0
281.0 981.0
284.0 980.0
286.0 979.0
288.0 978.0
290.0 975.0
292.0 974.0
