16465.0 1364.0
16468.0 1361.0
16472.0 1353.0
16476.0 1351.0
16480.0 1343.0
16486.0 1342.0
16489.0 1339.0
16490.0 1334.0
16491.0 1332.0
16494.0 1329.0
16498.0 1321.0
16502.0 1319.0
16503.0 1317.0
16505.0 1306.0
16515.0 1297.0
16523.0 1283.0
16531.0 1274.0
16535.0 1272.0
16542.0 1264.0
16543.0 1259.0
16547.0 1230.0
16549.0 1224.0
16555.0 1223.0
16560.0 1217.0
16566.0 1216.0
16568.0 1215.0
16574.0 1214.0
16577.0 1213.0
16578.0 1211.0
16579.0 1204.0
16585.0 1203.0
16589.0 1195.0
16591.0 1187.0
16602.0 1173.0
16609.0 1172.0
16611.0 1164.0
16620.0 1161.0
16622.0 1150.0
16634.0 1145.0
16646.0 1144.0
16648.0 1137.0
16653.0 1135.0
16672.0 1131.0
16681.0 1125.0
16686.0 1123.0
16694.0 1120.0
16701.0 1117.0
16714.0 1114.0
16716.0 1113.0
16726.0 1109.0
16734.0 1105.0
16744.0 1102.0
16750.0 1101.0
16758.0 1095.0
16766.0 1094.0
16774.0 1092.0
16782.0 1091.0
16793.0 1088.0
16801.0 1087.0
16803.0 1082.0
16811.0 1081.0
16833.0 1079.0
16841.0 1077.0
16850.0 1072.0
16862.0 1069.0
16870.0 1067.0
16907.0 1066.0
16912.0 1062.0
16927.0 1061.0
16932.0 1057.0
16961.0 1054.0
16965.0 1053.0
16980.0 1048.0
16993.0 1047.0
17000.0 1043.0
17024.0 1041.0
17025.0 1037.0
17055.0 1035.0
17056.0 1032.0
17086.0 1030.0
17112.0 1027.0
17142.0 1026.0
17160.0 1023.0
17252.0 1021.0
17384.0 1020.0
