7941.0 1246.0
7946.0 1242.0
7947.0 1239.0
7952.0 1235.0
7956.0 1232.0
7959.0 1229.0
7961.0 1228.0
7964.0 1225.0
7965.0 1215.0
7970.0 1211.0
7975.0 1208.0
7977.0 1205.0
7980.0 1204.0
7982.0 1201.0
7987.0 1198.0
7992.0 1194.0
7998.0 1192.0
7999.0 1191.0
8000.0 1189.0
8004.0 1187.0
8005.0 1185.0
8010.0 1182.0
8015.0 1175.0
8016.0 1167.0
8021.0 1163.0
8028.0 1160.0
8033.0 1156.0
8041.0 1154.0
8046.0 1151.0
8048.0 1150.0
8052.0 1149.0
8054.0 1145.0
8058.0 1139.0
8059.0 1131.0
8060.0 1118.0
8066.0 1114.0
8072.0 1110.0
8076.0 1106.0
8082.0 1105.0
8084.0 1098.0
8092.0 1084.0
8102.0 1078.0
8111.0 1075.0
8117.0 1073.0
8119.0 1070.0
8121.0 1067.0
8123.0 1064.0
8125.0 1062.0
8131.0 1061.0
8133.0 1060.0
8135.0 1056.0
8139.0 1055.0
8141.0 1050.0
8144.0 1041.0
8156.0 1040.0
8158.0 1039.0
8164.0 1031.0
8173.0 1022.0
8185.0 1021.0
8187.0 1020.0
8194.0 1017.0
8195.0 1016.0
8198.0 1012.0
8207.0 1011.0
8209.0 1002.0
8221.0 998.0
8233.0 997.0
8234.0 995.0
8239.0 992.0
8244.0 990.0
8249.0 989.0
8251.0 982.0
8256.0 981.0
8260.0 979.0
8263.0 978.0
8274.0 976.0
8281.0 974.0
8286.0 970.0
8293.0 966.0
8305.0 962.0
8312.0 960.0
8321.0 959.0
8333.0 957.0
8342.0 956.0
8358.0 955.0
8365.0 953.0
8374.0 952.0
8386.0 949.0
8407.0 945.0
8418.0 943.0
8422.0 938.0
8442.0 937.0
8445.0 936.0
8446.0 932.0
8454.0 931.0
8467.0 929.0
8471.0 924.0
8491.0 923.0
8494.0 922.0
8495.0 918.0
8503.0 917.0
8518.0 916.0
8527.0 911.0
8560.0 909.0
8567.0 907.0
8574.0 906.0
8575.0 903.0
8589.0 902.0
8590.0 896.0
8605.0 895.0
8606.0 892.0
8614.0 891.0
8629.0 890.0
8630.0 887.0
8638.0 885.0
8659.0 882.0
8662.0 880.0
8684.0 878.0
