24743.0 7776.0
24745.0 7770.0
24746.0 7756.0
24748.0 7750.0
24750.0 7632.0
24752.0 7626.0
24753.0 7609.0
24755.0 7603.0
24758.0 7593.0
24759.0 7581.0
24762.0 7575.0
24763.0 7568.0
24764.0 7565.0
24765.0 7560.0
24768.0 7552.0
24769.0 7540.0
24772.0 7534.0
24774.0 7524.0
24775.0 7519.0
24778.0 7513.0
24780.0 7503.0
24783.0 7500.0
24784.0 7499.0
24785.0 7491.0
24786.0 7485.0
24789.0 7479.0
24791.0 7469.0
24794.0 7464.0
24795.0 7459.0
24797.0 7458.0
24798.0 7453.0
24800.0 7443.0
24802.0 7442.0
24804.0 7439.0
24806.0 7425.0
24808.0 7424.0
24809.0 7419.0
24811.0 7409.0
24813.0 7408.0
24814.0 7407.0
24816.0 7406.0
24819.0 7395.0
24821.0 7394.0
24822.0 7393.0
24823.0 7387.0
24824.0 7386.0
24826.0 7379.0
24827.0 7372.0
24829.0 7364.0
24830.0 7357.0
24832.0 7353.0
24833.0 7346.0
24834.0 7345.0
24836.0 7341.0
24837.0 7334.0
24841.0 7329.0
24843.0 7326.0
24847.0 7321.0
24850.0 7318.0
24854.0 7313.0
24856.0 7311.0
24857.0 7308.0
24858.0 7305.0
24860.0 7299.0
24861.0 7297.0
24863.0 7293.0
24864.0 7286.0
24865.0 7285.0
24867.0 7281.0
24868.0 7274.0
24872.0 7269.0
24873.0 7264.0
24877.0 7259.0
24879.0 7256.0
24883.0 7251.0
24886.0 7248.0
24887.0 7247.0
24889.0 7245.0
24890.0 7243.0
24891.0 7242.0
24893.0 7240.0
24894.0 7239.0
24896.0 7237.0
24898.0 7234.0
24900.0 7231.0
24902.0 7229.0
24903.0 7223.0
24907.0 7220.0
24908.0 7213.0
24913.0 7212.0
24914.0 7205.0
24920.0 7204.0
24921.0 7197.0
24922.0 7196.0
24924.0 7194.0
24928.0 7192.0
24929.0 7188.0
24931.0 7186.0
24933.0 7185.0
24935.0 7184.0
24937.0 7181.0
24938.0 7177.0
24944.0 7176.0
24945.0 7169.0
24953.0 7162.0
24960.0 7155.0
24962.0 7154.0
24964.0 7152.0
24968.0 7150.0
24969.0 7146.0
24971.0 7144.0
24973.0 7143.0
24975.0 7142.0
24977.0 7139.0
24978.0 7135.0
24984.0 7134.0
24985.0 7127.0
24993.0 7120.0
25000.0 7113.0
25007.0 7111.0
25009.0 7109.0
25011.0 7108.0
25013.0 7105.0
25014.0 7093.0
25016.0 7086.0
25020.0 7083.0
25021.0 7077.0
25023.0 7070.0
25026.0 7068.0
25027.0 7067.0
25030.0 7065.0
25031.0 7059.0
25033.0 7052.0
25037.0 7049.0
25041.0 7044.0
25043.0 7038.0
25047.0 7035.0
25051.0 7030.0
25053.0 7026.0
25054.0 7023.0
25057.0 7021.0
25058.0 7020.0
25061.0 7018.0
25062.0 7012.0
25064.0 7005.0
25068.0 7002.0
25072.0 6998.0
25074.0 6991.0
25078.0 6988.0
25082.0 6984.0
25086.0 6981.0
25089.0 6975.0
25090.0 6974.0
25091.0 6956.0
25095.0 6955.0
25096.0 6954.0
25097.0 6950.0
25098.0 6944.0
25101.0 6943.0
25102.0 6940.0
25103.0 6939.0
25104.0 6936.0
25107.0 6935.0
25108.0 6931.0
25109.0 6925.0
25110.0 6916.0
25113.0 6915.0
25114.0 6912.0
25120.0 6904.0
25121.0 6897.0
25126.0 6894.0
25130.0 6893.0
25131.0 6885.0
25136.0 6878.0
25137.0 6876.0
25138.0 6875.0
25143.0 6872.0
25146.0 6866.0
25147.0 6864.0
25148.0 6863.0
25152.0 6861.0
25153.0 6856.0
25154.0 6854.0
25160.0 6853.0
25161.0 6852.0
25162.0 6849.0
25163.0 6844.0
25164.0 6842.0
25169.0 6840.0
25175.0 6838.0
25176.0 6833.0
25177.0 6831.0
25179.0 6830.0
25182.0 6829.0
25189.0 6824.0
25190.0 6822.0
25191.0 6819.0
25192.0 6817.0
25197.0 6815.0
25199.0 6812.0
25200.0 6810.0
25203.0 6809.0
25204.0 6807.0
25205.0 6806.0
25207.0 6805.0
25208.0 6804.0
25209.0 6802.0
25211.0 6797.0
25212.0 6795.0
25218.0 6792.0
25219.0 6790.0
25221.0 6785.0
25222.0 6783.0
25227.0 6781.0
25232.0 6779.0
25234.0 6774.0
25235.0 6772.0
25237.0 6771.0
25240.0 6770.0
25245.0 6769.0
25246.0 6767.0
25247.0 6765.0
25248.0 6763.0
25249.0 6760.0
25250.0 6758.0
25255.0 6756.0
25258.0 6751.0
25261.0 6749.0
25263.0 6747.0
25265.0 6746.0
25270.0 6745.0
25271.0 6740.0
25273.0 6739.0
25274.0 6738.0
25276.0 6737.0
25279.0 6736.0
25282.0 6734.0
25283.0 6732.0
25284.0 6731.0
25286.0 6726.0
25289.0 6724.0
25294.0 6722.0
25296.0 6721.0
25297.0 6720.0
25299.0 6715.0
25301.0 6714.0
25302.0 6713.0
25304.0 6712.0
25312.0 6711.0
25313.0 6709.0
25316.0 6707.0
25319.0 6705.0
25321.0 6704.0
25322.0 6703.0
25324.0 6702.0
25328.0 6701.0
25330.0 6700.0
25332.0 6699.0
25334.0 6698.0
25336.0 6697.0
25337.0 6696.0
25339.0 6695.0
25340.0 6693.0
25343.0 6692.0
25345.0 6691.0
25347.0 6690.0
25348.0 6688.0
25349.0 6686.0
25351.0 6684.0
25352.0 6682.0
25353.0 6680.0
25358.0 6678.0
25359.0 6676.0
25360.0 6674.0
25361.0 6673.0
25363.0 6672.0
25365.0 6671.0
25366.0 6669.0
25368.0 6667.0
25372.0 6665.0
25373.0 6663.0
25375.0 6661.0
25376.0 6659.0
25379.0 6658.0
25380.0 6657.0
25383.0 6653.0
25386.0 6652.0
25387.0 6651.0
25388.0 6650.0
25389.0 6648.0
25390.0 6646.0
25394.0 6644.0
25396.0 6642.0
25397.0 6640.0
25400.0 6639.0
25401.0 6638.0
25402.0 6637.0
25404.0 6635.0
25407.0 6633.0
25409.0 6631.0
25411.0 6630.0
25412.0 6629.0
25414.0 6628.0
25416.0 6627.0
25418.0 6626.0
25421.0 6623.0
25424.0 6621.0
25425.0 6620.0
25428.0 6618.0
25431.0 6617.0
25432.0 6616.0
25434.0 6615.0
25438.0 6614.0
25439.0 6611.0
25442.0 6609.0
25445.0 6608.0
25449.0 6607.0
25451.0 6606.0
25452.0 6605.0
25455.0 6603.0
25456.0 6601.0
25459.0 6599.0
25465.0 6598.0
25466.0 6596.0
25469.0 6594.0
25474.0 6592.0
25477.0 6590.0
25479.0 6589.0
25482.0 6588.0
25484.0 6587.0
25487.0 6585.0
25489.0 6584.0
25490.0 6583.0
25492.0 6582.0
25493.0 6581.0
25495.0 6579.0
25498.0 6577.0
25502.0 6576.0
25504.0 6575.0
25505.0 6574.0
25506.0 6573.0
25507.0 6572.0
25509.0 6571.0
25510.0 6570.0
25511.0 6569.0
25513.0 6567.0
25516.0 6565.0
25521.0 6564.0
25524.0 6562.0
25525.0 6560.0
25528.0 6558.0
25532.0 6557.0
25534.0 6555.0
25537.0 6553.0
25544.0 6551.0
25545.0 6549.0
25548.0 6547.0
25551.0 6545.0
25552.0 6543.0
25555.0 6541.0
25561.0 6540.0
25564.0 6538.0
25571.0 6536.0
25574.0 6533.0
25575.0 6531.0
25578.0 6530.0
25581.0 6529.0
25584.0 6528.0
25590.0 6526.0
25593.0 6525.0
25594.0 6523.0
25597.0 6522.0
25598.0 6520.0
25604.0 6518.0
25608.0 6517.0
25609.0 6515.0
25611.0 6514.0
25612.0 6512.0
25621.0 6509.0
25629.0 6507.0
25631.0 6506.0
25632.0 6504.0
25634.0 6503.0
25635.0 6501.0
25645.0 6499.0
25647.0 6498.0
25655.0 6497.0
25658.0 6496.0
25660.0 6495.0
25661.0 6493.0
25671.0 6491.0
25673.0 6490.0
25681.0 6489.0
25684.0 6488.0
25688.0 6487.0
25693.0 6486.0
25698.0 6485.0
25700.0 6484.0
25710.0 6483.0
25711.0 6482.0
25713.0 6481.0
25714.0 6479.0
25724.0 6477.0
25726.0 6476.0
25737.0 6474.0
25748.0 6473.0
25751.0 6472.0
25762.0 6471.0
25766.0 6470.0
25777.0 6469.0
25796.0 6468.0
25810.0 6466.0
25825.0 6464.0
25831.0 6463.0
25844.0 6462.0
25854.0 6460.0
25861.0 6459.0
25868.0 6458.0
25884.0 6456.0
25891.0 6455.0
25898.0 6454.0
25913.0 6453.0
25921.0 6451.0
25926.0 6450.0
25927.0 6448.0
25929.0 6447.0
25936.0 6446.0
25938.0 6444.0
25941.0 6441.0
25942.0 6440.0
25945.0 6437.0
25948.0 6436.0
25950.0 6434.0
25951.0 6433.0
25952.0 6432.0
25953.0 6431.0
25955.0 6429.0
25961.0 6428.0
25964.0 6425.0
25968.0 6424.0
25973.0 6423.0
25976.0 6420.0
25979.0 6417.0
25985.0 6416.0
25987.0 6415.0
25988.0 6413.0
25992.0 6412.0
25997.0 6411.0
26000.0 6409.0
26004.0 6407.0
26008.0 6406.0
26009.0 6405.0
26010.0 6404.0
26011.0 6403.0
26013.0 6401.0
26019.0 6400.0
26022.0 6397.0
26026.0 6396.0
26031.0 6395.0
26034.0 6393.0
26038.0 6391.0
26042.0 6390.0
26043.0 6389.0
26045.0 6387.0
26055.0 6385.0
26059.0 6383.0
26069.0 6381.0
26080.0 6380.0
26084.0 6378.0
26094.0 6376.0
26113.0 6374.0
26114.0 6373.0
26127.0 6371.0
26131.0 6369.0
26132.0 6368.0
26134.0 6367.0
26141.0 6366.0
26142.0 6361.0
26151.0 6359.0
26155.0 6357.0
26158.0 6355.0
26165.0 6354.0
26166.0 6352.0
26171.0 6351.0
26174.0 6349.0
26176.0 6345.0
26185.0 6343.0
26189.0 6341.0
26192.0 6339.0
26199.0 6338.0
26201.0 6337.0
26205.0 6335.0
26208.0 6333.0
26215.0 6332.0
26218.0 6331.0
26221.0 6329.0
26231.0 6326.0
26241.0 6324.0
26247.0 6323.0
26252.0 6322.0
26257.0 6321.0
26261.0 6320.0
26264.0 6319.0
26265.0 6318.0
26268.0 6316.0
26273.0 6314.0
26280.0 6313.0
26281.0 6312.0
26284.0 6310.0
26289.0 6308.0
26296.0 6307.0
26297.0 6306.0
26302.0 6304.0
26305.0 6302.0
26312.0 6301.0
26318.0 6298.0
26328.0 6295.0
26344.0 6292.0
26360.0 6291.0
26375.0 6290.0
26389.0 6288.0
26392.0 6287.0
26407.0 6286.0
26455.0 6285.0
26498.0 6283.0
26512.0 6281.0
26522.0 6278.0
26542.0 6277.0
26550.0 6276.0
26560.0 6273.0
26575.0 6270.0
26585.0 6269.0
26587.0 6268.0
26590.0 6267.0
26592.0 6266.0
26593.0 6265.0
26600.0 6264.0
26602.0 6263.0
26603.0 6262.0
26606.0 6261.0
26608.0 6260.0
26616.0 6258.0
26618.0 6257.0
26632.0 6255.0
26634.0 6254.0
26654.0 6253.0
26656.0 6252.0
26670.0 6250.0
26672.0 6249.0
26684.0 6248.0
26692.0 6246.0
26696.0 6245.0
26708.0 6243.0
26712.0 6242.0
26726.0 6241.0
26732.0 6240.0
26733.0 6239.0
26744.0 6237.0
26758.0 6236.0
26760.0 6234.0
26768.0 6233.0
26780.0 6230.0
26792.0 6229.0
26796.0 6227.0
26808.0 6226.0
26832.0 6225.0
26833.0 6223.0
26848.0 6222.0
