523.0 1440.0
524.0 1387.0
525.0 1373.0
526.0 1361.0
527.0 1349.0
528.0 1345.0
529.0 1336.0
530.0 1327.0
531.0 1315.0
532.0 1311.0
533.0 1302.0
534.0 1298.0
535.0 1281.0
536.0 1270.0
537.0 1261.0
538.0 1260.0
539.0 1250.0
540.0 1241.0
541.0 1238.0
542.0 1235.0
543.0 1230.0
544.0 1222.0
545.0 1219.0
546.0 1213.0
547.0 1208.0
548.0 1197.0
549.0 1194.0
550.0 1188.0
551.0 1185.0
554.0 1180.0
555.0 1177.0
556.0 1171.0
557.0 1168.0
561.0 1160.0
565.0 1153.0
567.0 1149.0
568.0 1143.0
570.0 1134.0
572.0 1132.0
573.0 1130.0
574.0 1125.0
576.0 1116.0
581.0 1114.0
583.0 1112.0
584.0 1111.0
588.0 1110.0
591.0 1107.0
592.0 1106.0
593.0 1102.0
595.0 1098.0
596.0 1097.0
597.0 1094.0
598.0 1092.0
599.0 1089.0
600.0 1085.0
602.0 1079.0
605.0 1077.0
606.0 1076.0
609.0 1070.0
613.0 1067.0
616.0 1066.0
617.0 1063.0
621.0 1061.0
622.0 1060.0
624.0 1053.0
632.0 1048.0
