100.0 1164.0
102.0 1143.0
103.0 1135.0
104.0 1115.0
105.0 1076.0
107.0 1052.0
108.0 1048.0
109.0 1036.0
110.0 1024.0
111.0 1012.0
113.0 1001.0
114.0 998.0
115.0 991.0
116.0 989.0
117.0 984.0
118.0 980.0
119.0 972.0
120.0 971.0
121.0 962.0
123.0 956.0
124.0 952.0
125.0 947.0
126.0 945.0
127.0 941.0
128.0 929.0
129.0 928.0
130.0 927.0
131.0 914.0
132.0 911.0
133.0 909.0
134.0 904.0
135.0 902.0
136.0 897.0
137.0 896.0
138.0 894.0
139.0 893.0
141.0 884.0
143.0 881.0
146.0 880.0
147.0 879.0
148.0 875.0
149.0 871.0
167.0 868.0
169.0 865.0
173.0 857.0
179.0 852.0
