845.0 1038.0
846.0 1029.0
847.0 990.0
848.0 984.0
849.0 970.0
850.0 965.0
851.0 949.0
852.0 937.0
853.0 920.0
854.0 908.0
855.0 898.0
856.0 890.0
857.0 873.0
858.0 859.0
859.0 857.0
860.0 848.0
861.0 846.0
862.0 843.0
864.0 837.0
865.0 833.0
866.0 828.0
867.0 824.0
868.0 821.0
869.0 815.0
870.0 814.0
871.0 812.0
872.0 806.0
874.0 805.0
875.0 802.0
876.0 797.0
879.0 793.0
880.0 791.0
882.0 788.0
883.0 787.0
884.0 783.0
885.0 782.0
886.0 781.0
887.0 775.0
888.0 774.0
889.0 773.0
890.0 767.0
891.0 766.0
893.0 765.0
895.0 761.0
897.0 759.0
898.0 757.0
900.0 753.0
902.0 751.0
903.0 749.0
