7947.0 1242.0
7952.0 1238.0
7953.0 1235.0
7954.0 1233.0
7955.0 1225.0
7960.0 1221.0
7964.0 1218.0
7965.0 1215.0
7967.0 1211.0
7970.0 1206.0
7971.0 1205.0
7975.0 1202.0
7976.0 1201.0
7980.0 1198.0
7981.0 1190.0
7984.0 1183.0
7989.0 1179.0
7996.0 1176.0
8001.0 1172.0
8012.0 1169.0
8014.0 1167.0
8017.0 1165.0
8019.0 1163.0
8021.0 1162.0
8022.0 1156.0
8024.0 1155.0
8033.0 1154.0
8035.0 1151.0
8036.0 1147.0
8041.0 1144.0
8043.0 1141.0
8052.0 1138.0
8053.0 1137.0
8059.0 1131.0
8062.0 1128.0
8068.0 1119.0
8072.0 1110.0
8078.0 1107.0
8084.0 1098.0
8092.0 1084.0
8104.0 1083.0
8109.0 1082.0
8111.0 1075.0
8117.0 1073.0
8121.0 1067.0
8125.0 1062.0
8136.0 1061.0
8142.0 1059.0
8144.0 1057.0
8147.0 1056.0
8148.0 1052.0
8152.0 1051.0
8153.0 1050.0
8161.0 1046.0
8171.0 1043.0
8175.0 1041.0
8180.0 1039.0
8182.0 1038.0
8184.0 1037.0
8188.0 1035.0
8199.0 1030.0
8205.0 1027.0
8207.0 1024.0
8216.0 1018.0
8218.0 1015.0
8231.0 1013.0
8233.0 1009.0
8238.0 1007.0
8239.0 1004.0
8245.0 1003.0
8246.0 1002.0
8249.0 1000.0
8251.0 996.0
8253.0 993.0
8257.0 991.0
8259.0 988.0
8265.0 986.0
8269.0 984.0
8275.0 982.0
8282.0 980.0
8283.0 979.0
8284.0 977.0
8288.0 975.0
8289.0 974.0
8290.0 972.0
8296.0 970.0
8304.0 968.0
8309.0 966.0
8311.0 965.0
8315.0 964.0
8316.0 962.0
8321.0 961.0
8322.0 959.0
8327.0 956.0
8332.0 954.0
8337.0 951.0
8342.0 950.0
8343.0 948.0
8348.0 945.0
8361.0 943.0
8366.0 941.0
8372.0 940.0
8377.0 937.0
8416.0 935.0
8422.0 934.0
8427.0 931.0
8436.0 930.0
8450.0 928.0
8456.0 925.0
8475.0 922.0
8479.0 921.0
8482.0 920.0
8488.0 917.0
8507.0 914.0
8511.0 913.0
8530.0 910.0
8563.0 907.0
8574.0 906.0
8575.0 903.0
8587.0 902.0
8590.0 896.0
8606.0 892.0
8614.0 891.0
8629.0 890.0
8630.0 887.0
8638.0 885.0
8659.0 882.0
8662.0 880.0
8684.0 878.0
