15308.0 4136.0
15310.0 4125.0
15314.0 4124.0
15316.0 4113.0
15317.0 4063.0
15319.0 4029.0
15321.0 4005.0
15328.0 3999.0
15329.0 3976.0
15330.0 3955.0
15332.0 3951.0
15335.0 3938.0
15336.0 3783.0
15341.0 3760.0
15344.0 3752.0
15349.0 3744.0
15352.0 3736.0
15359.0 3729.0
15362.0 3721.0
15371.0 3719.0
15372.0 3714.0
15374.0 3711.0
15380.0 3701.0
15383.0 3693.0
15390.0 3690.0
15393.0 3682.0
15399.0 3679.0
15402.0 3676.0
15405.0 3672.0
15408.0 3670.0
15409.0 3669.0
15410.0 3662.0
15412.0 3661.0
15417.0 3655.0
15420.0 3647.0
15423.0 3646.0
15427.0 3640.0
15433.0 3633.0
15439.0 3630.0
15441.0 3619.0
15444.0 3618.0
15448.0 3612.0
15455.0 3607.0
15460.0 3602.0
15463.0 3601.0
15472.0 3599.0
15474.0 3596.0
15475.0 3595.0
15477.0 3588.0
15482.0 3587.0
15484.0 3583.0
15485.0 3582.0
15496.0 3580.0
15497.0 3579.0
15498.0 3577.0
15502.0 3569.0
15506.0 3562.0
15508.0 3561.0
15512.0 3553.0
15516.0 3546.0
15522.0 3541.0
15526.0 3534.0
15532.0 3529.0
15533.0 3527.0
15537.0 3520.0
15542.0 3518.0
15543.0 3517.0
15544.0 3516.0
15546.0 3511.0
15547.0 3509.0
15553.0 3506.0
15554.0 3504.0
15558.0 3501.0
15559.0 3499.0
15564.0 3497.0
15565.0 3490.0
15572.0 3489.0
15574.0 3481.0
15576.0 3479.0
15582.0 3478.0
15583.0 3477.0
15586.0 3471.0
15588.0 3467.0
15591.0 3461.0
15596.0 3459.0
15599.0 3455.0
15603.0 3447.0
15614.0 3444.0
15616.0 3443.0
15620.0 3435.0
15623.0 3434.0
15631.0 3432.0
15633.0 3430.0
15638.0 3428.0
15640.0 3422.0
15641.0 3420.0
15650.0 3418.0
15651.0 3415.0
15658.0 3408.0
15659.0 3405.0
15668.0 3403.0
15675.0 3401.0
15676.0 3393.0
15694.0 3386.0
15699.0 3385.0
15700.0 3382.0
15701.0 3379.0
15703.0 3378.0
15712.0 3377.0
15713.0 3374.0
15716.0 3373.0
15718.0 3367.0
15720.0 3366.0
15724.0 3365.0
15730.0 3362.0
15732.0 3358.0
15739.0 3354.0
15752.0 3349.0
15756.0 3347.0
15760.0 3344.0
15766.0 3340.0
15768.0 3339.0
15772.0 3337.0
15774.0 3334.0
15777.0 3329.0
15785.0 3328.0
15787.0 3326.0
15789.0 3325.0
15794.0 3321.0
15798.0 3320.0
15804.0 3319.0
15805.0 3314.0
15813.0 3313.0
15815.0 3312.0
15817.0 3311.0
15820.0 3310.0
15822.0 3306.0
15824.0 3305.0
15825.0 3301.0
15827.0 3300.0
15835.0 3299.0
15837.0 3296.0
15842.0 3293.0
15844.0 3292.0
15848.0 3291.0
15853.0 3286.0
15855.0 3285.0
15863.0 3284.0
15865.0 3281.0
15873.0 3280.0
15884.0 3279.0
15892.0 3278.0
15900.0 3277.0
15902.0 3276.0
15907.0 3275.0
15912.0 3272.0
15917.0 3271.0
15925.0 3270.0
15936.0 3269.0
15940.0 3267.0
15948.0 3266.0
15959.0 3265.0
15967.0 3263.0
15968.0 3262.0
15976.0 3261.0
15981.0 3260.0
15987.0 3259.0
15988.0 3258.0
15990.0 3256.0
15997.0 3254.0
16001.0 3253.0
16002.0 3252.0
16004.0 3250.0
16010.0 3249.0
16011.0 3247.0
16013.0 3246.0
16014.0 3244.0
16020.0 3243.0
16023.0 3240.0
16031.0 3239.0
16034.0 3237.0
16037.0 3234.0
16043.0 3233.0
16046.0 3230.0
16054.0 3229.0
16063.0 3228.0
16071.0 3227.0
16074.0 3224.0
16083.0 3223.0
16091.0 3222.0
16100.0 3221.0
16108.0 3220.0
16110.0 3219.0
16111.0 3217.0
16126.0 3214.0
16130.0 3212.0
16133.0 3209.0
16145.0 3208.0
16162.0 3205.0
16169.0 3203.0
16170.0 3202.0
16171.0 3201.0
16198.0 3199.0
16199.0 3198.0
16200.0 3197.0
16245.0 3196.0
16347.0 3192.0
16361.0 3191.0
16368.0 3190.0
16376.0 3187.0
16386.0 3185.0
16394.0 3183.0
16408.0 3182.0
16417.0 3181.0
16423.0 3178.0
16433.0 3176.0
16447.0 3175.0
