24739.0 7613.0
24740.0 7590.0
24741.0 7586.0
24742.0 7579.0
24743.0 7575.0
24744.0 7555.0
24745.0 7551.0
24746.0 7544.0
24747.0 7540.0
24748.0 7535.0
24749.0 7531.0
24750.0 7524.0
24754.0 7521.0
24755.0 7514.0
24758.0 7511.0
24761.0 7510.0
24762.0 7508.0
24763.0 7501.0
24765.0 7499.0
24769.0 7481.0
24770.0 7477.0
24773.0 7461.0
24778.0 7451.0
24784.0 7450.0
24785.0 7446.0
24786.0 7438.0
24788.0 7436.0
24792.0 7434.0
24793.0 7426.0
24795.0 7425.0
24799.0 7419.0
24801.0 7413.0
24806.0 7412.0
24807.0 7406.0
24809.0 7403.0
24810.0 7400.0
24814.0 7395.0
24816.0 7393.0
24817.0 7390.0
24820.0 7385.0
24824.0 7378.0
24826.0 7377.0
24829.0 7372.0
24830.0 7371.0
24832.0 7365.0
24835.0 7360.0
24838.0 7358.0
24841.0 7352.0
24844.0 7347.0
24847.0 7345.0
24848.0 7342.0
24850.0 7340.0
24854.0 7335.0
24858.0 7332.0
24860.0 7330.0
24862.0 7327.0
24863.0 7325.0
24865.0 7321.0
24868.0 7320.0
24869.0 7317.0
24874.0 7314.0
24875.0 7312.0
24876.0 7303.0
24880.0 7299.0
24882.0 7293.0
24884.0 7290.0
24886.0 7285.0
24887.0 7282.0
24888.0 7273.0
24895.0 7269.0
24896.0 7260.0
24899.0 7251.0
24900.0 7243.0
24903.0 7234.0
24907.0 7230.0
24908.0 7222.0
24913.0 7221.0
24914.0 7212.0
24919.0 7204.0
24921.0 7201.0
24923.0 7199.0
24924.0 7190.0
24927.0 7187.0
24928.0 7182.0
24929.0 7173.0
24933.0 7169.0
24934.0 7168.0
24935.0 7159.0
24940.0 7155.0
24942.0 7154.0
24944.0 7151.0
24945.0 7150.0
24946.0 7141.0
24953.0 7136.0
24962.0 7132.0
24965.0 7125.0
24968.0 7118.0
24969.0 7117.0
24972.0 7108.0
24975.0 7104.0
24978.0 7095.0
24979.0 7091.0
24982.0 7082.0
24985.0 7078.0
24988.0 7069.0
24994.0 7065.0
24995.0 7064.0
25000.0 7060.0
25001.0 7058.0
25002.0 7056.0
25006.0 7051.0
25007.0 7049.0
25008.0 7047.0
25009.0 7045.0
25010.0 7040.0
25012.0 7038.0
25013.0 7036.0
25016.0 7027.0
25020.0 7025.0
25022.0 7023.0
25023.0 7016.0
25028.0 7015.0
25030.0 7011.0
25035.0 7010.0
25036.0 7005.0
25038.0 7004.0
25039.0 7003.0
25042.0 6994.0
25045.0 6991.0
25048.0 6990.0
25049.0 6983.0
25051.0 6982.0
25052.0 6980.0
25054.0 6970.0
25057.0 6969.0
25059.0 6963.0
25060.0 6961.0
25064.0 6958.0
25065.0 6954.0
25067.0 6952.0
25071.0 6951.0
25072.0 6942.0
25076.0 6930.0
25081.0 6923.0
25084.0 6922.0
25089.0 6915.0
25096.0 6903.0
25101.0 6896.0
25103.0 6894.0
25107.0 6889.0
25108.0 6887.0
25113.0 6884.0
25114.0 6880.0
25117.0 6877.0
25121.0 6872.0
25123.0 6870.0
25126.0 6869.0
25127.0 6865.0
25130.0 6864.0
25132.0 6862.0
25133.0 6858.0
25136.0 6857.0
25137.0 6853.0
25139.0 6851.0
25142.0 6850.0
25143.0 6846.0
25146.0 6845.0
25148.0 6843.0
25150.0 6840.0
25152.0 6838.0
25153.0 6837.0
25157.0 6832.0
25159.0 6830.0
25161.0 6827.0
25163.0 6825.0
25166.0 6824.0
25167.0 6820.0
25170.0 6819.0
25172.0 6817.0
25175.0 6816.0
25176.0 6812.0
25181.0 6810.0
25183.0 6808.0
25187.0 6803.0
25195.0 6801.0
25197.0 6799.0
25199.0 6797.0
25201.0 6794.0
25203.0 6792.0
25209.0 6791.0
25212.0 6788.0
25214.0 6786.0
25217.0 6784.0
25218.0 6781.0
25221.0 6779.0
25225.0 6774.0
25229.0 6772.0
25231.0 6770.0
25238.0 6768.0
25241.0 6766.0
25242.0 6763.0
25245.0 6761.0
25249.0 6756.0
25253.0 6754.0
25255.0 6752.0
25264.0 6751.0
25267.0 6749.0
25269.0 6748.0
25270.0 6746.0
25271.0 6744.0
25274.0 6743.0
25275.0 6742.0
25277.0 6739.0
25281.0 6737.0
25283.0 6735.0
25285.0 6733.0
25287.0 6731.0
25289.0 6728.0
25291.0 6727.0
25293.0 6724.0
25295.0 6723.0
25297.0 6720.0
25300.0 6719.0
25301.0 6716.0
25304.0 6715.0
25306.0 6714.0
25308.0 6711.0
25311.0 6710.0
25312.0 6707.0
25315.0 6706.0
25317.0 6703.0
25321.0 6699.0
25324.0 6698.0
25326.0 6697.0
25328.0 6694.0
25332.0 6690.0
25339.0 6688.0
25342.0 6687.0
25344.0 6684.0
25346.0 6683.0
25349.0 6681.0
25350.0 6679.0
25355.0 6675.0
25364.0 6672.0
25367.0 6670.0
25368.0 6668.0
25371.0 6666.0
25378.0 6663.0
25386.0 6662.0
25387.0 6661.0
25390.0 6660.0
25391.0 6658.0
25392.0 6657.0
25395.0 6655.0
25396.0 6654.0
25397.0 6653.0
25402.0 6652.0
25405.0 6651.0
25406.0 6650.0
25408.0 6649.0
25409.0 6647.0
25410.0 6646.0
25412.0 6645.0
25413.0 6644.0
25419.0 6642.0
25420.0 6641.0
25428.0 6639.0
25432.0 6638.0
25433.0 6637.0
25435.0 6636.0
25436.0 6635.0
25442.0 6633.0
25443.0 6632.0
25445.0 6630.0
25446.0 6629.0
25449.0 6626.0
25450.0 6621.0
25454.0 6617.0
25456.0 6614.0
25458.0 6613.0
25460.0 6610.0
25462.0 6609.0
25472.0 6605.0
25474.0 6602.0
25476.0 6601.0
25478.0 6598.0
25480.0 6596.0
25482.0 6595.0
25483.0 6594.0
25484.0 6592.0
25486.0 6591.0
25487.0 6590.0
25489.0 6589.0
25496.0 6587.0
25498.0 6584.0
25500.0 6583.0
25501.0 6582.0
25502.0 6580.0
25504.0 6577.0
25510.0 6570.0
25520.0 6568.0
25522.0 6565.0
25526.0 6561.0
25528.0 6558.0
25531.0 6557.0
25534.0 6552.0
25537.0 6550.0
25544.0 6549.0
25546.0 6547.0
25549.0 6545.0
25552.0 6540.0
25555.0 6538.0
25562.0 6537.0
25566.0 6533.0
25569.0 6531.0
25577.0 6527.0
25579.0 6526.0
25580.0 6525.0
25588.0 6523.0
25591.0 6519.0
25594.0 6518.0
25604.0 6513.0
25610.0 6512.0
25617.0 6507.0
25618.0 6505.0
25624.0 6503.0
25631.0 6500.0
25641.0 6499.0
25646.0 6497.0
25647.0 6496.0
25651.0 6493.0
25654.0 6489.0
25657.0 6488.0
25663.0 6487.0
25664.0 6484.0
25668.0 6482.0
25670.0 6481.0
25677.0 6478.0
25679.0 6477.0
25681.0 6475.0
25686.0 6473.0
25687.0 6472.0
25692.0 6466.0
25694.0 6465.0
25703.0 6464.0
25705.0 6463.0
25709.0 6457.0
25711.0 6456.0
25725.0 6455.0
25727.0 6454.0
25733.0 6451.0
25735.0 6450.0
25749.0 6449.0
25751.0 6448.0
25758.0 6441.0
25767.0 6439.0
25772.0 6437.0
25779.0 6433.0
25789.0 6432.0
25793.0 6429.0
25800.0 6423.0
25802.0 6422.0
25812.0 6421.0
25814.0 6419.0
25816.0 6418.0
25826.0 6417.0
25828.0 6416.0
25838.0 6415.0
25840.0 6413.0
25842.0 6412.0
25852.0 6411.0
25853.0 6410.0
25857.0 6409.0
25860.0 6405.0
25869.0 6403.0
25874.0 6402.0
25878.0 6399.0
25879.0 6395.0
25885.0 6388.0
25894.0 6386.0
25905.0 6385.0
25906.0 6380.0
25914.0 6378.0
25921.0 6377.0
25923.0 6376.0
25927.0 6370.0
25929.0 6369.0
25940.0 6368.0
25950.0 6367.0
25952.0 6366.0
25953.0 6364.0
25955.0 6363.0
25956.0 6360.0
25958.0 6359.0
25974.0 6358.0
25978.0 6356.0
25980.0 6355.0
25982.0 6354.0
25984.0 6353.0
26000.0 6352.0
26004.0 6350.0
26006.0 6349.0
26022.0 6348.0
26038.0 6346.0
26040.0 6345.0
26056.0 6344.0
26083.0 6342.0
26084.0 6340.0
26089.0 6339.0
26094.0 6333.0
26099.0 6332.0
26113.0 6331.0
26114.0 6328.0
26116.0 6325.0
26121.0 6324.0
26133.0 6323.0
26138.0 6319.0
26143.0 6318.0
26155.0 6317.0
26159.0 6314.0
26161.0 6311.0
26166.0 6310.0
26178.0 6309.0
26183.0 6305.0
26188.0 6304.0
26200.0 6303.0
26209.0 6302.0
26214.0 6301.0
26217.0 6300.0
26219.0 6297.0
26224.0 6296.0
26236.0 6295.0
26239.0 6293.0
26244.0 6292.0
26256.0 6291.0
26265.0 6289.0
26270.0 6288.0
26275.0 6283.0
26280.0 6282.0
26292.0 6281.0
26301.0 6280.0
26306.0 6279.0
26318.0 6278.0
26331.0 6277.0
26340.0 6276.0
26352.0 6275.0
26365.0 6274.0
26395.0 6273.0
