99.0 101.0
89.0 126.0
99.0 101.0
89.0 126.0
91.0 125.0
96.0 106.0
92.0 116.0
95.0 111.0
93.0 112.0
96.0 106.0
92.0 116.0
93.0 112.0
95.0 111.0
91.0 125.0
89.0 126.0
99.0 101.0
96.0 106.0
92.0 116.0
93.0 112.0
91.0 125.0
95.0 111.0
89.0 126.0
99.0 101.0
96.0 106.0
92.0 116.0
93.0 112.0
95.0 111.0
91.0 125.0
89.0 126.0
99.0 101.0
96.0 106.0
92.0 116.0
93.0 112.0
95.0 111.0
91.0 125.0
99.0 101.0
89.0 126.0
96.0 106.0
92.0 116.0
93.0 112.0
95.0 111.0
91.0 125.0
99.0 101.0
89.0 126.0
96.0 106.0
92.0 116.0
93.0 112.0
91.0 125.0
95.0 111.0
99.0 101.0
89.0 126.0
96.0 106.0
92.0 116.0
93.0 112.0
91.0 125.0
95.0 111.0
89.0 126.0
99.0 101.0
96.0 106.0
92.0 116.0
93.0 112.0
91.0 125.0
95.0 111.0
89.0 126.0
99.0 101.0
96.0 106.0
92.0 116.0
93.0 112.0
91.0 125.0
95.0 111.0
89.0 126.0
99.0 101.0
96.0 106.0
92.0 116.0
93.0 112.0
91.0 125.0
95.0 111.0
99.0 101.0
89.0 126.0
96.0 106.0
92.0 116.0
93.0 112.0
91.0 125.0
95.0 111.0
89.0 126.0
99.0 101.0
96.0 106.0
92.0 116.0
93.0 112.0
95.0 111.0
91.0 125.0
99.0 101.0
89.0 126.0
96.0 106.0
92.0 116.0
93.0 112.0
91.0 125.0
95.0 111.0
99.0 101.0
89.0 126.0
