350.0 755.0
379.0 673.0
350.0 755.0
379.0 673.0
351.0 731.0
353.0 726.0
354.0 705.0
359.0 689.0
373.0 679.0
376.0 674.0
362.0 688.0
364.0 684.0
367.0 683.0
370.0 680.0
357.0 695.0
376.0 674.0
370.0 680.0
373.0 679.0
367.0 683.0
357.0 695.0
356.0 700.0
359.0 689.0
364.0 684.0
362.0 688.0
351.0 731.0
354.0 705.0
355.0 702.0
352.0 728.0
352.0 728.0
355.0 702.0
356.0 700.0
353.0 726.0
379.0 673.0
350.0 755.0
376.0 674.0
370.0 680.0
367.0 683.0
373.0 679.0
357.0 695.0
359.0 689.0
364.0 684.0
362.0 688.0
351.0 731.0
354.0 705.0
355.0 702.0
352.0 728.0
356.0 700.0
353.0 726.0
350.0 755.0
379.0 673.0
376.0 674.0
370.0 680.0
367.0 683.0
373.0 679.0
357.0 695.0
359.0 689.0
364.0 684.0
362.0 688.0
351.0 731.0
354.0 705.0
355.0 702.0
352.0 728.0
353.0 726.0
356.0 700.0
350.0 755.0
379.0 673.0
376.0 674.0
370.0 680.0
373.0 679.0
367.0 683.0
357.0 695.0
359.0 689.0
364.0 684.0
362.0 688.0
351.0 731.0
354.0 705.0
355.0 702.0
352.0 728.0
356.0 700.0
353.0 726.0
350.0 755.0
379.0 673.0
376.0 674.0
370.0 680.0
373.0 679.0
367.0 683.0
357.0 695.0
359.0 689.0
364.0 684.0
362.0 688.0
351.0 731.0
354.0 705.0
355.0 702.0
352.0 728.0
356.0 700.0
353.0 726.0
350.0 755.0
379.0 673.0
376.0 674.0
370.0 680.0
