373.0 504.0
321.0 651.0
373.0 504.0
321.0 651.0
323.0 615.0
322.0 634.0
322.0 634.0
325.0 603.0
365.0 511.0
323.0 615.0
330.0 598.0
362.0 515.0
359.0 519.0
362.0 515.0
369.0 509.0
344.0 551.0
340.0 561.0
337.0 577.0
331.0 590.0
338.0 569.0
350.0 537.0
365.0 511.0
359.0 519.0
357.0 523.0
339.0 567.0
343.0 557.0
325.0 603.0
352.0 536.0
353.0 533.0
353.0 533.0
349.0 542.0
334.0 587.0
347.0 548.0
348.0 543.0
355.0 528.0
335.0 582.0
372.0 506.0
346.0 550.0
342.0 559.0
357.0 523.0
356.0 527.0
355.0 528.0
327.0 600.0
328.0 599.0
370.0 508.0
335.0 582.0
327.0 600.0
336.0 579.0
340.0 561.0
338.0 569.0
370.0 508.0
336.0 579.0
347.0 548.0
342.0 559.0
369.0 509.0
337.0 577.0
339.0 567.0
343.0 557.0
372.0 506.0
344.0 551.0
331.0 590.0
350.0 537.0
348.0 543.0
328.0 599.0
333.0 588.0
332.0 589.0
334.0 587.0
346.0 550.0
349.0 542.0
352.0 536.0
330.0 598.0
332.0 589.0
356.0 527.0
333.0 588.0
373.0 504.0
321.0 651.0
322.0 634.0
323.0 615.0
362.0 515.0
365.0 511.0
359.0 519.0
325.0 603.0
353.0 533.0
357.0 523.0
355.0 528.0
335.0 582.0
327.0 600.0
340.0 561.0
338.0 569.0
370.0 508.0
336.0 579.0
337.0 577.0
369.0 509.0
343.0 557.0
339.0 567.0
347.0 548.0
342.0 559.0
372.0 506.0
344.0 551.0
331.0 590.0
