609.0 1073.0
531.0 1292.0
609.0 1073.0
531.0 1292.0
542.0 1209.0
605.0 1081.0
535.0 1264.0
536.0 1247.0
585.0 1120.0
540.0 1225.0
580.0 1122.0
537.0 1244.0
538.0 1231.0
549.0 1185.0
532.0 1287.0
533.0 1276.0
606.0 1076.0
593.0 1093.0
580.0 1122.0
576.0 1124.0
596.0 1090.0
601.0 1082.0
533.0 1276.0
534.0 1267.0
550.0 1176.0
542.0 1209.0
546.0 1199.0
544.0 1203.0
597.0 1086.0
566.0 1143.0
586.0 1115.0
551.0 1174.0
547.0 1193.0
548.0 1186.0
544.0 1203.0
559.0 1156.0
554.0 1169.0
591.0 1104.0
547.0 1193.0
592.0 1098.0
573.0 1129.0
563.0 1147.0
565.0 1144.0
540.0 1225.0
551.0 1174.0
559.0 1156.0
592.0 1098.0
554.0 1169.0
561.0 1151.0
532.0 1287.0
561.0 1151.0
588.0 1112.0
575.0 1126.0
573.0 1129.0
571.0 1131.0
555.0 1168.0
558.0 1160.0
546.0 1199.0
556.0 1164.0
567.0 1139.0
600.0 1083.0
598.0 1085.0
536.0 1247.0
538.0 1231.0
606.0 1076.0
593.0 1093.0
534.0 1267.0
586.0 1115.0
589.0 1110.0
590.0 1107.0
539.0 1228.0
591.0 1104.0
539.0 1228.0
588.0 1112.0
535.0 1264.0
537.0 1244.0
596.0 1090.0
575.0 1126.0
590.0 1107.0
576.0 1124.0
550.0 1176.0
571.0 1131.0
567.0 1139.0
556.0 1164.0
598.0 1085.0
564.0 1146.0
570.0 1133.0
557.0 1162.0
568.0 1137.0
562.0 1149.0
569.0 1135.0
558.0 1160.0
589.0 1110.0
557.0 1162.0
562.0 1149.0
585.0 1120.0
569.0 1135.0
568.0 1137.0
570.0 1133.0
600.0 1083.0
