447.0 1068.0
523.0 905.0
447.0 1068.0
523.0 905.0
510.0 916.0
495.0 917.0
456.0 997.0
448.0 1048.0
455.0 1014.0
462.0 981.0
451.0 1032.0
453.0 1018.0
472.0 962.0
461.0 992.0
483.0 940.0
449.0 1040.0
451.0 1032.0
485.0 932.0
518.0 908.0
518.0 908.0
466.0 973.0
492.0 923.0
473.0 955.0
514.0 909.0
448.0 1048.0
462.0 981.0
449.0 1040.0
466.0 973.0
460.0 993.0
469.0 963.0
479.0 946.0
489.0 928.0
481.0 941.0
493.0 918.0
453.0 1018.0
477.0 950.0
479.0 946.0
489.0 928.0
485.0 932.0
475.0 952.0
487.0 929.0
492.0 923.0
475.0 952.0
477.0 950.0
456.0 997.0
467.0 970.0
455.0 1014.0
511.0 912.0
460.0 993.0
468.0 966.0
495.0 917.0
514.0 909.0
481.0 941.0
487.0 929.0
512.0 911.0
483.0 940.0
473.0 955.0
468.0 966.0
467.0 970.0
512.0 911.0
469.0 963.0
493.0 918.0
511.0 912.0
461.0 992.0
472.0 962.0
510.0 916.0
447.0 1068.0
523.0 905.0
451.0 1032.0
518.0 908.0
448.0 1048.0
462.0 981.0
449.0 1040.0
466.0 973.0
453.0 1018.0
479.0 946.0
489.0 928.0
485.0 932.0
492.0 923.0
475.0 952.0
477.0 950.0
456.0 997.0
455.0 1014.0
460.0 993.0
495.0 917.0
514.0 909.0
481.0 941.0
487.0 929.0
483.0 940.0
473.0 955.0
468.0 966.0
467.0 970.0
512.0 911.0
469.0 963.0
493.0 918.0
511.0 912.0
461.0 992.0
472.0 962.0
510.0 916.0
447.0 1068.0
