104.0 1114.0
156.0 907.0
104.0 1114.0
156.0 907.0
106.0 1102.0
108.0 1082.0
109.0 1081.0
110.0 1063.0
154.0 912.0
150.0 917.0
106.0 1102.0
144.0 929.0
128.0 980.0
147.0 927.0
111.0 1061.0
112.0 1051.0
140.0 945.0
130.0 977.0
138.0 948.0
136.0 959.0
134.0 961.0
154.0 912.0
122.0 1003.0
120.0 1008.0
127.0 987.0
112.0 1051.0
137.0 954.0
116.0 1028.0
113.0 1045.0
114.0 1039.0
118.0 1018.0
131.0 971.0
113.0 1045.0
114.0 1039.0
115.0 1033.0
141.0 939.0
117.0 1022.0
119.0 1012.0
150.0 917.0
120.0 1008.0
115.0 1033.0
149.0 922.0
143.0 934.0
133.0 966.0
122.0 1003.0
137.0 954.0
116.0 1028.0
108.0 1082.0
117.0 1022.0
119.0 1012.0
125.0 993.0
126.0 989.0
123.0 999.0
118.0 1018.0
128.0 980.0
138.0 948.0
131.0 971.0
141.0 939.0
123.0 999.0
124.0 996.0
132.0 968.0
140.0 945.0
130.0 977.0
125.0 993.0
124.0 996.0
142.0 936.0
148.0 924.0
110.0 1063.0
144.0 929.0
134.0 961.0
126.0 989.0
132.0 968.0
148.0 924.0
142.0 936.0
143.0 934.0
136.0 959.0
147.0 927.0
149.0 922.0
133.0 966.0
111.0 1061.0
127.0 987.0
109.0 1081.0
156.0 907.0
104.0 1114.0
106.0 1102.0
154.0 912.0
112.0 1051.0
114.0 1039.0
113.0 1045.0
150.0 917.0
120.0 1008.0
115.0 1033.0
122.0 1003.0
116.0 1028.0
137.0 954.0
108.0 1082.0
117.0 1022.0
119.0 1012.0
118.0 1018.0
128.0 980.0
