886.0 786.0
848.0 979.0
886.0 786.0
848.0 979.0
849.0 957.0
880.0 791.0
852.0 933.0
853.0 919.0
877.0 795.0
854.0 911.0
857.0 881.0
859.0 867.0
858.0 868.0
855.0 898.0
860.0 854.0
883.0 790.0
880.0 791.0
855.0 898.0
850.0 950.0
864.0 837.0
868.0 823.0
865.0 828.0
851.0 941.0
856.0 889.0
869.0 814.0
853.0 919.0
856.0 889.0
851.0 941.0
852.0 933.0
854.0 911.0
857.0 881.0
885.0 788.0
849.0 957.0
850.0 950.0
883.0 790.0
860.0 854.0
872.0 808.0
861.0 849.0
873.0 803.0
877.0 795.0
861.0 849.0
862.0 845.0
863.0 841.0
862.0 845.0
864.0 837.0
863.0 841.0
876.0 798.0
871.0 811.0
872.0 808.0
869.0 814.0
873.0 803.0
874.0 801.0
867.0 825.0
866.0 827.0
868.0 823.0
874.0 801.0
867.0 825.0
885.0 788.0
870.0 812.0
875.0 799.0
858.0 868.0
865.0 828.0
870.0 812.0
875.0 799.0
876.0 798.0
871.0 811.0
866.0 827.0
859.0 867.0
886.0 786.0
848.0 979.0
880.0 791.0
855.0 898.0
853.0 919.0
851.0 941.0
856.0 889.0
854.0 911.0
852.0 933.0
857.0 881.0
849.0 957.0
850.0 950.0
883.0 790.0
860.0 854.0
877.0 795.0
861.0 849.0
862.0 845.0
864.0 837.0
863.0 841.0
872.0 808.0
869.0 814.0
873.0 803.0
874.0 801.0
867.0 825.0
885.0 788.0
868.0 823.0
858.0 868.0
865.0 828.0
870.0 812.0
875.0 799.0
859.0 867.0
866.0 827.0
