2664.0 623.0
3254.0 499.0
3254.0 499.0
2664.0 623.0
3186.0 501.0
2706.0 606.0
2708.0 591.0
2856.0 535.0
2846.0 547.0
3080.0 512.0
3024.0 513.0
2892.0 527.0
3154.0 510.0
3106.0 511.0
2814.0 552.0
2938.0 526.0
2764.0 567.0
2764.0 567.0
2794.0 558.0
2684.0 618.0
3182.0 507.0
2814.0 552.0
2794.0 558.0
2992.0 520.0
2842.0 548.0
2688.0 612.0
2868.0 533.0
3004.0 518.0
3012.0 514.0
2880.0 529.0
3106.0 511.0
3080.0 512.0
3174.0 509.0
2968.0 522.0
2692.0 609.0
2798.0 557.0
2712.0 590.0
2726.0 585.0
2758.0 575.0
3154.0 510.0
2670.0 621.0
2842.0 548.0
2760.0 571.0
2880.0 529.0
2868.0 533.0
2992.0 520.0
2760.0 571.0
2798.0 557.0
2670.0 621.0
2856.0 535.0
2726.0 585.0
2952.0 525.0
2938.0 526.0
2712.0 590.0
2688.0 612.0
2692.0 609.0
2750.0 578.0
2684.0 618.0
2742.0 581.0
3004.0 518.0
3024.0 513.0
2892.0 527.0
2758.0 575.0
2706.0 606.0
2846.0 547.0
3186.0 501.0
2968.0 522.0
2734.0 583.0
3182.0 507.0
2742.0 581.0
2746.0 579.0
3012.0 514.0
2964.0 523.0
2734.0 583.0
2750.0 578.0
3174.0 509.0
2956.0 524.0
2746.0 579.0
2956.0 524.0
2730.0 584.0
2730.0 584.0
2952.0 525.0
2964.0 523.0
2708.0 591.0
3254.0 499.0
2664.0 623.0
2764.0 567.0
2814.0 552.0
2794.0 558.0
3106.0 511.0
3080.0 512.0
3154.0 510.0
2842.0 548.0
2880.0 529.0
2868.0 533.0
2992.0 520.0
2760.0 571.0
2798.0 557.0
2670.0 621.0
2856.0 535.0
