6188.0 543.0
5698.0 772.0
5698.0 772.0
6188.0 543.0
6138.0 547.0
5700.0 744.0
6136.0 559.0
6096.0 560.0
5724.0 741.0
5728.0 722.0
6062.0 570.0
5756.0 704.0
6088.0 566.0
6008.0 584.0
5908.0 633.0
6058.0 577.0
5752.0 718.0
5990.0 589.0
5918.0 621.0
5890.0 639.0
5984.0 596.0
6034.0 583.0
5792.0 690.0
5814.0 680.0
5884.0 650.0
5970.0 601.0
5786.0 698.0
5826.0 674.0
5970.0 601.0
5956.0 605.0
6038.0 582.0
5806.0 688.0
5898.0 634.0
5936.0 615.0
5954.0 609.0
5942.0 611.0
5870.0 653.0
6008.0 584.0
5850.0 666.0
5824.0 678.0
5860.0 664.0
5868.0 657.0
5990.0 589.0
5890.0 639.0
5924.0 620.0
5936.0 615.0
5984.0 596.0
5868.0 657.0
6088.0 566.0
6038.0 582.0
6058.0 577.0
5766.0 702.0
5738.0 720.0
5882.0 651.0
5924.0 620.0
5842.0 671.0
6062.0 570.0
5814.0 680.0
5918.0 621.0
5766.0 702.0
5738.0 720.0
5836.0 673.0
5710.0 743.0
5802.0 689.0
5748.0 719.0
5776.0 701.0
5908.0 633.0
5714.0 742.0
6138.0 547.0
5956.0 605.0
5942.0 611.0
5786.0 698.0
6096.0 560.0
5898.0 634.0
5850.0 666.0
5858.0 665.0
5860.0 664.0
5806.0 688.0
5842.0 671.0
5728.0 722.0
5756.0 704.0
5780.0 700.0
5792.0 690.0
5884.0 650.0
5780.0 700.0
5870.0 653.0
5954.0 609.0
5882.0 651.0
5824.0 678.0
5714.0 742.0
5840.0 672.0
6034.0 583.0
5752.0 718.0
5836.0 673.0
5710.0 743.0
5724.0 741.0
5802.0 689.0
5776.0 701.0
5748.0 719.0
5700.0 744.0
