12977.0 3400.0
13864.0 2645.0
12977.0 3400.0
13864.0 2645.0
13116.0 3086.0
13058.0 3178.0
13263.0 2935.0
13424.0 2822.0
13024.0 3229.0
13445.0 2804.0
12986.0 3354.0
13416.0 2844.0
13073.0 3169.0
13182.0 3034.0
13576.0 2730.0
13225.0 2970.0
13376.0 2878.0
13802.0 2650.0
13233.0 2960.0
13569.0 2747.0
13745.0 2663.0
13765.0 2662.0
13840.0 2649.0
13602.0 2724.0
13441.0 2820.0
13204.0 3003.0
13042.0 3211.0
13203.0 3022.0
13074.0 3151.0
13491.0 2795.0
13020.0 3249.0
13033.0 3216.0
13512.0 2775.0
13530.0 2763.0
13079.0 3140.0
13091.0 3134.0
13295.0 2916.0
13345.0 2894.0
13003.0 3286.0
12981.0 3380.0
12999.0 3296.0
13187.0 3023.0
13254.0 2951.0
13625.0 2706.0
13105.0 3108.0
13530.0 2763.0
13146.0 3066.0
13471.0 2802.0
13209.0 2992.0
13133.0 3069.0
13625.0 2706.0
13383.0 2872.0
13311.0 2907.0
13168.0 3047.0
13220.0 2988.0
13709.0 2675.0
13248.0 2952.0
13354.0 2886.0
13684.0 2681.0
13555.0 2749.0
13603.0 2717.0
13500.0 2793.0
13151.0 3055.0
13780.0 2656.0
13004.0 3270.0
13105.0 3108.0
13645.0 2695.0
13730.0 2669.0
13709.0 2675.0
13333.0 2899.0
13049.0 3195.0
13390.0 2862.0
13555.0 2749.0
13684.0 2681.0
13049.0 3195.0
13012.0 3269.0
13406.0 2848.0
13512.0 2775.0
12993.0 3341.0
13013.0 3253.0
13311.0 2907.0
13840.0 2649.0
12982.0 3374.0
13390.0 2862.0
13168.0 3047.0
13649.0 2688.0
13802.0 2650.0
12998.0 3312.0
12994.0 3325.0
13096.0 3123.0
13279.0 2926.0
13471.0 2802.0
13664.0 2686.0
13780.0 2656.0
13730.0 2669.0
13096.0 3123.0
13279.0 2926.0
13333.0 2899.0
13664.0 2686.0
13406.0 2848.0
