95.0 99.0
85.0 137.0
85.0 137.0
95.0 99.0
88.0 136.0
91.0 125.0
89.0 128.0
92.0 117.0
93.0 107.0
92.0 117.0
94.0 106.0
89.0 128.0
91.0 125.0
93.0 107.0
94.0 106.0
88.0 136.0
95.0 99.0
85.0 137.0
92.0 117.0
89.0 128.0
91.0 125.0
93.0 107.0
94.0 106.0
88.0 136.0
95.0 99.0
85.0 137.0
92.0 117.0
89.0 128.0
91.0 125.0
93.0 107.0
88.0 136.0
94.0 106.0
85.0 137.0
95.0 99.0
92.0 117.0
89.0 128.0
91.0 125.0
93.0 107.0
88.0 136.0
94.0 106.0
95.0 99.0
85.0 137.0
92.0 117.0
89.0 128.0
91.0 125.0
93.0 107.0
88.0 136.0
94.0 106.0
85.0 137.0
95.0 99.0
92.0 117.0
89.0 128.0
91.0 125.0
93.0 107.0
88.0 136.0
94.0 106.0
95.0 99.0
85.0 137.0
92.0 117.0
89.0 128.0
91.0 125.0
93.0 107.0
94.0 106.0
88.0 136.0
95.0 99.0
85.0 137.0
92.0 117.0
89.0 128.0
91.0 125.0
93.0 107.0
88.0 136.0
94.0 106.0
95.0 99.0
85.0 137.0
92.0 117.0
89.0 128.0
91.0 125.0
93.0 107.0
88.0 136.0
94.0 106.0
95.0 99.0
85.0 137.0
92.0 117.0
89.0 128.0
91.0 125.0
93.0 107.0
94.0 106.0
88.0 136.0
95.0 99.0
85.0 137.0
92.0 117.0
89.0 128.0
91.0 125.0
93.0 107.0
94.0 106.0
88.0 136.0
95.0 99.0
85.0 137.0
92.0 117.0
89.0 128.0
