114.0 211.0
132.0 141.0
114.0 211.0
132.0 141.0
122.0 153.0
121.0 166.0
125.0 149.0
120.0 177.0
121.0 166.0
125.0 149.0
116.0 200.0
117.0 190.0
128.0 146.0
115.0 203.0
131.0 144.0
117.0 190.0
118.0 184.0
129.0 145.0
122.0 153.0
119.0 181.0
120.0 177.0
115.0 203.0
118.0 184.0
128.0 146.0
119.0 181.0
116.0 200.0
129.0 145.0
131.0 144.0
114.0 211.0
132.0 141.0
121.0 166.0
125.0 149.0
117.0 190.0
122.0 153.0
120.0 177.0
115.0 203.0
118.0 184.0
116.0 200.0
119.0 181.0
128.0 146.0
129.0 145.0
131.0 144.0
114.0 211.0
132.0 141.0
121.0 166.0
125.0 149.0
117.0 190.0
122.0 153.0
120.0 177.0
115.0 203.0
118.0 184.0
128.0 146.0
116.0 200.0
119.0 181.0
129.0 145.0
131.0 144.0
114.0 211.0
132.0 141.0
121.0 166.0
125.0 149.0
117.0 190.0
122.0 153.0
120.0 177.0
115.0 203.0
118.0 184.0
119.0 181.0
128.0 146.0
116.0 200.0
129.0 145.0
131.0 144.0
114.0 211.0
132.0 141.0
121.0 166.0
125.0 149.0
117.0 190.0
122.0 153.0
120.0 177.0
115.0 203.0
118.0 184.0
116.0 200.0
119.0 181.0
128.0 146.0
129.0 145.0
131.0 144.0
114.0 211.0
132.0 141.0
121.0 166.0
125.0 149.0
117.0 190.0
122.0 153.0
120.0 177.0
115.0 203.0
118.0 184.0
116.0 200.0
128.0 146.0
119.0 181.0
129.0 145.0
131.0 144.0
132.0 141.0
114.0 211.0
