149.0 535.0
200.0 394.0
149.0 535.0
200.0 394.0
191.0 401.0
180.0 403.0
162.0 454.0
163.0 435.0
170.0 410.0
150.0 517.0
175.0 404.0
157.0 473.0
159.0 457.0
153.0 491.0
180.0 403.0
152.0 504.0
157.0 473.0
196.0 396.0
175.0 404.0
165.0 427.0
156.0 483.0
168.0 419.0
170.0 410.0
163.0 435.0
150.0 517.0
151.0 509.0
196.0 396.0
165.0 427.0
193.0 400.0
167.0 423.0
168.0 419.0
193.0 400.0
153.0 491.0
155.0 485.0
151.0 509.0
152.0 504.0
155.0 485.0
191.0 401.0
167.0 423.0
159.0 457.0
160.0 456.0
160.0 456.0
162.0 454.0
156.0 483.0
149.0 535.0
200.0 394.0
180.0 403.0
157.0 473.0
175.0 404.0
170.0 410.0
163.0 435.0
150.0 517.0
196.0 396.0
165.0 427.0
168.0 419.0
193.0 400.0
153.0 491.0
151.0 509.0
152.0 504.0
155.0 485.0
191.0 401.0
167.0 423.0
159.0 457.0
160.0 456.0
162.0 454.0
156.0 483.0
149.0 535.0
200.0 394.0
180.0 403.0
157.0 473.0
175.0 404.0
170.0 410.0
163.0 435.0
150.0 517.0
196.0 396.0
165.0 427.0
168.0 419.0
193.0 400.0
153.0 491.0
151.0 509.0
152.0 504.0
155.0 485.0
191.0 401.0
167.0 423.0
159.0 457.0
160.0 456.0
156.0 483.0
162.0 454.0
149.0 535.0
200.0 394.0
180.0 403.0
157.0 473.0
175.0 404.0
170.0 410.0
163.0 435.0
150.0 517.0
196.0 396.0
165.0 427.0
168.0 419.0
193.0 400.0
