789.0 783.0
716.0 1077.0
789.0 783.0
716.0 1077.0
782.0 787.0
717.0 1055.0
782.0 787.0
776.0 791.0
719.0 1041.0
721.0 1027.0
721.0 1027.0
719.0 1041.0
717.0 1055.0
723.0 1013.0
727.0 992.0
728.0 979.0
756.0 862.0
743.0 913.0
757.0 857.0
742.0 914.0
739.0 927.0
726.0 1002.0
727.0 992.0
750.0 878.0
758.0 856.0
764.0 830.0
748.0 887.0
769.0 820.0
767.0 825.0
754.0 868.0
748.0 887.0
750.0 878.0
752.0 872.0
731.0 969.0
732.0 961.0
737.0 937.0
732.0 961.0
733.0 953.0
738.0 929.0
723.0 1013.0
745.0 905.0
746.0 898.0
746.0 898.0
736.0 943.0
737.0 937.0
747.0 892.0
747.0 892.0
741.0 919.0
760.0 847.0
762.0 839.0
759.0 852.0
770.0 816.0
772.0 808.0
724.0 1010.0
763.0 834.0
744.0 908.0
751.0 873.0
760.0 847.0
725.0 1005.0
761.0 842.0
771.0 811.0
773.0 803.0
776.0 791.0
728.0 979.0
773.0 803.0
763.0 834.0
734.0 951.0
730.0 973.0
740.0 923.0
775.0 795.0
774.0 799.0
735.0 947.0
759.0 852.0
735.0 947.0
731.0 969.0
736.0 943.0
770.0 816.0
740.0 923.0
774.0 799.0
775.0 795.0
768.0 821.0
741.0 919.0
755.0 864.0
729.0 975.0
725.0 1005.0
761.0 842.0
771.0 811.0
744.0 908.0
765.0 829.0
745.0 905.0
772.0 808.0
753.0 869.0
724.0 1010.0
726.0 1002.0
766.0 826.0
762.0 839.0
738.0 929.0
733.0 953.0
755.0 864.0
729.0 975.0
