191.0 1276.0
256.0 1024.0
191.0 1276.0
256.0 1024.0
195.0 1236.0
192.0 1269.0
196.0 1219.0
193.0 1252.0
194.0 1249.0
195.0 1236.0
200.0 1196.0
234.0 1067.0
198.0 1204.0
240.0 1051.0
248.0 1033.0
237.0 1060.0
245.0 1035.0
201.0 1187.0
210.0 1144.0
229.0 1080.0
196.0 1219.0
198.0 1204.0
201.0 1187.0
200.0 1196.0
197.0 1211.0
202.0 1179.0
225.0 1088.0
230.0 1077.0
226.0 1084.0
234.0 1067.0
197.0 1211.0
202.0 1179.0
214.0 1128.0
216.0 1118.0
221.0 1101.0
207.0 1156.0
192.0 1269.0
208.0 1149.0
237.0 1060.0
217.0 1111.0
203.0 1172.0
222.0 1094.0
215.0 1121.0
220.0 1104.0
238.0 1058.0
231.0 1076.0
218.0 1108.0
223.0 1091.0
250.0 1030.0
241.0 1050.0
239.0 1057.0
204.0 1167.0
213.0 1134.0
214.0 1128.0
205.0 1161.0
242.0 1044.0
250.0 1030.0
228.0 1082.0
254.0 1026.0
252.0 1028.0
248.0 1033.0
252.0 1028.0
254.0 1026.0
203.0 1172.0
212.0 1139.0
243.0 1042.0
233.0 1072.0
204.0 1167.0
213.0 1134.0
244.0 1037.0
218.0 1108.0
220.0 1104.0
193.0 1252.0
208.0 1149.0
222.0 1094.0
215.0 1121.0
217.0 1111.0
223.0 1091.0
206.0 1159.0
216.0 1118.0
225.0 1088.0
194.0 1249.0
221.0 1101.0
207.0 1156.0
211.0 1141.0
209.0 1146.0
245.0 1035.0
226.0 1084.0
205.0 1161.0
242.0 1044.0
244.0 1037.0
211.0 1141.0
209.0 1146.0
232.0 1074.0
228.0 1082.0
212.0 1139.0
243.0 1042.0
233.0 1072.0
232.0 1074.0
206.0 1159.0
