9859.0 504.0
9472.0 662.0
9472.0 662.0
9859.0 504.0
9769.0 513.0
9812.0 510.0
9854.0 506.0
9817.0 508.0
9587.0 566.0
9756.0 523.0
9734.0 525.0
9568.0 568.0
9599.0 555.0
9618.0 553.0
9480.0 647.0
9643.0 548.0
9626.0 550.0
9698.0 532.0
9489.0 646.0
9476.0 654.0
9662.0 544.0
9646.0 545.0
9594.0 559.0
9550.0 580.0
9717.0 531.0
9476.0 654.0
9546.0 587.0
9563.0 572.0
9515.0 616.0
9555.0 576.0
9507.0 620.0
9495.0 633.0
9668.0 538.0
9763.0 518.0
9502.0 624.0
9538.0 593.0
9594.0 559.0
9520.0 612.0
9493.0 639.0
9491.0 640.0
9734.0 525.0
9688.0 534.0
9678.0 536.0
9688.0 534.0
9678.0 536.0
9724.0 528.0
9507.0 620.0
9555.0 576.0
9515.0 616.0
9563.0 572.0
9527.0 609.0
9500.0 629.0
9536.0 598.0
9550.0 580.0
9769.0 513.0
9626.0 550.0
9618.0 553.0
9543.0 589.0
9531.0 602.0
9698.0 532.0
9520.0 612.0
9724.0 528.0
9812.0 510.0
9758.0 520.0
9587.0 566.0
9502.0 624.0
9538.0 593.0
9529.0 606.0
9666.0 541.0
9763.0 518.0
9817.0 508.0
9599.0 555.0
9568.0 568.0
9543.0 589.0
9854.0 506.0
9666.0 541.0
9527.0 609.0
9529.0 606.0
9546.0 587.0
9498.0 631.0
9534.0 600.0
9643.0 548.0
9719.0 530.0
9495.0 633.0
9668.0 538.0
9531.0 602.0
9758.0 520.0
9719.0 530.0
9756.0 523.0
9500.0 629.0
9498.0 631.0
9534.0 600.0
9536.0 598.0
9480.0 647.0
9662.0 544.0
9646.0 545.0
9491.0 640.0
9717.0 531.0
9493.0 639.0
9489.0 646.0
