3743.0 415.0
3941.0 308.0
3743.0 415.0
3941.0 308.0
3897.0 309.0
3863.0 329.0
3784.0 373.0
3784.0 373.0
3796.0 367.0
3774.0 378.0
3874.0 323.0
3891.0 314.0
3880.0 318.0
3874.0 323.0
3767.0 397.0
3770.0 389.0
3859.0 335.0
3755.0 410.0
3806.0 366.0
3863.0 329.0
3757.0 403.0
3849.0 341.0
3796.0 367.0
3880.0 318.0
3891.0 314.0
3773.0 384.0
3844.0 347.0
3814.0 363.0
3816.0 361.0
3831.0 353.0
3824.0 357.0
3774.0 378.0
3824.0 357.0
3806.0 366.0
3842.0 350.0
3816.0 361.0
3759.0 402.0
3772.0 388.0
3765.0 398.0
3849.0 341.0
3836.0 352.0
3752.0 412.0
3854.0 337.0
3827.0 356.0
3773.0 384.0
3897.0 309.0
3765.0 398.0
3759.0 402.0
3836.0 352.0
3859.0 335.0
3814.0 363.0
3747.0 413.0
3844.0 347.0
3852.0 339.0
3831.0 353.0
3827.0 356.0
3854.0 337.0
3852.0 339.0
3755.0 410.0
3770.0 389.0
3752.0 412.0
3767.0 397.0
3843.0 348.0
3842.0 350.0
3757.0 403.0
3747.0 413.0
3745.0 414.0
3745.0 414.0
3843.0 348.0
3772.0 388.0
3941.0 308.0
3743.0 415.0
3784.0 373.0
3874.0 323.0
3863.0 329.0
3796.0 367.0
3880.0 318.0
3891.0 314.0
3774.0 378.0
3824.0 357.0
3806.0 366.0
3816.0 361.0
3849.0 341.0
3773.0 384.0
3897.0 309.0
3765.0 398.0
3836.0 352.0
3759.0 402.0
3859.0 335.0
3814.0 363.0
3844.0 347.0
3831.0 353.0
3827.0 356.0
3854.0 337.0
3852.0 339.0
3755.0 410.0
3770.0 389.0
3752.0 412.0
3767.0 397.0
3842.0 350.0
