20875.0 4772.0
19469.0 5715.0
20875.0 4772.0
19469.0 5715.0
20734.0 4784.0
19777.0 5221.0
19827.0 5181.0
20367.0 4899.0
20192.0 4973.0
19541.0 5555.0
19689.0 5303.0
19716.0 5297.0
20827.0 4773.0
20136.0 4993.0
19763.0 5241.0
19810.0 5209.0
20664.0 4800.0
19970.0 5096.0
19678.0 5325.0
20332.0 4909.0
20794.0 4782.0
20555.0 4835.0
20232.0 4954.0
19527.0 5593.0
20294.0 4935.0
20398.0 4873.0
19920.0 5122.0
20065.0 5027.0
19645.0 5387.0
20715.0 4795.0
19653.0 5357.0
20696.0 4799.0
19982.0 5084.0
20151.0 4982.0
19583.0 5479.0
19605.0 5446.0
19939.0 5105.0
19884.0 5144.0
20007.0 5063.0
19743.0 5273.0
19605.0 5446.0
19583.0 5479.0
20332.0 4909.0
19920.0 5122.0
20037.0 5053.0
19745.0 5251.0
20521.0 4836.0
20105.0 5003.0
20430.0 4862.0
20294.0 4935.0
20489.0 4847.0
19727.0 5275.0
20261.0 4951.0
20607.0 4813.0
19511.0 5609.0
19627.0 5424.0
20799.0 4774.0
19629.0 5404.0
20489.0 4847.0
19853.0 5175.0
19613.0 5425.0
20003.0 5079.0
20575.0 4824.0
19557.0 5539.0
20428.0 4871.0
20456.0 4856.0
20264.0 4943.0
19486.0 5673.0
20207.0 4962.0
20080.0 5016.0
19575.0 5500.0
19494.0 5651.0
19477.0 5694.0
19502.0 5630.0
20635.0 4808.0
20105.0 5003.0
20456.0 4856.0
19667.0 5338.0
19494.0 5651.0
19502.0 5630.0
19477.0 5694.0
19486.0 5673.0
19565.0 5520.0
19565.0 5520.0
19575.0 5500.0
20383.0 4884.0
20603.0 4819.0
20635.0 4808.0
19653.0 5357.0
19532.0 5576.0
19882.0 5157.0
19866.0 5162.0
19810.0 5209.0
19884.0 5144.0
20080.0 5016.0
19532.0 5576.0
20053.0 5039.0
20521.0 4836.0
19667.0 5338.0
19645.0 5387.0
