415.0 1409.0
416.0 1393.0
417.0 1384.0
418.0 1216.0
420.0 1194.0
422.0 1177.0
424.0 1165.0
426.0 1161.0
427.0 1155.0
428.0 1149.0
429.0 1143.0
430.0 1142.0
431.0 1139.0
432.0 1137.0
433.0 1127.0
434.0 1126.0
435.0 1123.0
436.0 1121.0
437.0 1117.0
438.0 1116.0
439.0 1112.0
441.0 1101.0
443.0 1096.0
447.0 1092.0
450.0 1087.0
453.0 1078.0
456.0 1077.0
457.0 1072.0
459.0 1062.0
461.0 1058.0
462.0 1057.0
464.0 1053.0
466.0 1050.0
469.0 1044.0
472.0 1043.0
473.0 1042.0
475.0 1036.0
478.0 1035.0
479.0 1030.0
481.0 1029.0
482.0 1025.0
486.0 1023.0
487.0 1016.0
491.0 1014.0
492.0 1011.0
493.0 1010.0
496.0 1009.0
497.0 1004.0
500.0 1002.0
501.0 1001.0
505.0 995.0
510.0 992.0
512.0 991.0
513.0 990.0
514.0 985.0
516.0 981.0
520.0 974.0
524.0 970.0
528.0 964.0
