16498.0 1274.0
16501.0 1265.0
16507.0 1254.0
16512.0 1250.0
16518.0 1239.0
16529.0 1237.0
16530.0 1230.0
16541.0 1228.0
16548.0 1222.0
16568.0 1221.0
16572.0 1218.0
16577.0 1216.0
16578.0 1210.0
16584.0 1203.0
16596.0 1202.0
16597.0 1189.0
16621.0 1188.0
16622.0 1175.0
16632.0 1173.0
16637.0 1165.0
16652.0 1159.0
16665.0 1155.0
16680.0 1149.0
16691.0 1147.0
16702.0 1140.0
16706.0 1135.0
16711.0 1128.0
16722.0 1121.0
16725.0 1119.0
16728.0 1117.0
16733.0 1113.0
16736.0 1112.0
16737.0 1099.0
16748.0 1092.0
16765.0 1089.0
16776.0 1082.0
16792.0 1080.0
16797.0 1079.0
16803.0 1074.0
16808.0 1072.0
16820.0 1071.0
16831.0 1064.0
16857.0 1060.0
16862.0 1059.0
16868.0 1053.0
16899.0 1048.0
16904.0 1045.0
16925.0 1044.0
16944.0 1043.0
16958.0 1041.0
16979.0 1040.0
16985.0 1039.0
16991.0 1033.0
17017.0 1031.0
17035.0 1027.0
17051.0 1026.0
17065.0 1022.0
17105.0 1020.0
17117.0 1018.0
17147.0 1013.0
17187.0 1011.0
