30.0 155.0
30.0 155.0
30.0 155.0
30.0 155.0
30.0 155.0
25.0 161.0
30.0 155.0
24.0 162.0
25.0 161.0
24.0 162.0
30.0 155.0
24.0 162.0
25.0 161.0
22.0 171.0
24.0 162.0
25.0 161.0
31.0 154.0
25.0 161.0
31.0 154.0
24.0 162.0
24.0 162.0
31.0 154.0
24.0 162.0
24.0 162.0
31.0 154.0
22.0 171.0
30.0 155.0
22.0 171.0
30.0 155.0
22.0 171.0
25.0 161.0
24.0 162.0
21.0 183.0
21.0 183.0
21.0 183.0
22.0 171.0
30.0 155.0
31.0 154.0
31.0 154.0
25.0 161.0
21.0 183.0
30.0 155.0
22.0 171.0
22.0 171.0
22.0 171.0
21.0 183.0
22.0 171.0
22.0 171.0
30.0 155.0
24.0 162.0
31.0 154.0
22.0 171.0
25.0 161.0
21.0 183.0
31.0 154.0
21.0 183.0
31.0 154.0
30.0 155.0
24.0 162.0
31.0 154.0
22.0 171.0
31.0 154.0
25.0 161.0
21.0 183.0
21.0 183.0
21.0 183.0
24.0 162.0
22.0 171.0
25.0 161.0
24.0 162.0
31.0 154.0
21.0 183.0
24.0 162.0
31.0 154.0
25.0 161.0
21.0 183.0
22.0 171.0
24.0 162.0
25.0 161.0
30.0 155.0
25.0 161.0
31.0 154.0
22.0 171.0
30.0 155.0
31.0 154.0
21.0 183.0
31.0 154.0
21.0 183.0
25.0 161.0
30.0 155.0
24.0 162.0
25.0 161.0
31.0 154.0
21.0 183.0
25.0 161.0
21.0 183.0
21.0 183.0
22.0 171.0
24.0 162.0
22.0 171.0
