438.0 1225.0
443.0 1170.0
438.0 1225.0
485.0 1044.0
468.0 1076.0
474.0 1067.0
452.0 1130.0
433.0 1243.0
485.0 1044.0
440.0 1205.0
485.0 1044.0
433.0 1243.0
450.0 1134.0
433.0 1243.0
445.0 1156.0
457.0 1095.0
462.0 1082.0
497.0 1034.0
443.0 1170.0
436.0 1234.0
452.0 1130.0
468.0 1076.0
457.0 1095.0
450.0 1134.0
481.0 1059.0
451.0 1132.0
451.0 1132.0
449.0 1144.0
437.0 1233.0
449.0 1144.0
444.0 1158.0
433.0 1243.0
436.0 1234.0
471.0 1071.0
482.0 1050.0
457.0 1095.0
443.0 1170.0
482.0 1050.0
481.0 1059.0
468.0 1076.0
474.0 1067.0
478.0 1063.0
452.0 1130.0
476.0 1065.0
487.0 1035.0
444.0 1158.0
449.0 1144.0
487.0 1035.0
453.0 1096.0
440.0 1205.0
482.0 1050.0
482.0 1050.0
474.0 1067.0
453.0 1096.0
445.0 1156.0
448.0 1146.0
437.0 1233.0
480.0 1061.0
446.0 1150.0
481.0 1059.0
473.0 1069.0
450.0 1134.0
462.0 1082.0
448.0 1146.0
487.0 1035.0
497.0 1034.0
466.0 1080.0
448.0 1146.0
453.0 1096.0
441.0 1203.0
478.0 1063.0
446.0 1150.0
460.0 1088.0
446.0 1150.0
451.0 1132.0
476.0 1065.0
442.0 1172.0
460.0 1088.0
480.0 1061.0
466.0 1080.0
460.0 1088.0
436.0 1234.0
487.0 1035.0
497.0 1034.0
442.0 1172.0
462.0 1082.0
478.0 1063.0
471.0 1071.0
445.0 1156.0
444.0 1158.0
497.0 1034.0
480.0 1061.0
437.0 1233.0
473.0 1069.0
476.0 1065.0
442.0 1172.0
466.0 1080.0
440.0 1205.0
485.0 1044.0
473.0 1069.0
