115.0 1003.0
143.0 905.0
143.0 905.0
113.0 1037.0
138.0 921.0
121.0 963.0
115.0 1003.0
111.0 1074.0
109.0 1148.0
114.0 1017.0
136.0 924.0
109.0 1148.0
109.0 1148.0
136.0 924.0
109.0 1148.0
113.0 1037.0
139.0 914.0
136.0 924.0
143.0 905.0
113.0 1037.0
143.0 905.0
112.0 1052.0
116.0 983.0
121.0 963.0
121.0 963.0
149.0 889.0
128.0 930.0
116.0 983.0
116.0 983.0
138.0 921.0
121.0 963.0
122.0 956.0
145.0 898.0
110.0 1086.0
123.0 950.0
119.0 969.0
126.0 936.0
125.0 942.0
139.0 914.0
134.0 925.0
123.0 950.0
123.0 950.0
122.0 956.0
115.0 1003.0
112.0 1052.0
114.0 1017.0
153.0 887.0
147.0 892.0
112.0 1052.0
119.0 969.0
110.0 1086.0
138.0 921.0
111.0 1074.0
125.0 942.0
153.0 887.0
141.0 912.0
147.0 892.0
115.0 1003.0
134.0 925.0
126.0 936.0
141.0 912.0
153.0 887.0
145.0 898.0
122.0 956.0
118.0 977.0
126.0 936.0
149.0 889.0
147.0 892.0
111.0 1074.0
153.0 887.0
112.0 1052.0
111.0 1074.0
130.0 927.0
113.0 1037.0
130.0 927.0
114.0 1017.0
139.0 914.0
122.0 956.0
123.0 950.0
110.0 1086.0
110.0 1086.0
125.0 942.0
128.0 930.0
128.0 930.0
119.0 969.0
114.0 1017.0
116.0 983.0
145.0 898.0
145.0 898.0
130.0 927.0
141.0 912.0
125.0 942.0
126.0 936.0
118.0 977.0
118.0 977.0
149.0 889.0
134.0 925.0
128.0 930.0
119.0 969.0
118.0 977.0
