738.0 1003.0
769.0 805.0
740.0 961.0
738.0 1003.0
740.0 961.0
761.0 829.0
738.0 1003.0
761.0 829.0
747.0 884.0
741.0 950.0
740.0 961.0
753.0 861.0
747.0 884.0
759.0 835.0
742.0 942.0
736.0 1017.0
749.0 877.0
753.0 861.0
732.0 1041.0
736.0 1017.0
728.0 1087.0
732.0 1041.0
730.0 1059.0
730.0 1059.0
760.0 833.0
743.0 916.0
728.0 1087.0
754.0 856.0
759.0 835.0
750.0 875.0
755.0 852.0
749.0 877.0
760.0 833.0
728.0 1087.0
746.0 895.0
748.0 882.0
758.0 840.0
741.0 950.0
754.0 856.0
750.0 875.0
744.0 914.0
730.0 1059.0
738.0 1003.0
755.0 852.0
728.0 1087.0
730.0 1059.0
754.0 856.0
729.0 1075.0
729.0 1075.0
751.0 864.0
734.0 1025.0
757.0 842.0
759.0 835.0
742.0 942.0
760.0 833.0
740.0 961.0
746.0 895.0
744.0 914.0
745.0 897.0
742.0 942.0
734.0 1025.0
734.0 1025.0
755.0 852.0
736.0 1017.0
743.0 916.0
761.0 829.0
745.0 897.0
729.0 1075.0
745.0 897.0
741.0 950.0
754.0 856.0
732.0 1041.0
750.0 875.0
744.0 914.0
769.0 805.0
753.0 861.0
751.0 864.0
752.0 862.0
729.0 1075.0
732.0 1041.0
748.0 882.0
743.0 916.0
764.0 815.0
751.0 864.0
743.0 916.0
757.0 842.0
758.0 840.0
752.0 862.0
752.0 862.0
758.0 840.0
757.0 842.0
745.0 897.0
747.0 884.0
741.0 950.0
734.0 1025.0
749.0 877.0
761.0 829.0
750.0 875.0
748.0 882.0
746.0 895.0
