2443.0 211.0
2469.0 190.0
2469.0 190.0
2469.0 190.0
2477.0 178.0
2443.0 211.0
2469.0 190.0
2470.0 186.0
2469.0 190.0
2470.0 186.0
2477.0 178.0
2443.0 211.0
2520.0 164.0
2443.0 211.0
2470.0 186.0
2499.0 168.0
2551.0 155.0
2477.0 178.0
2551.0 155.0
2541.0 158.0
2520.0 164.0
2470.0 186.0
2499.0 168.0
2499.0 168.0
2470.0 186.0
2444.0 206.0
2444.0 206.0
2551.0 155.0
2541.0 158.0
2444.0 206.0
2470.0 186.0
2520.0 164.0
2521.0 161.0
2521.0 161.0
2440.0 227.0
2443.0 211.0
2499.0 168.0
2551.0 155.0
2551.0 155.0
2541.0 158.0
2521.0 161.0
2442.0 218.0
2477.0 178.0
2521.0 161.0
2469.0 190.0
2541.0 158.0
2521.0 161.0
2499.0 168.0
2442.0 218.0
2443.0 211.0
2477.0 178.0
2442.0 218.0
2444.0 206.0
2477.0 178.0
2477.0 178.0
2521.0 161.0
2520.0 164.0
2499.0 168.0
2459.0 194.0
2440.0 227.0
2551.0 155.0
2520.0 164.0
2520.0 164.0
2551.0 155.0
2443.0 211.0
2440.0 227.0
2444.0 206.0
2541.0 158.0
2520.0 164.0
2459.0 194.0
2521.0 161.0
2440.0 227.0
2444.0 206.0
2459.0 194.0
2452.0 204.0
2499.0 168.0
2551.0 155.0
2444.0 206.0
2469.0 190.0
2440.0 227.0
2440.0 227.0
2442.0 218.0
2541.0 158.0
2442.0 218.0
2440.0 227.0
2477.0 178.0
2541.0 158.0
2459.0 194.0
2442.0 218.0
2459.0 194.0
2541.0 158.0
2444.0 206.0
2440.0 227.0
2470.0 186.0
2442.0 218.0
2459.0 194.0
2459.0 194.0
2442.0 218.0
2459.0 194.0
2499.0 168.0
