4641.0 355.0
4641.0 355.0
4641.0 355.0
4716.0 332.0
4641.0 355.0
4685.0 341.0
4696.0 336.0
4623.0 363.0
4593.0 369.0
4685.0 341.0
4623.0 363.0
4696.0 336.0
4595.0 366.0
4623.0 363.0
4593.0 369.0
4595.0 366.0
4716.0 332.0
4579.0 373.0
4579.0 373.0
4595.0 366.0
4595.0 366.0
4593.0 369.0
4665.0 345.0
4685.0 341.0
4579.0 373.0
4716.0 332.0
4641.0 355.0
4716.0 332.0
4619.0 365.0
4595.0 366.0
4619.0 365.0
4619.0 365.0
4665.0 345.0
4696.0 336.0
4579.0 373.0
4573.0 403.0
4595.0 366.0
4665.0 345.0
4573.0 403.0
4573.0 403.0
4579.0 373.0
4593.0 369.0
4716.0 332.0
4685.0 341.0
4623.0 363.0
4579.0 373.0
4696.0 336.0
4665.0 345.0
4716.0 332.0
4619.0 365.0
4593.0 369.0
4593.0 369.0
4619.0 365.0
4665.0 345.0
4619.0 365.0
4685.0 341.0
4716.0 332.0
4641.0 355.0
4685.0 341.0
4641.0 355.0
4641.0 355.0
4645.0 350.0
4623.0 363.0
4696.0 336.0
4645.0 350.0
4579.0 373.0
4573.0 403.0
4665.0 345.0
4573.0 403.0
4696.0 336.0
4619.0 365.0
4716.0 332.0
4619.0 365.0
4665.0 345.0
4593.0 369.0
4685.0 341.0
4579.0 373.0
4593.0 369.0
4716.0 332.0
4573.0 403.0
4623.0 363.0
4623.0 363.0
4645.0 350.0
4696.0 336.0
4645.0 350.0
4645.0 350.0
4595.0 366.0
4645.0 350.0
4579.0 373.0
4573.0 403.0
4573.0 403.0
4645.0 350.0
4595.0 366.0
4573.0 403.0
4685.0 341.0
4623.0 363.0
4645.0 350.0
4665.0 345.0
4696.0 336.0
4665.0 345.0
