9612.0 577.0
9637.0 566.0
9704.0 545.0
9579.0 601.0
9579.0 601.0
9823.0 527.0
9574.0 607.0
9639.0 561.0
9574.0 607.0
9837.0 525.0
9704.0 545.0
9692.0 551.0
9655.0 559.0
9625.0 572.0
9704.0 545.0
9688.0 553.0
9823.0 527.0
9655.0 559.0
9625.0 572.0
9694.0 547.0
9823.0 527.0
9637.0 566.0
9741.0 537.0
9594.0 597.0
9639.0 561.0
9602.0 579.0
9692.0 551.0
9655.0 559.0
9602.0 579.0
9688.0 553.0
9692.0 551.0
9579.0 601.0
9620.0 574.0
9596.0 594.0
9639.0 561.0
9706.0 542.0
9637.0 566.0
9596.0 594.0
9807.0 531.0
9815.0 529.0
9741.0 537.0
9639.0 561.0
9823.0 527.0
9706.0 542.0
9620.0 574.0
9592.0 600.0
9592.0 600.0
9741.0 537.0
9592.0 600.0
9657.0 555.0
9793.0 532.0
9625.0 572.0
9637.0 566.0
9625.0 572.0
9620.0 574.0
9741.0 537.0
9793.0 532.0
9694.0 547.0
9694.0 547.0
9655.0 559.0
9793.0 532.0
9688.0 553.0
9807.0 531.0
9632.0 570.0
9815.0 529.0
9602.0 579.0
9594.0 597.0
9692.0 551.0
9600.0 584.0
9600.0 584.0
9743.0 533.0
9807.0 531.0
9815.0 529.0
9600.0 584.0
9594.0 597.0
9807.0 531.0
9837.0 525.0
9579.0 601.0
9632.0 570.0
9694.0 547.0
9837.0 525.0
9743.0 533.0
9706.0 542.0
9815.0 529.0
9657.0 555.0
9688.0 553.0
9600.0 584.0
9743.0 533.0
9632.0 570.0
9837.0 525.0
9793.0 532.0
9657.0 555.0
9743.0 533.0
9574.0 607.0
9657.0 555.0
9596.0 594.0
9620.0 574.0
9574.0 607.0
9632.0 570.0
9602.0 579.0
