2268.0 140.0
2263.0 150.0
2437.0 112.0
2263.0 150.0
2437.0 112.0
2437.0 112.0
2338.0 123.0
2338.0 123.0
2274.0 135.0
2263.0 150.0
2338.0 123.0
2268.0 140.0
2268.0 140.0
2370.0 116.0
2264.0 147.0
2370.0 116.0
2263.0 150.0
2264.0 147.0
2264.0 147.0
2370.0 116.0
2354.0 122.0
2370.0 116.0
2263.0 150.0
2354.0 122.0
2360.0 118.0
2360.0 118.0
2306.0 126.0
2306.0 126.0
2263.0 150.0
2298.0 130.0
2314.0 124.0
2314.0 124.0
2338.0 123.0
2306.0 126.0
2298.0 130.0
2360.0 118.0
2306.0 126.0
2437.0 112.0
2268.0 140.0
2298.0 130.0
2298.0 130.0
2437.0 112.0
2295.0 133.0
2338.0 123.0
2314.0 124.0
2437.0 112.0
2264.0 147.0
2256.0 155.0
2256.0 155.0
2274.0 135.0
2360.0 118.0
2437.0 112.0
2356.0 119.0
2295.0 133.0
2295.0 133.0
2295.0 133.0
2268.0 140.0
2356.0 119.0
2274.0 135.0
2256.0 155.0
2306.0 126.0
2304.0 128.0
2338.0 123.0
2314.0 124.0
2256.0 155.0
2354.0 122.0
2354.0 122.0
2314.0 124.0
2306.0 126.0
2256.0 155.0
2274.0 135.0
2304.0 128.0
2304.0 128.0
2356.0 119.0
2298.0 130.0
2264.0 147.0
2295.0 133.0
2356.0 119.0
2356.0 119.0
2360.0 118.0
2360.0 118.0
2370.0 116.0
2274.0 135.0
2268.0 140.0
2354.0 122.0
2304.0 128.0
2264.0 147.0
2354.0 122.0
2356.0 119.0
2295.0 133.0
2370.0 116.0
2304.0 128.0
2304.0 128.0
2314.0 124.0
2256.0 155.0
2298.0 130.0
2256.0 155.0
2338.0 123.0
2274.0 135.0
2370.0 116.0
