2688.0 194.0
2688.0 194.0
2688.0 194.0
2740.0 182.0
2651.0 216.0
2688.0 194.0
2702.0 193.0
2639.0 218.0
2709.0 188.0
2709.0 188.0
2709.0 188.0
2688.0 194.0
2750.0 174.0
2639.0 218.0
2757.0 171.0
2651.0 216.0
2651.0 216.0
2639.0 218.0
2639.0 218.0
2733.0 184.0
2750.0 174.0
2639.0 218.0
2733.0 184.0
2733.0 184.0
2709.0 188.0
2750.0 174.0
2757.0 171.0
2651.0 216.0
2709.0 188.0
2651.0 216.0
2740.0 182.0
2740.0 182.0
2757.0 171.0
2664.0 198.0
2660.0 211.0
2660.0 211.0
2719.0 187.0
2719.0 187.0
2664.0 198.0
2664.0 198.0
2664.0 198.0
2663.0 204.0
2735.0 183.0
2750.0 174.0
2639.0 218.0
2719.0 187.0
2660.0 211.0
2741.0 175.0
2719.0 187.0
2688.0 194.0
2663.0 204.0
2733.0 184.0
2740.0 182.0
2651.0 216.0
2719.0 187.0
2660.0 211.0
2733.0 184.0
2757.0 171.0
2709.0 188.0
2757.0 171.0
2719.0 187.0
2741.0 175.0
2728.0 186.0
2687.0 196.0
2719.0 187.0
2687.0 196.0
2735.0 183.0
2663.0 204.0
2735.0 183.0
2660.0 211.0
2663.0 204.0
2687.0 196.0
2757.0 171.0
2687.0 196.0
2728.0 186.0
2728.0 186.0
2750.0 174.0
2735.0 183.0
2741.0 175.0
2687.0 196.0
2733.0 184.0
2651.0 216.0
2741.0 175.0
2639.0 218.0
2735.0 183.0
2740.0 182.0
2750.0 174.0
2728.0 186.0
2728.0 186.0
2735.0 183.0
2741.0 175.0
2741.0 175.0
2663.0 204.0
2664.0 198.0
2740.0 182.0
2728.0 186.0
2663.0 204.0
2660.0 211.0
2687.0 196.0
2664.0 198.0
