20494.0 4929.0
19857.0 5237.0
19673.0 5544.0
20399.0 4960.0
19821.0 5289.0
19746.0 5388.0
20502.0 4923.0
20093.0 5072.0
19757.0 5381.0
19682.0 5483.0
19659.0 5565.0
20341.0 4984.0
19676.0 5537.0
19734.0 5405.0
19999.0 5118.0
20325.0 4987.0
19763.0 5376.0
20361.0 4974.0
19727.0 5419.0
20288.0 5001.0
19705.0 5448.0
20187.0 5032.0
20278.0 5005.0
19889.0 5201.0
19879.0 5213.0
20349.0 4978.0
19904.0 5184.0
19838.0 5259.0
19894.0 5190.0
19783.0 5348.0
20430.0 4949.0
19960.0 5142.0
19797.0 5322.0
20085.0 5076.0
19694.0 5472.0
20058.0 5093.0
19788.0 5342.0
20199.0 5030.0
19923.0 5169.0
20101.0 5068.0
19865.0 5227.0
20017.0 5115.0
20383.0 4966.0
19882.0 5204.0
20441.0 4948.0
19774.0 5355.0
19813.0 5293.0
20240.0 5009.0
20073.0 5084.0
19802.0 5311.0
20166.0 5037.0
19793.0 5332.0
19696.0 5462.0
20030.0 5109.0
20208.0 5021.0
20179.0 5034.0
19768.0 5366.0
19823.0 5281.0
20464.0 4937.0
20371.0 4970.0
19940.0 5146.0
20105.0 5062.0
20134.0 5049.0
19847.0 5249.0
19893.0 5197.0
19971.0 5134.0
19928.0 5158.0
19985.0 5123.0
20228.0 5015.0
20046.0 5098.0
20480.0 4931.0
20311.0 4990.0
20125.0 5058.0
19906.0 5178.0
19849.0 5241.0
19719.0 5421.0
19870.0 5216.0
20522.0 4919.0
19805.0 5305.0
20065.0 5088.0
20452.0 4941.0
19764.0 5370.0
19713.0 5434.0
19829.0 5280.0
19811.0 5301.0
19841.0 5253.0
20476.0 4935.0
19833.0 5270.0
20077.0 5078.0
20034.0 5104.0
19688.0 5476.0
19740.0 5393.0
20419.0 4956.0
19916.0 5172.0
19677.0 5500.0
20154.0 5043.0
19859.0 5229.0
20299.0 4996.0
20113.0 5060.0
19699.0 5455.0
