5688.0 740.0
5694.0 732.0
5698.0 730.0
5706.0 714.0
5712.0 713.0
5734.0 699.0
5740.0 698.0
5764.0 695.0
5770.0 694.0
5782.0 688.0
5784.0 684.0
5786.0 678.0
5794.0 676.0
5806.0 672.0
5812.0 663.0
5826.0 661.0
5828.0 658.0
5838.0 655.0
5848.0 648.0
5862.0 646.0
5872.0 644.0
5874.0 640.0
5884.0 636.0
5894.0 634.0
5906.0 630.0
5914.0 628.0
5918.0 627.0
5924.0 620.0
5936.0 618.0
5942.0 611.0
5952.0 606.0
5954.0 601.0
5984.0 596.0
5990.0 589.0
6008.0 584.0
6034.0 583.0
6038.0 582.0
6058.0 580.0
6062.0 570.0
6088.0 566.0
6096.0 560.0
6136.0 559.0
6138.0 547.0
6184.0 546.0
6188.0 543.0
6216.0 537.0
6228.0 533.0
6256.0 532.0
6274.0 531.0
6280.0 529.0
6356.0 528.0
6432.0 526.0
6440.0 524.0
6444.0 522.0
6492.0 519.0
6510.0 518.0
6532.0 517.0
6534.0 515.0
6556.0 514.0
6574.0 513.0
