9469.0 667.0
9472.0 662.0
9473.0 661.0
9475.0 659.0
9476.0 654.0
9478.0 647.0
9489.0 646.0
9490.0 643.0
9491.0 640.0
9493.0 639.0
9495.0 633.0
9497.0 623.0
9499.0 618.0
9503.0 616.0
9507.0 611.0
9508.0 604.0
9510.0 599.0
9514.0 597.0
9518.0 593.0
9522.0 586.0
9524.0 581.0
9534.0 576.0
9536.0 571.0
9546.0 567.0
9555.0 566.0
9557.0 561.0
9567.0 557.0
9583.0 554.0
9589.0 550.0
9599.0 544.0
9605.0 537.0
9613.0 536.0
9621.0 534.0
9629.0 533.0
9643.0 527.0
9651.0 526.0
9661.0 523.0
9676.0 522.0
9682.0 520.0
9685.0 515.0
9712.0 509.0
9758.0 503.0
9785.0 497.0
