16465.0 1386.0
16468.0 1378.0
16474.0 1363.0
16477.0 1355.0
16481.0 1321.0
16483.0 1313.0
16485.0 1309.0
16487.0 1307.0
16488.0 1298.0
16489.0 1290.0
16491.0 1282.0
16496.0 1267.0
16502.0 1261.0
16503.0 1260.0
16513.0 1257.0
16519.0 1251.0
16520.0 1250.0
16526.0 1241.0
16535.0 1239.0
16543.0 1231.0
16552.0 1229.0
16560.0 1221.0
16569.0 1219.0
16577.0 1211.0
16578.0 1210.0
16580.0 1208.0
16581.0 1200.0
16582.0 1193.0
16596.0 1191.0
16597.0 1184.0
16606.0 1181.0
16609.0 1179.0
16618.0 1178.0
16619.0 1174.0
16620.0 1167.0
16629.0 1166.0
16635.0 1164.0
16646.0 1163.0
16652.0 1161.0
16661.0 1160.0
16677.0 1150.0
16686.0 1149.0
16692.0 1147.0
16701.0 1145.0
16709.0 1143.0
16711.0 1138.0
16712.0 1131.0
16723.0 1128.0
16724.0 1127.0
16734.0 1121.0
16735.0 1116.0
16740.0 1115.0
16746.0 1109.0
16749.0 1106.0
16760.0 1099.0
16771.0 1096.0
16781.0 1087.0
16792.0 1080.0
16797.0 1079.0
16808.0 1072.0
16839.0 1067.0
16844.0 1064.0
16857.0 1060.0
16868.0 1053.0
16899.0 1048.0
16904.0 1045.0
16925.0 1044.0
16944.0 1043.0
16958.0 1042.0
16962.0 1041.0
16974.0 1036.0
17008.0 1033.0
17014.0 1031.0
17030.0 1030.0
17039.0 1027.0
17055.0 1026.0
17079.0 1025.0
17090.0 1024.0
17100.0 1023.0
17112.0 1022.0
17128.0 1021.0
17129.0 1018.0
17154.0 1014.0
17194.0 1012.0
17227.0 1009.0
