7944.0 1326.0
7946.0 1307.0
7948.0 1255.0
7953.0 1244.0
7954.0 1233.0
7955.0 1225.0
7960.0 1221.0
7964.0 1218.0
7967.0 1211.0
7970.0 1206.0
7971.0 1205.0
7975.0 1202.0
7976.0 1201.0
7980.0 1198.0
7981.0 1190.0
7984.0 1183.0
7989.0 1179.0
7996.0 1176.0
8001.0 1172.0
8007.0 1171.0
8011.0 1165.0
8016.0 1161.0
8026.0 1160.0
8027.0 1157.0
8032.0 1149.0
8044.0 1142.0
8046.0 1141.0
8051.0 1135.0
8056.0 1125.0
8060.0 1119.0
8064.0 1118.0
8068.0 1112.0
8072.0 1106.0
8076.0 1105.0
8080.0 1099.0
8085.0 1097.0
8089.0 1096.0
8093.0 1090.0
8101.0 1086.0
8111.0 1085.0
8115.0 1084.0
8116.0 1082.0
8118.0 1081.0
8119.0 1078.0
8122.0 1075.0
8127.0 1074.0
8128.0 1073.0
8129.0 1068.0
8134.0 1065.0
8137.0 1062.0
8138.0 1057.0
8140.0 1053.0
8144.0 1052.0
8150.0 1049.0
8153.0 1044.0
8157.0 1038.0
8163.0 1037.0
8167.0 1031.0
8179.0 1029.0
8180.0 1027.0
8184.0 1021.0
8201.0 1019.0
8203.0 1016.0
8210.0 1015.0
8214.0 1013.0
8219.0 1010.0
8222.0 1009.0
8225.0 998.0
8236.0 995.0
8243.0 992.0
8244.0 989.0
8247.0 987.0
8251.0 986.0
8254.0 984.0
8263.0 982.0
8273.0 980.0
8286.0 979.0
8289.0 978.0
8296.0 977.0
8300.0 976.0
8304.0 975.0
8307.0 973.0
8316.0 971.0
8326.0 969.0
8327.0 968.0
8334.0 967.0
8336.0 965.0
8337.0 963.0
8341.0 961.0
8349.0 957.0
8356.0 956.0
8359.0 952.0
8366.0 948.0
8376.0 947.0
8378.0 945.0
8388.0 937.0
8410.0 932.0
8415.0 931.0
8421.0 928.0
8436.0 921.0
8441.0 920.0
8477.0 915.0
8482.0 914.0
8515.0 911.0
8525.0 910.0
8536.0 907.0
8541.0 906.0
8572.0 905.0
8573.0 903.0
8588.0 902.0
8594.0 899.0
8601.0 898.0
8612.0 897.0
8623.0 896.0
8627.0 895.0
8631.0 894.0
8644.0 892.0
8648.0 891.0
