43.0 79.0
50.0 60.0
43.0 79.0
43.0 79.0
56.0 49.0
50.0 60.0
56.0 49.0
56.0 49.0
44.0 77.0
50.0 60.0
44.0 77.0
50.0 60.0
43.0 79.0
44.0 77.0
56.0 49.0
42.0 83.0
42.0 83.0
45.0 70.0
45.0 70.0
45.0 70.0
44.0 77.0
56.0 49.0
42.0 83.0
49.0 62.0
47.0 66.0
49.0 62.0
45.0 70.0
56.0 49.0
49.0 62.0
54.0 54.0
43.0 79.0
41.0 89.0
56.0 49.0
41.0 89.0
54.0 54.0
54.0 54.0
41.0 89.0
45.0 70.0
52.0 55.0
42.0 83.0
52.0 55.0
54.0 54.0
54.0 54.0
41.0 89.0
43.0 79.0
54.0 54.0
56.0 49.0
47.0 66.0
41.0 89.0
49.0 62.0
47.0 66.0
52.0 55.0
42.0 83.0
50.0 60.0
52.0 55.0
46.0 68.0
47.0 66.0
49.0 62.0
52.0 55.0
46.0 68.0
41.0 89.0
46.0 68.0
52.0 55.0
50.0 60.0
43.0 79.0
42.0 83.0
46.0 68.0
54.0 54.0
52.0 55.0
49.0 62.0
45.0 70.0
44.0 77.0
44.0 77.0
41.0 89.0
44.0 77.0
50.0 60.0
56.0 49.0
47.0 66.0
42.0 83.0
42.0 83.0
49.0 62.0
52.0 55.0
43.0 79.0
46.0 68.0
46.0 68.0
50.0 60.0
46.0 68.0
47.0 66.0
42.0 83.0
45.0 70.0
45.0 70.0
49.0 62.0
46.0 68.0
47.0 66.0
44.0 77.0
47.0 66.0
41.0 89.0
44.0 77.0
54.0 54.0
41.0 89.0
