79.0 91.0
79.0 91.0
79.0 91.0
78.0 92.0
72.0 102.0
78.0 92.0
70.0 106.0
67.0 130.0
67.0 130.0
77.0 95.0
72.0 102.0
73.0 101.0
73.0 101.0
70.0 106.0
73.0 101.0
70.0 106.0
66.0 138.0
75.0 97.0
75.0 97.0
75.0 97.0
78.0 92.0
77.0 95.0
67.0 130.0
67.0 130.0
66.0 138.0
77.0 95.0
67.0 130.0
78.0 92.0
66.0 138.0
77.0 95.0
70.0 106.0
69.0 113.0
67.0 130.0
68.0 123.0
70.0 106.0
66.0 138.0
66.0 138.0
77.0 95.0
69.0 113.0
72.0 102.0
77.0 95.0
69.0 113.0
68.0 123.0
66.0 138.0
77.0 95.0
68.0 123.0
73.0 101.0
68.0 123.0
75.0 97.0
67.0 130.0
73.0 101.0
69.0 113.0
72.0 102.0
74.0 99.0
72.0 102.0
78.0 92.0
72.0 102.0
75.0 97.0
68.0 123.0
78.0 92.0
72.0 102.0
74.0 99.0
74.0 99.0
69.0 113.0
70.0 106.0
70.0 106.0
74.0 99.0
70.0 106.0
79.0 91.0
74.0 99.0
74.0 99.0
69.0 113.0
68.0 123.0
74.0 99.0
74.0 99.0
69.0 113.0
69.0 113.0
73.0 101.0
75.0 97.0
75.0 97.0
78.0 92.0
67.0 130.0
66.0 138.0
78.0 92.0
73.0 101.0
74.0 99.0
69.0 113.0
66.0 138.0
77.0 95.0
75.0 97.0
70.0 106.0
68.0 123.0
77.0 95.0
68.0 123.0
73.0 101.0
67.0 130.0
72.0 102.0
66.0 138.0
75.0 97.0
68.0 123.0
