51.0 151.0
51.0 151.0
51.0 151.0
59.0 135.0
44.0 198.0
44.0 198.0
44.0 198.0
59.0 135.0
51.0 151.0
57.0 139.0
45.0 178.0
57.0 139.0
44.0 198.0
56.0 140.0
50.0 152.0
44.0 198.0
58.0 136.0
62.0 128.0
50.0 152.0
44.0 198.0
45.0 178.0
49.0 153.0
44.0 198.0
58.0 136.0
57.0 139.0
57.0 139.0
58.0 136.0
56.0 140.0
49.0 153.0
59.0 135.0
56.0 140.0
45.0 178.0
59.0 135.0
49.0 153.0
62.0 128.0
45.0 178.0
57.0 139.0
45.0 178.0
62.0 128.0
58.0 136.0
52.0 145.0
49.0 153.0
59.0 135.0
64.0 127.0
62.0 128.0
49.0 153.0
52.0 145.0
50.0 152.0
58.0 136.0
51.0 151.0
58.0 136.0
52.0 145.0
48.0 162.0
59.0 135.0
48.0 162.0
60.0 132.0
48.0 162.0
44.0 198.0
64.0 127.0
52.0 145.0
48.0 162.0
56.0 140.0
64.0 127.0
56.0 140.0
64.0 127.0
60.0 132.0
56.0 140.0
62.0 128.0
52.0 145.0
64.0 127.0
51.0 151.0
52.0 145.0
60.0 132.0
51.0 151.0
48.0 162.0
50.0 152.0
45.0 178.0
59.0 135.0
56.0 140.0
60.0 132.0
57.0 139.0
58.0 136.0
64.0 127.0
52.0 145.0
49.0 153.0
62.0 128.0
62.0 128.0
48.0 162.0
57.0 139.0
52.0 145.0
60.0 132.0
45.0 178.0
60.0 132.0
60.0 132.0
48.0 162.0
48.0 162.0
64.0 127.0
60.0 132.0
45.0 178.0
49.0 153.0
