334.0 588.0
334.0 588.0
337.0 564.0
335.0 576.0
332.0 600.0
335.0 576.0
361.0 518.0
349.0 542.0
349.0 542.0
349.0 542.0
353.0 532.0
361.0 518.0
353.0 532.0
334.0 588.0
333.0 594.0
353.0 532.0
332.0 600.0
353.0 532.0
333.0 594.0
340.0 554.0
357.0 520.0
349.0 542.0
340.0 554.0
332.0 600.0
361.0 518.0
343.0 552.0
337.0 564.0
334.0 588.0
333.0 594.0
340.0 554.0
357.0 520.0
361.0 518.0
333.0 594.0
352.0 540.0
349.0 542.0
343.0 552.0
348.0 548.0
340.0 554.0
345.0 550.0
357.0 520.0
335.0 576.0
345.0 550.0
335.0 576.0
361.0 518.0
352.0 540.0
353.0 532.0
335.0 576.0
357.0 520.0
343.0 552.0
348.0 548.0
349.0 542.0
335.0 576.0
334.0 588.0
333.0 594.0
340.0 554.0
352.0 540.0
352.0 540.0
348.0 548.0
353.0 532.0
334.0 588.0
337.0 564.0
332.0 600.0
345.0 550.0
333.0 594.0
354.0 526.0
340.0 554.0
345.0 550.0
357.0 520.0
343.0 552.0
335.0 576.0
354.0 526.0
348.0 548.0
348.0 548.0
343.0 552.0
332.0 600.0
332.0 600.0
354.0 526.0
357.0 520.0
357.0 520.0
343.0 552.0
348.0 548.0
345.0 550.0
361.0 518.0
354.0 526.0
340.0 554.0
352.0 540.0
354.0 526.0
349.0 542.0
334.0 588.0
345.0 550.0
352.0 540.0
348.0 548.0
361.0 518.0
354.0 526.0
332.0 600.0
353.0 532.0
352.0 540.0
343.0 552.0
333.0 594.0
354.0 526.0
