125.0 600.0
146.0 548.0
146.0 548.0
146.0 548.0
137.0 554.0
119.0 633.0
146.0 548.0
128.0 580.0
125.0 600.0
147.0 544.0
128.0 580.0
128.0 580.0
146.0 548.0
132.0 572.0
136.0 556.0
128.0 580.0
127.0 583.0
137.0 554.0
132.0 572.0
132.0 572.0
131.0 574.0
136.0 556.0
137.0 554.0
147.0 544.0
120.0 632.0
146.0 548.0
140.0 553.0
136.0 556.0
127.0 583.0
147.0 544.0
120.0 632.0
136.0 556.0
137.0 554.0
149.0 539.0
121.0 615.0
126.0 595.0
123.0 607.0
128.0 580.0
131.0 574.0
133.0 570.0
135.0 561.0
121.0 615.0
126.0 595.0
134.0 563.0
132.0 572.0
149.0 539.0
121.0 615.0
132.0 572.0
147.0 544.0
123.0 607.0
140.0 553.0
149.0 539.0
121.0 615.0
123.0 607.0
136.0 556.0
135.0 561.0
123.0 607.0
131.0 574.0
126.0 595.0
127.0 583.0
149.0 539.0
119.0 633.0
135.0 561.0
137.0 554.0
127.0 583.0
147.0 544.0
126.0 595.0
120.0 632.0
135.0 561.0
149.0 539.0
121.0 615.0
140.0 553.0
140.0 553.0
121.0 615.0
127.0 583.0
135.0 561.0
123.0 607.0
133.0 570.0
149.0 539.0
140.0 553.0
133.0 570.0
120.0 632.0
134.0 563.0
127.0 583.0
119.0 633.0
123.0 607.0
131.0 574.0
133.0 570.0
120.0 632.0
134.0 563.0
134.0 563.0
119.0 633.0
126.0 595.0
119.0 633.0
140.0 553.0
134.0 563.0
131.0 574.0
133.0 570.0
147.0 544.0
126.0 595.0
