361.0 689.0
363.0 685.0
357.0 699.0
357.0 699.0
365.0 682.0
367.0 678.0
354.0 760.0
365.0 682.0
365.0 682.0
354.0 760.0
354.0 760.0
366.0 681.0
365.0 682.0
357.0 699.0
354.0 760.0
355.0 701.0
357.0 699.0
354.0 760.0
354.0 760.0
354.0 760.0
376.0 666.0
376.0 666.0
355.0 701.0
372.0 670.0
365.0 682.0
361.0 689.0
376.0 666.0
354.0 760.0
376.0 666.0
371.0 672.0
363.0 685.0
365.0 682.0
366.0 681.0
357.0 699.0
359.0 695.0
371.0 672.0
372.0 670.0
369.0 676.0
361.0 689.0
372.0 670.0
376.0 666.0
376.0 666.0
363.0 685.0
372.0 670.0
372.0 670.0
359.0 695.0
369.0 676.0
355.0 701.0
355.0 701.0
372.0 670.0
376.0 666.0
359.0 695.0
371.0 672.0
372.0 670.0
372.0 670.0
371.0 672.0
366.0 681.0
371.0 672.0
359.0 695.0
371.0 672.0
372.0 670.0
357.0 699.0
359.0 695.0
371.0 672.0
366.0 681.0
355.0 701.0
366.0 681.0
365.0 682.0
355.0 701.0
355.0 701.0
369.0 676.0
370.0 674.0
354.0 760.0
369.0 676.0
369.0 676.0
369.0 676.0
369.0 676.0
365.0 682.0
357.0 699.0
359.0 695.0
369.0 676.0
371.0 672.0
369.0 676.0
359.0 695.0
367.0 678.0
367.0 678.0
355.0 701.0
361.0 689.0
376.0 666.0
361.0 689.0
366.0 681.0
370.0 674.0
359.0 695.0
359.0 695.0
366.0 681.0
376.0 666.0
366.0 681.0
367.0 678.0
371.0 672.0
355.0 701.0
