88.0 1007.0
85.0 1008.0
67.0 1071.0
89.0 1003.0
73.0 1038.0
73.0 1038.0
67.0 1071.0
67.0 1071.0
81.0 1009.0
79.0 1017.0
79.0 1017.0
65.0 1079.0
89.0 1003.0
63.0 1091.0
91.0 1002.0
85.0 1008.0
61.0 1101.0
63.0 1091.0
91.0 1002.0
65.0 1079.0
88.0 1007.0
62.0 1099.0
76.0 1029.0
59.0 1116.0
64.0 1089.0
78.0 1022.0
61.0 1101.0
89.0 1003.0
59.0 1116.0
88.0 1007.0
57.0 1134.0
75.0 1030.0
85.0 1008.0
70.0 1052.0
64.0 1089.0
63.0 1091.0
70.0 1052.0
81.0 1009.0
75.0 1030.0
57.0 1134.0
74.0 1032.0
61.0 1101.0
71.0 1050.0
76.0 1029.0
78.0 1022.0
79.0 1017.0
56.0 1152.0
57.0 1134.0
56.0 1152.0
73.0 1038.0
88.0 1007.0
64.0 1089.0
71.0 1050.0
70.0 1052.0
81.0 1009.0
59.0 1116.0
67.0 1071.0
72.0 1040.0
69.0 1060.0
61.0 1101.0
85.0 1008.0
79.0 1017.0
77.0 1025.0
76.0 1029.0
75.0 1030.0
62.0 1099.0
69.0 1060.0
77.0 1025.0
66.0 1074.0
66.0 1074.0
60.0 1114.0
68.0 1062.0
65.0 1079.0
56.0 1152.0
71.0 1050.0
60.0 1114.0
59.0 1116.0
71.0 1050.0
64.0 1089.0
78.0 1022.0
74.0 1032.0
91.0 1002.0
66.0 1074.0
74.0 1032.0
77.0 1025.0
68.0 1062.0
78.0 1022.0
62.0 1099.0
56.0 1152.0
65.0 1079.0
68.0 1062.0
60.0 1114.0
81.0 1009.0
68.0 1062.0
69.0 1060.0
57.0 1134.0
77.0 1025.0
72.0 1040.0
72.0 1040.0
66.0 1074.0
