8534.0 964.0
8339.0 1031.0
8247.0 1048.0
8223.0 1054.0
8563.0 949.0
8119.0 1142.0
8109.0 1154.0
8139.0 1114.0
8166.0 1087.0
8521.0 967.0
8108.0 1155.0
8579.0 939.0
8422.0 983.0
8110.0 1151.0
8485.0 977.0
8390.0 996.0
8457.0 979.0
8169.0 1085.0
8307.0 1040.0
8275.0 1047.0
8143.0 1109.0
8119.0 1142.0
8139.0 1114.0
8322.0 1033.0
8279.0 1043.0
8059.0 1198.0
8322.0 1033.0
8554.0 953.0
8143.0 1109.0
8317.0 1038.0
8153.0 1097.0
8123.0 1134.0
8314.0 1039.0
8537.0 957.0
8554.0 953.0
8159.0 1093.0
8059.0 1198.0
8537.0 957.0
8563.0 949.0
8113.0 1146.0
8378.0 1006.0
8579.0 939.0
8596.0 935.0
8097.0 1156.0
8182.0 1079.0
8365.0 1014.0
8394.0 993.0
8365.0 1014.0
8076.0 1179.0
8596.0 935.0
8129.0 1126.0
8213.0 1060.0
8372.0 1008.0
8372.0 1008.0
8379.0 1001.0
8534.0 964.0
8422.0 983.0
8083.0 1168.0
8457.0 979.0
8355.0 1019.0
8194.0 1072.0
8340.0 1026.0
8079.0 1178.0
8191.0 1073.0
8439.0 981.0
8195.0 1070.0
8204.0 1064.0
8348.0 1022.0
8188.0 1075.0
8135.0 1122.0
8517.0 968.0
8066.0 1183.0
8153.0 1097.0
8198.0 1068.0
8135.0 1122.0
8506.0 972.0
8307.0 1040.0
8087.0 1166.0
8123.0 1134.0
8185.0 1077.0
8149.0 1105.0
8066.0 1183.0
8244.0 1050.0
8356.0 1015.0
8485.0 977.0
8411.0 991.0
8226.0 1052.0
8150.0 1103.0
8411.0 991.0
8210.0 1062.0
8439.0 981.0
8163.0 1089.0
8506.0 972.0
8111.0 1150.0
8160.0 1091.0
8075.0 1180.0
8129.0 1126.0
8216.0 1058.0
8201.0 1066.0
8219.0 1056.0
