30074.0 11019.0
30048.0 11117.0
31103.0 10083.0
30125.0 10910.0
31386.0 10003.0
31244.0 10042.0
31281.0 10031.0
31301.0 10025.0
31160.0 10072.0
30191.0 10784.0
30010.0 11225.0
31444.0 9989.0
30035.0 11136.0
30334.0 10581.0
30351.0 10554.0
30308.0 10615.0
30214.0 10752.0
30156.0 10859.0
30028.0 11155.0
30959.0 10136.0
30777.0 10223.0
30298.0 10633.0
30527.0 10391.0
30485.0 10432.0
30883.0 10168.0
31341.0 10016.0
31045.0 10096.0
31264.0 10036.0
30562.0 10370.0
31416.0 9995.0
30579.0 10352.0
31175.0 10069.0
30367.0 10544.0
31321.0 10020.0
30746.0 10241.0
30053.0 11092.0
30764.0 10233.0
30843.0 10187.0
30990.0 10118.0
30284.0 10646.0
30263.0 10679.0
30254.0 10698.0
30173.0 10822.0
30022.0 11177.0
31064.0 10095.0
30808.0 10208.0
30376.0 10527.0
30343.0 10564.0
31027.0 10107.0
30694.0 10269.0
31224.0 10052.0
30392.0 10514.0
31084.0 10084.0
30017.0 11202.0
30244.0 10711.0
30183.0 10804.0
30709.0 10263.0
30404.0 10508.0
30663.0 10286.0
30453.0 10456.0
30417.0 10489.0
30499.0 10416.0
30678.0 10280.0
30317.0 10598.0
30275.0 10665.0
30101.0 10952.0
31195.0 10063.0
30467.0 10445.0
30859.0 10186.0
30792.0 10217.0
30227.0 10740.0
31358.0 10009.0
30433.0 10476.0
30973.0 10125.0
30543.0 10373.0
30089.0 10999.0
30515.0 10403.0
30097.0 10976.0
30900.0 10164.0
30621.0 10324.0
30630.0 10310.0
31005.0 10112.0
30061.0 11068.0
30107.0 10930.0
31120.0 10076.0
30595.0 10334.0
30239.0 10739.0
30200.0 10765.0
30935.0 10142.0
30823.0 10202.0
30143.0 10872.0
30920.0 10148.0
30729.0 10248.0
30131.0 10888.0
30066.0 11043.0
30645.0 10304.0
30004.0 11251.0
30416.0 10503.0
30868.0 10174.0
30161.0 10838.0
