96.0 1205.0
97.0 1197.0
98.0 1176.0
99.0 1168.0
100.0 1146.0
101.0 1127.0
102.0 1116.0
103.0 1107.0
104.0 1100.0
105.0 1092.0
106.0 1076.0
108.0 1066.0
109.0 1059.0
110.0 1032.0
111.0 1015.0
112.0 1002.0
113.0 1000.0
114.0 991.0
115.0 978.0
116.0 972.0
117.0 968.0
118.0 962.0
119.0 960.0
120.0 958.0
121.0 954.0
122.0 949.0
123.0 947.0
124.0 938.0
125.0 936.0
126.0 934.0
127.0 930.0
128.0 928.0
129.0 927.0
130.0 923.0
131.0 920.0
132.0 916.0
133.0 914.0
134.0 910.0
135.0 905.0
136.0 904.0
137.0 899.0
139.0 893.0
141.0 890.0
144.0 888.0
146.0 885.0
148.0 882.0
150.0 881.0
151.0 879.0
152.0 878.0
153.0 876.0
154.0 874.0
156.0 871.0
159.0 870.0
160.0 868.0
161.0 867.0
162.0 866.0
163.0 864.0
165.0 862.0
167.0 860.0
171.0 856.0
173.0 852.0
175.0 850.0
181.0 848.0
