197.0 1281.0
198.0 1235.0
200.0 1217.0
201.0 1215.0
202.0 1200.0
203.0 1196.0
204.0 1192.0
205.0 1178.0
207.0 1172.0
208.0 1168.0
210.0 1157.0
211.0 1155.0
212.0 1151.0
213.0 1140.0
214.0 1136.0
215.0 1133.0
216.0 1129.0
217.0 1127.0
218.0 1123.0
219.0 1120.0
220.0 1112.0
223.0 1103.0
225.0 1101.0
226.0 1095.0
227.0 1090.0
229.0 1083.0
230.0 1077.0
232.0 1073.0
233.0 1072.0
234.0 1065.0
235.0 1062.0
236.0 1061.0
237.0 1056.0
238.0 1049.0
239.0 1047.0
240.0 1044.0
241.0 1040.0
242.0 1035.0
244.0 1028.0
246.0 1024.0
248.0 1022.0
252.0 1017.0
254.0 1013.0
258.0 1011.0
260.0 1007.0
263.0 1003.0
270.0 1002.0
272.0 999.0
278.0 994.0
282.0 993.0
292.0 989.0
293.0 988.0
294.0 984.0
300.0 983.0
301.0 979.0
317.0 976.0
