9945.0 1962.0
9953.0 1958.0
9955.0 1955.0
9958.0 1935.0
9962.0 1931.0
9968.0 1880.0
9977.0 1868.0
9978.0 1862.0
9981.0 1860.0
9985.0 1853.0
9992.0 1842.0
9999.0 1834.0
10006.0 1821.0
10007.0 1813.0
10016.0 1811.0
10020.0 1804.0
10022.0 1800.0
10023.0 1796.0
10025.0 1793.0
10029.0 1785.0
10035.0 1784.0
10041.0 1781.0
10045.0 1773.0
10047.0 1763.0
10049.0 1762.0
10053.0 1757.0
10061.0 1754.0
10065.0 1753.0
10066.0 1750.0
10067.0 1745.0
10069.0 1738.0
10071.0 1737.0
10073.0 1736.0
10077.0 1735.0
10078.0 1730.0
10083.0 1726.0
10084.0 1721.0
10088.0 1720.0
10093.0 1715.0
10094.0 1711.0
10100.0 1706.0
10103.0 1705.0
10104.0 1700.0
10107.0 1699.0
10109.0 1696.0
10112.0 1693.0
10114.0 1690.0
10117.0 1688.0
10118.0 1684.0
10124.0 1679.0
10128.0 1673.0
10135.0 1668.0
10140.0 1665.0
10154.0 1664.0
10156.0 1663.0
10157.0 1660.0
10158.0 1659.0
10160.0 1657.0
10161.0 1654.0
10162.0 1653.0
10167.0 1652.0
10168.0 1649.0
10169.0 1648.0
10173.0 1646.0
10174.0 1645.0
10188.0 1644.0
10190.0 1643.0
10191.0 1640.0
10193.0 1638.0
10195.0 1634.0
10200.0 1633.0
10202.0 1629.0
10207.0 1626.0
10217.0 1625.0
10229.0 1622.0
10234.0 1620.0
10236.0 1614.0
10238.0 1613.0
10240.0 1611.0
10246.0 1609.0
10248.0 1608.0
10250.0 1606.0
10259.0 1603.0
10264.0 1601.0
10266.0 1595.0
10268.0 1594.0
10276.0 1590.0
10278.0 1589.0
10288.0 1588.0
10290.0 1586.0
10292.0 1585.0
10302.0 1584.0
10304.0 1576.0
10306.0 1575.0
10339.0 1573.0
10342.0 1569.0
10346.0 1568.0
10348.0 1566.0
10351.0 1564.0
10357.0 1563.0
10358.0 1558.0
10367.0 1553.0
10382.0 1552.0
10385.0 1549.0
10388.0 1545.0
10398.0 1544.0
10399.0 1541.0
10406.0 1540.0
10408.0 1536.0
10412.0 1533.0
10426.0 1531.0
10428.0 1529.0
10430.0 1527.0
10436.0 1523.0
10439.0 1522.0
10442.0 1520.0
10452.0 1518.0
10457.0 1517.0
10460.0 1512.0
10467.0 1509.0
10468.0 1507.0
10470.0 1505.0
10474.0 1500.0
10494.0 1498.0
10498.0 1496.0
10508.0 1494.0
10516.0 1493.0
10518.0 1492.0
10520.0 1488.0
10522.0 1487.0
10524.0 1485.0
10530.0 1483.0
10540.0 1482.0
10542.0 1480.0
10546.0 1475.0
10557.0 1472.0
10570.0 1471.0
10577.0 1469.0
10590.0 1468.0
10600.0 1464.0
10643.0 1461.0
10713.0 1459.0
10783.0 1458.0
