15276.0 4083.0
15278.0 4070.0
15279.0 4053.0
15281.0 4049.0
15283.0 4043.0
15284.0 4029.0
15285.0 4028.0
15286.0 4013.0
15290.0 4007.0
15293.0 4006.0
15295.0 3999.0
15299.0 3993.0
15302.0 3992.0
15306.0 3986.0
15307.0 3940.0
15310.0 3939.0
15311.0 3935.0
15312.0 3919.0
15315.0 3918.0
15316.0 3914.0
15317.0 3909.0
15319.0 3908.0
15321.0 3901.0
15322.0 3888.0
15330.0 3880.0
15331.0 3879.0
15332.0 3873.0
15336.0 3868.0
15340.0 3865.0
15341.0 3864.0
15343.0 3856.0
15346.0 3855.0
15347.0 3832.0
15353.0 3824.0
15356.0 3820.0
15358.0 3817.0
15360.0 3816.0
15361.0 3813.0
15362.0 3812.0
15364.0 3809.0
15365.0 3808.0
15367.0 3790.0
15372.0 3786.0
15375.0 3776.0
15376.0 3773.0
15378.0 3768.0
15381.0 3765.0
15382.0 3763.0
15384.0 3758.0
15386.0 3754.0
15388.0 3752.0
15391.0 3745.0
15393.0 3743.0
15395.0 3739.0
15398.0 3736.0
15399.0 3734.0
15401.0 3729.0
15403.0 3725.0
15405.0 3723.0
15408.0 3716.0
15410.0 3714.0
15414.0 3713.0
15415.0 3710.0
15416.0 3708.0
15418.0 3706.0
15420.0 3703.0
15423.0 3702.0
15428.0 3695.0
15437.0 3691.0
15440.0 3690.0
15443.0 3688.0
15445.0 3683.0
15448.0 3681.0
15451.0 3677.0
15454.0 3676.0
15455.0 3675.0
15456.0 3673.0
15457.0 3672.0
15460.0 3670.0
15461.0 3667.0
15462.0 3665.0
15465.0 3664.0
15466.0 3660.0
15469.0 3659.0
15470.0 3657.0
15474.0 3652.0
15479.0 3650.0
15483.0 3648.0
15486.0 3647.0
15487.0 3639.0
15491.0 3633.0
15495.0 3632.0
15497.0 3627.0
15498.0 3625.0
15499.0 3617.0
15502.0 3611.0
15503.0 3609.0
15505.0 3599.0
15506.0 3593.0
15510.0 3587.0
15512.0 3575.0
15518.0 3573.0
15519.0 3572.0
15520.0 3568.0
15522.0 3561.0
15523.0 3555.0
15527.0 3549.0
15529.0 3537.0
15535.0 3535.0
15536.0 3534.0
15537.0 3530.0
15541.0 3527.0
15542.0 3522.0
15546.0 3521.0
15548.0 3517.0
15550.0 3515.0
15555.0 3513.0
15556.0 3509.0
15557.0 3508.0
15559.0 3506.0
15561.0 3502.0
15563.0 3500.0
15567.0 3498.0
15568.0 3493.0
15570.0 3491.0
15572.0 3487.0
15574.0 3485.0
15580.0 3480.0
15581.0 3478.0
15583.0 3476.0
15585.0 3472.0
15587.0 3470.0
15593.0 3465.0
15600.0 3462.0
15604.0 3460.0
15607.0 3457.0
15611.0 3455.0
15616.0 3452.0
15617.0 3446.0
15626.0 3441.0
15632.0 3440.0
15635.0 3438.0
15637.0 3435.0
15639.0 3434.0
15641.0 3429.0
15645.0 3425.0
15649.0 3423.0
15650.0 3420.0
15653.0 3419.0
15654.0 3414.0
15662.0 3413.0
15666.0 3411.0
15670.0 3409.0
15675.0 3407.0
15677.0 3406.0
15678.0 3403.0
15679.0 3397.0
15683.0 3394.0
15686.0 3392.0
15688.0 3391.0
15690.0 3390.0
15692.0 3389.0
15696.0 3385.0
15698.0 3384.0
15702.0 3382.0
15703.0 3376.0
15705.0 3375.0
15712.0 3371.0
15714.0 3370.0
15715.0 3368.0
15724.0 3362.0
15728.0 3360.0
15737.0 3359.0
15739.0 3356.0
15741.0 3346.0
15750.0 3341.0
15773.0 3340.0
15777.0 3338.0
15782.0 3335.0
15807.0 3334.0
15809.0 3332.0
15816.0 3329.0
15824.0 3327.0
15828.0 3326.0
15832.0 3325.0
15840.0 3322.0
15842.0 3320.0
15847.0 3315.0
15856.0 3310.0
15867.0 3309.0
15874.0 3306.0
15876.0 3304.0
15881.0 3299.0
15890.0 3294.0
15917.0 3291.0
15929.0 3288.0
15956.0 3285.0
15979.0 3283.0
16004.0 3280.0
16013.0 3279.0
16018.0 3278.0
16019.0 3273.0
16028.0 3272.0
16037.0 3270.0
16040.0 3266.0
16043.0 3265.0
16052.0 3264.0
16055.0 3259.0
16059.0 3257.0
16073.0 3255.0
16074.0 3250.0
16083.0 3249.0
16098.0 3242.0
16113.0 3241.0
16122.0 3237.0
16129.0 3236.0
16138.0 3235.0
16139.0 3234.0
16140.0 3233.0
16150.0 3232.0
16153.0 3228.0
16168.0 3227.0
16177.0 3223.0
16194.0 3220.0
16210.0 3218.0
16227.0 3215.0
16245.0 3214.0
16247.0 3213.0
16250.0 3212.0
16253.0 3211.0
16254.0 3210.0
16258.0 3208.0
16271.0 3207.0
16281.0 3206.0
16286.0 3205.0
16289.0 3202.0
16359.0 3200.0
16361.0 3199.0
16366.0 3196.0
16371.0 3195.0
16398.0 3191.0
16407.0 3188.0
16445.0 3186.0
16451.0 3185.0
16469.0 3183.0
16474.0 3179.0
16492.0 3176.0
16499.0 3173.0
16505.0 3171.0
16510.0 3168.0
16528.0 3167.0
16540.0 3164.0
16547.0 3163.0
16551.0 3159.0
16558.0 3158.0
16571.0 3156.0
16590.0 3155.0
16592.0 3154.0
16599.0 3153.0
16612.0 3151.0
16631.0 3150.0
16642.0 3149.0
16661.0 3148.0
16694.0 3147.0
16709.0 3144.0
16727.0 3143.0
16735.0 3142.0
16750.0 3139.0
