713.0 1173.0
714.0 1168.0
715.0 1116.0
716.0 1103.0
717.0 1071.0
718.0 1065.0
719.0 1058.0
720.0 1053.0
721.0 1037.0
722.0 1021.0
723.0 1017.0
724.0 1010.0
725.0 1004.0
726.0 990.0
727.0 986.0
728.0 979.0
729.0 973.0
730.0 964.0
732.0 955.0
733.0 947.0
734.0 943.0
735.0 939.0
736.0 929.0
737.0 928.0
738.0 924.0
739.0 921.0
740.0 916.0
741.0 903.0
742.0 900.0
743.0 890.0
744.0 887.0
745.0 882.0
746.0 881.0
747.0 869.0
748.0 865.0
749.0 862.0
750.0 852.0
752.0 847.0
754.0 845.0
755.0 835.0
756.0 834.0
757.0 830.0
758.0 821.0
760.0 816.0
763.0 810.0
765.0 805.0
766.0 804.0
767.0 803.0
768.0 800.0
769.0 798.0
770.0 795.0
771.0 793.0
773.0 790.0
775.0 786.0
776.0 783.0
778.0 781.0
781.0 780.0
782.0 778.0
783.0 775.0
