411.0 1418.0
412.0 1379.0
413.0 1358.0
415.0 1332.0
416.0 1329.0
417.0 1315.0
418.0 1309.0
419.0 1204.0
421.0 1202.0
422.0 1189.0
424.0 1187.0
426.0 1174.0
429.0 1171.0
430.0 1162.0
432.0 1159.0
433.0 1155.0
435.0 1149.0
436.0 1144.0
437.0 1141.0
438.0 1134.0
440.0 1121.0
443.0 1119.0
444.0 1110.0
447.0 1104.0
449.0 1095.0
451.0 1086.0
453.0 1079.0
454.0 1075.0
455.0 1068.0
457.0 1065.0
458.0 1063.0
459.0 1058.0
463.0 1054.0
464.0 1052.0
465.0 1048.0
467.0 1044.0
470.0 1042.0
471.0 1041.0
472.0 1038.0
473.0 1034.0
477.0 1033.0
478.0 1028.0
484.0 1018.0
486.0 1014.0
488.0 1010.0
490.0 1006.0
493.0 1005.0
495.0 1004.0
496.0 1002.0
497.0 1000.0
499.0 999.0
500.0 996.0
502.0 995.0
503.0 990.0
505.0 989.0
507.0 988.0
509.0 987.0
512.0 984.0
518.0 983.0
521.0 980.0
527.0 978.0
