47.0 1311.0
48.0 1300.0
49.0 1294.0
50.0 1247.0
51.0 1239.0
52.0 1217.0
53.0 1209.0
54.0 1195.0
55.0 1180.0
56.0 1134.0
57.0 1131.0
58.0 1108.0
59.0 1097.0
60.0 1089.0
61.0 1084.0
62.0 1081.0
63.0 1075.0
64.0 1069.0
65.0 1064.0
66.0 1061.0
67.0 1053.0
68.0 1048.0
69.0 1041.0
70.0 1036.0
71.0 1035.0
72.0 1028.0
74.0 1020.0
76.0 1014.0
77.0 1009.0
78.0 1002.0
79.0 1001.0
80.0 996.0
81.0 992.0
82.0 987.0
83.0 980.0
85.0 974.0
87.0 970.0
90.0 966.0
92.0 962.0
95.0 958.0
96.0 954.0
97.0 951.0
99.0 948.0
101.0 946.0
102.0 943.0
104.0 940.0
108.0 939.0
