100.0 1224.0
102.0 1181.0
104.0 1125.0
105.0 1109.0
106.0 1077.0
107.0 1050.0
109.0 1038.0
110.0 1021.0
112.0 1011.0
115.0 1010.0
116.0 998.0
117.0 989.0
118.0 978.0
120.0 968.0
121.0 966.0
122.0 965.0
123.0 956.0
124.0 954.0
125.0 953.0
126.0 950.0
127.0 942.0
129.0 938.0
131.0 933.0
133.0 928.0
135.0 925.0
137.0 922.0
139.0 920.0
140.0 914.0
142.0 905.0
144.0 902.0
145.0 899.0
147.0 896.0
149.0 894.0
151.0 889.0
153.0 886.0
155.0 885.0
157.0 882.0
160.0 877.0
161.0 870.0
165.0 867.0
167.0 866.0
169.0 856.0
172.0 850.0
177.0 846.0
182.0 842.0
