24655.0 7789.0
24657.0 7781.0
24658.0 7762.0
24659.0 7748.0
24662.0 7721.0
24666.0 7708.0
24672.0 7704.0
24674.0 7698.0
24676.0 7691.0
24679.0 7674.0
24683.0 7661.0
24688.0 7638.0
24694.0 7636.0
24698.0 7621.0
24703.0 7617.0
24708.0 7608.0
24713.0 7600.0
24715.0 7599.0
24718.0 7591.0
24722.0 7585.0
24725.0 7582.0
24726.0 7574.0
24729.0 7571.0
24730.0 7564.0
24732.0 7549.0
24736.0 7545.0
24740.0 7528.0
24743.0 7514.0
24748.0 7510.0
24751.0 7493.0
24754.0 7486.0
24758.0 7469.0
24764.0 7460.0
24767.0 7454.0
24773.0 7447.0
24777.0 7445.0
24778.0 7439.0
24781.0 7436.0
24783.0 7433.0
24784.0 7429.0
24787.0 7424.0
24788.0 7415.0
24792.0 7413.0
24794.0 7409.0
24797.0 7404.0
24800.0 7402.0
24801.0 7399.0
24802.0 7395.0
24804.0 7393.0
24806.0 7390.0
24811.0 7386.0
24812.0 7379.0
24813.0 7373.0
24819.0 7366.0
24820.0 7365.0
24821.0 7363.0
24822.0 7359.0
24823.0 7358.0
24824.0 7352.0
24825.0 7351.0
24830.0 7345.0
24831.0 7341.0
24832.0 7340.0
24834.0 7330.0
24843.0 7320.0
24847.0 7319.0
24849.0 7315.0
24851.0 7314.0
24852.0 7313.0
24853.0 7298.0
24858.0 7294.0
24861.0 7292.0
24863.0 7282.0
24868.0 7272.0
24876.0 7266.0
24881.0 7263.0
24882.0 7262.0
24886.0 7259.0
24889.0 7249.0
24898.0 7244.0
24901.0 7243.0
24903.0 7226.0
24906.0 7215.0
24908.0 7214.0
24909.0 7205.0
24911.0 7203.0
24913.0 7199.0
24914.0 7193.0
24918.0 7187.0
24925.0 7179.0
24928.0 7168.0
24930.0 7167.0
24931.0 7158.0
24933.0 7156.0
24935.0 7152.0
24936.0 7146.0
24939.0 7138.0
24941.0 7136.0
24944.0 7126.0
24947.0 7125.0
24949.0 7117.0
24951.0 7109.0
24954.0 7103.0
24958.0 7100.0
24959.0 7097.0
24961.0 7094.0
24965.0 7092.0
24966.0 7088.0
24970.0 7087.0
24972.0 7083.0
24976.0 7082.0
24980.0 7081.0
24983.0 7075.0
24987.0 7074.0
24989.0 7072.0
24992.0 7066.0
24996.0 7063.0
24998.0 7059.0
24999.0 7057.0
25001.0 7053.0
25005.0 7052.0
25006.0 7049.0
25009.0 7043.0
25013.0 7042.0
25020.0 7038.0
25022.0 7037.0
25023.0 7032.0
25027.0 7031.0
25028.0 7028.0
25031.0 7022.0
25035.0 7021.0
25037.0 7019.0
25041.0 7018.0
25043.0 7015.0
25047.0 7014.0
25048.0 7012.0
25052.0 7011.0
25054.0 7009.0
25055.0 7008.0
25056.0 7007.0
25057.0 7004.0
25059.0 7002.0
25062.0 7000.0
25064.0 6998.0
25065.0 6994.0
25069.0 6993.0
25071.0 6991.0
25075.0 6990.0
25078.0 6988.0
25082.0 6983.0
25086.0 6982.0
25087.0 6980.0
25090.0 6979.0
25092.0 6978.0
25095.0 6973.0
25096.0 6972.0
25100.0 6971.0
25101.0 6968.0
25104.0 6962.0
25108.0 6961.0
25109.0 6959.0
25113.0 6958.0
25115.0 6956.0
25119.0 6955.0
25121.0 6952.0
25125.0 6951.0
25126.0 6950.0
25127.0 6949.0
25131.0 6948.0
25133.0 6945.0
25135.0 6941.0
25137.0 6939.0
25141.0 6938.0
25143.0 6931.0
25147.0 6930.0
25148.0 6929.0
25149.0 6928.0
25153.0 6927.0
25154.0 6926.0
25158.0 6925.0
25161.0 6923.0
25165.0 6919.0
25169.0 6918.0
25171.0 6916.0
25175.0 6915.0
25181.0 6912.0
25184.0 6907.0
25187.0 6905.0
25188.0 6897.0
25190.0 6894.0
25192.0 6892.0
25194.0 6889.0
25197.0 6887.0
25199.0 6884.0
25201.0 6882.0
25202.0 6879.0
25204.0 6876.0
25206.0 6874.0
25207.0 6871.0
25209.0 6868.0
25210.0 6866.0
25212.0 6863.0
25216.0 6861.0
25218.0 6858.0
25219.0 6856.0
25221.0 6853.0
25223.0 6850.0
25224.0 6848.0
25226.0 6845.0
25230.0 6843.0
25232.0 6840.0
25233.0 6838.0
25235.0 6835.0
25240.0 6834.0
25241.0 6832.0
25243.0 6829.0
25245.0 6826.0
25246.0 6824.0
25248.0 6821.0
25251.0 6820.0
25252.0 6818.0
25254.0 6815.0
25255.0 6814.0
25257.0 6811.0
25260.0 6810.0
25262.0 6809.0
25263.0 6805.0
25264.0 6801.0
25266.0 6798.0
25268.0 6797.0
25272.0 6795.0
25273.0 6793.0
25274.0 6792.0
25275.0 6788.0
25277.0 6785.0
25278.0 6783.0
25280.0 6780.0
25285.0 6775.0
25287.0 6772.0
25288.0 6770.0
25290.0 6767.0
25292.0 6765.0
25294.0 6762.0
25299.0 6757.0
25301.0 6754.0
25302.0 6752.0
25304.0 6749.0
25309.0 6748.0
25310.0 6746.0
25312.0 6743.0
25314.0 6741.0
25316.0 6738.0
25321.0 6733.0
25323.0 6730.0
25324.0 6728.0
25326.0 6725.0
25339.0 6722.0
25343.0 6721.0
25345.0 6719.0
25346.0 6716.0
25351.0 6715.0
25353.0 6712.0
25354.0 6709.0
25356.0 6706.0
25357.0 6704.0
25359.0 6701.0
25369.0 6699.0
25370.0 6697.0
25372.0 6694.0
25379.0 6692.0
25385.0 6691.0
25389.0 6690.0
25392.0 6685.0
25405.0 6681.0
25407.0 6678.0
25413.0 6674.0
25415.0 6671.0
25421.0 6670.0
25423.0 6668.0
25426.0 6667.0
25428.0 6664.0
25430.0 6661.0
25433.0 6660.0
25435.0 6658.0
25440.0 6655.0
25441.0 6654.0
25443.0 6651.0
25447.0 6648.0
25453.0 6644.0
25455.0 6641.0
25466.0 6637.0
25468.0 6634.0
25475.0 6632.0
25481.0 6631.0
25483.0 6628.0
25488.0 6625.0
25498.0 6624.0
25500.0 6623.0
25501.0 6621.0
25502.0 6620.0
25503.0 6619.0
25509.0 6618.0
25510.0 6617.0
25516.0 6615.0
25517.0 6614.0
25520.0 6613.0
25521.0 6612.0
25522.0 6611.0
25527.0 6607.0
25529.0 6604.0
25534.0 6600.0
25536.0 6597.0
25549.0 6594.0
25551.0 6591.0
25553.0 6589.0
25556.0 6588.0
25566.0 6586.0
25568.0 6583.0
25571.0 6582.0
25573.0 6580.0
25584.0 6578.0
25586.0 6577.0
25588.0 6574.0
25599.0 6571.0
25603.0 6569.0
25607.0 6567.0
25608.0 6563.0
25611.0 6562.0
25613.0 6559.0
25614.0 6556.0
25619.0 6555.0
25620.0 6554.0
25621.0 6552.0
25623.0 6549.0
25626.0 6548.0
25627.0 6545.0
25629.0 6542.0
25634.0 6541.0
25635.0 6540.0
25636.0 6537.0
25642.0 6530.0
25647.0 6529.0
25648.0 6528.0
25655.0 6526.0
25656.0 6516.0
25665.0 6515.0
25670.0 6512.0
25671.0 6508.0
25678.0 6504.0
25680.0 6503.0
25683.0 6499.0
25684.0 6497.0
25689.0 6496.0
25690.0 6493.0
25692.0 6492.0
25697.0 6488.0
25698.0 6483.0
25707.0 6478.0
25713.0 6475.0
25718.0 6474.0
25722.0 6470.0
25735.0 6468.0
25737.0 6465.0
25741.0 6461.0
25746.0 6460.0
25751.0 6457.0
25756.0 6456.0
25758.0 6449.0
25767.0 6448.0
25776.0 6447.0
25779.0 6441.0
25790.0 6440.0
25793.0 6438.0
25796.0 6433.0
25800.0 6432.0
25803.0 6428.0
25807.0 6427.0
25809.0 6421.0
25814.0 6420.0
25819.0 6417.0
25820.0 6415.0
25825.0 6414.0
25834.0 6411.0
25835.0 6408.0
25845.0 6404.0
25846.0 6402.0
25849.0 6399.0
25859.0 6395.0
25860.0 6393.0
25871.0 6392.0
25874.0 6389.0
25877.0 6388.0
25880.0 6387.0
25885.0 6383.0
25893.0 6382.0
25899.0 6381.0
25902.0 6378.0
25906.0 6374.0
25913.0 6372.0
25917.0 6371.0
25920.0 6365.0
25928.0 6364.0
25937.0 6360.0
25945.0 6359.0
25950.0 6358.0
25954.0 6357.0
25956.0 6356.0
25957.0 6351.0
25965.0 6350.0
25974.0 6346.0
25982.0 6345.0
25992.0 6344.0
25993.0 6342.0
25999.0 6341.0
26009.0 6340.0
26014.0 6339.0
26018.0 6337.0
26028.0 6336.0
26034.0 6335.0
26039.0 6334.0
26044.0 6333.0
26053.0 6331.0
26065.0 6329.0
26074.0 6328.0
26082.0 6327.0
26088.0 6325.0
26092.0 6323.0
26095.0 6318.0
26103.0 6317.0
26114.0 6314.0
26120.0 6313.0
26128.0 6312.0
26131.0 6306.0
26139.0 6305.0
26150.0 6302.0
26156.0 6301.0
26175.0 6297.0
26178.0 6294.0
26186.0 6293.0
26197.0 6290.0
26203.0 6289.0
26222.0 6285.0
26231.0 6284.0
26242.0 6281.0
26248.0 6280.0
26267.0 6276.0
26292.0 6275.0
26297.0 6273.0
26311.0 6271.0
26321.0 6270.0
26332.0 6269.0
26335.0 6268.0
26343.0 6266.0
26357.0 6264.0
26362.0 6263.0
26370.0 6262.0
26382.0 6256.0
26390.0 6255.0
26404.0 6252.0
26407.0 6251.0
26429.0 6247.0
