29757.0 11601.0
29758.0 11596.0
29759.0 11587.0
29760.0 11564.0
29761.0 11559.0
29764.0 11546.0
29765.0 11541.0
29771.0 11530.0
29772.0 11525.0
29774.0 11524.0
29775.0 11523.0
29776.0 11519.0
29777.0 11511.0
29778.0 11506.0
29783.0 11497.0
29784.0 11492.0
29785.0 11490.0
29787.0 11479.0
29788.0 11474.0
29789.0 11472.0
29790.0 11467.0
29791.0 11409.0
29792.0 11404.0
29794.0 11387.0
29795.0 11382.0
29796.0 11379.0
29797.0 11374.0
29800.0 11360.0
29802.0 11352.0
29806.0 11342.0
29808.0 11334.0
29812.0 11332.0
29813.0 11327.0
29818.0 11314.0
29820.0 11313.0
29822.0 11296.0
29823.0 11291.0
29824.0 11288.0
29825.0 11283.0
29829.0 11281.0
29830.0 11276.0
29834.0 11268.0
29835.0 11263.0
29839.0 11259.0
29841.0 11257.0
29842.0 11248.0
29844.0 11240.0
29849.0 11237.0
29851.0 11229.0
29855.0 11176.0
29857.0 11168.0
29861.0 11158.0
29866.0 11157.0
29867.0 11139.0
29869.0 11135.0
29874.0 11130.0
29877.0 11125.0
29878.0 11117.0
29881.0 11112.0
29882.0 11107.0
29885.0 11102.0
29888.0 11097.0
29891.0 11091.0
29894.0 11086.0
29895.0 11081.0
29898.0 11076.0
29903.0 11075.0
29904.0 11071.0
29907.0 11070.0
29909.0 11064.0
29912.0 11055.0
29913.0 11054.0
29915.0 11053.0
29916.0 11049.0
29918.0 11048.0
29919.0 11046.0
29922.0 11045.0
29924.0 11037.0
29925.0 11029.0
29929.0 11025.0
29934.0 11022.0
29936.0 11011.0
29940.0 11005.0
29943.0 11003.0
29944.0 11001.0
29947.0 10998.0
29951.0 10993.0
29952.0 10991.0
29953.0 10982.0
29960.0 10980.0
29962.0 10974.0
29966.0 10973.0
29967.0 10972.0
29969.0 10968.0
29970.0 10964.0
29974.0 10963.0
29975.0 10958.0
29976.0 10954.0
29982.0 10953.0
29984.0 10951.0
29985.0 10950.0
29986.0 10949.0
29987.0 10946.0
29988.0 10945.0
29989.0 10939.0
29990.0 10935.0
29995.0 10931.0
29999.0 10927.0
30002.0 10925.0
30003.0 10923.0
30005.0 10919.0
30007.0 10917.0
30008.0 10916.0
30009.0 10915.0
30011.0 10912.0
30013.0 10904.0
30015.0 10903.0
30017.0 10900.0
30019.0 10899.0
30021.0 10896.0
30026.0 10892.0
30027.0 10888.0
30029.0 10886.0
30030.0 10885.0
30031.0 10882.0
30032.0 10881.0
30034.0 10880.0
30035.0 10878.0
30036.0 10877.0
30037.0 10876.0
30040.0 10875.0
30041.0 10865.0
30045.0 10861.0
30050.0 10857.0
30058.0 10854.0
30059.0 10853.0
30061.0 10843.0
30062.0 10842.0
30066.0 10839.0
30067.0 10838.0
30073.0 10837.0
30076.0 10835.0
30077.0 10832.0
30078.0 10831.0
30079.0 10830.0
30080.0 10828.0
30081.0 10822.0
30083.0 10820.0
30087.0 10818.0
30089.0 10817.0
30091.0 10815.0
30092.0 10813.0
30093.0 10810.0
30094.0 10809.0
30095.0 10805.0
30097.0 10804.0
30100.0 10801.0
30101.0 10800.0
30102.0 10796.0
30103.0 10795.0
30105.0 10794.0
30108.0 10791.0
30110.0 10786.0
30111.0 10783.0
30113.0 10782.0
30116.0 10781.0
30117.0 10780.0
30118.0 10774.0
30119.0 10773.0
30121.0 10772.0
30124.0 10771.0
30125.0 10770.0
30126.0 10764.0
30128.0 10762.0
30129.0 10761.0
30130.0 10760.0
30132.0 10759.0
30133.0 10758.0
30134.0 10757.0
30135.0 10753.0
30136.0 10752.0
30137.0 10751.0
30138.0 10750.0
30140.0 10749.0
30141.0 10748.0
30143.0 10743.0
30144.0 10740.0
30149.0 10738.0
30151.0 10731.0
30152.0 10730.0
30156.0 10729.0
30157.0 10728.0
30159.0 10721.0
30161.0 10720.0
30164.0 10719.0
30165.0 10716.0
30167.0 10715.0
30168.0 10711.0
30169.0 10710.0
30172.0 10707.0
30173.0 10706.0
30175.0 10705.0
30176.0 10701.0
30180.0 10697.0
30182.0 10695.0
30183.0 10694.0
30184.0 10693.0
30186.0 10692.0
30189.0 10686.0
30190.0 10685.0
30191.0 10684.0
30192.0 10683.0
30194.0 10682.0
30197.0 10676.0
30198.0 10673.0
30203.0 10672.0
30205.0 10664.0
30206.0 10663.0
30213.0 10654.0
30221.0 10650.0
30222.0 10649.0
30229.0 10640.0
30233.0 10639.0
30239.0 10633.0
30240.0 10630.0
30246.0 10629.0
30248.0 10626.0
30249.0 10625.0
30252.0 10623.0
30253.0 10620.0
30255.0 10619.0
30256.0 10616.0
30261.0 10613.0
30263.0 10610.0
30264.0 10607.0
30269.0 10606.0
30271.0 10603.0
30272.0 10600.0
30277.0 10599.0
30282.0 10597.0
30283.0 10595.0
30285.0 10593.0
30288.0 10592.0
30290.0 10590.0
30291.0 10588.0
30292.0 10587.0
30293.0 10584.0
30296.0 10583.0
30300.0 10580.0
30301.0 10577.0
30306.0 10574.0
30311.0 10570.0
30316.0 10567.0
30320.0 10565.0
30323.0 10564.0
30324.0 10560.0
30327.0 10558.0
30329.0 10556.0
30332.0 10554.0
30335.0 10551.0
30338.0 10549.0
30340.0 10547.0
30342.0 10546.0
30343.0 10545.0
30345.0 10544.0
30346.0 10538.0
30351.0 10533.0
30356.0 10529.0
30361.0 10528.0
30364.0 10524.0
30369.0 10519.0
30372.0 10517.0
30374.0 10515.0
30377.0 10513.0
30378.0 10512.0
30380.0 10509.0
30382.0 10508.0
30385.0 10504.0
30387.0 10502.0
30388.0 10500.0
30390.0 10499.0
30391.0 10494.0
30393.0 10493.0
30396.0 10487.0
30398.0 10486.0
30401.0 10485.0
30405.0 10481.0
30406.0 10480.0
30408.0 10478.0
30409.0 10477.0
30411.0 10475.0
30412.0 10470.0
30416.0 10469.0
30417.0 10463.0
30422.0 10462.0
30424.0 10458.0
30429.0 10451.0
30434.0 10448.0
30435.0 10446.0
30440.0 10445.0
30441.0 10443.0
30442.0 10441.0
30446.0 10436.0
30447.0 10434.0
30452.0 10431.0
30457.0 10430.0
30459.0 10426.0
30461.0 10425.0
30464.0 10419.0
30469.0 10418.0
30474.0 10414.0
30479.0 10413.0
30481.0 10409.0
30483.0 10407.0
30486.0 10402.0
30491.0 10401.0
30495.0 10399.0
30497.0 10398.0
30498.0 10397.0
30500.0 10392.0
30505.0 10391.0
30508.0 10389.0
30510.0 10385.0
30515.0 10384.0
30517.0 10382.0
30519.0 10379.0
30522.0 10375.0
30527.0 10374.0
30532.0 10372.0
30534.0 10370.0
30536.0 10369.0
30539.0 10367.0
30541.0 10362.0
30546.0 10358.0
30551.0 10357.0
30558.0 10354.0
30560.0 10352.0
30563.0 10349.0
30565.0 10345.0
30570.0 10344.0
30579.0 10342.0
30580.0 10340.0
30581.0 10339.0
30585.0 10338.0
30586.0 10335.0
30587.0 10332.0
30591.0 10330.0
30596.0 10329.0
30599.0 10327.0
30603.0 10326.0
30605.0 10322.0
30610.0 10321.0
30612.0 10319.0
30613.0 10317.0
30618.0 10316.0
30621.0 10314.0
30625.0 10312.0
30627.0 10309.0
30631.0 10307.0
30633.0 10306.0
30636.0 10302.0
30641.0 10301.0
30645.0 10299.0
30648.0 10298.0
30649.0 10295.0
30651.0 10294.0
30655.0 10293.0
30658.0 10289.0
30662.0 10285.0
30667.0 10284.0
30669.0 10281.0
30674.0 10280.0
30675.0 10278.0
30677.0 10277.0
30678.0 10275.0
30681.0 10273.0
30686.0 10272.0
30688.0 10267.0
30690.0 10263.0
30694.0 10259.0
30699.0 10258.0
30704.0 10252.0
30706.0 10247.0
30711.0 10246.0
30716.0 10244.0
30718.0 10240.0
30720.0 10236.0
30725.0 10235.0
30730.0 10234.0
30732.0 10229.0
30734.0 10224.0
30739.0 10223.0
30745.0 10221.0
30748.0 10213.0
30753.0 10212.0
30758.0 10211.0
30761.0 10210.0
30763.0 10205.0
30768.0 10204.0
30771.0 10203.0
30772.0 10200.0
30773.0 10198.0
30778.0 10197.0
30779.0 10196.0
30782.0 10195.0
30785.0 10191.0
30788.0 10190.0
30789.0 10188.0
30794.0 10185.0
30795.0 10184.0
30798.0 10183.0
30799.0 10180.0
30801.0 10177.0
30806.0 10176.0
30807.0 10173.0
30812.0 10172.0
30816.0 10169.0
30817.0 10165.0
30822.0 10164.0
30825.0 10162.0
30829.0 10154.0
30834.0 10153.0
30839.0 10151.0
30844.0 10146.0
30849.0 10145.0
30852.0 10143.0
30853.0 10141.0
30858.0 10135.0
30863.0 10134.0
30869.0 10132.0
30872.0 10124.0
30877.0 10123.0
30882.0 10122.0
30887.0 10116.0
30892.0 10115.0
30896.0 10111.0
30901.0 10110.0
30906.0 10106.0
30911.0 10105.0
30912.0 10101.0
30917.0 10100.0
30921.0 10098.0
30926.0 10097.0
30927.0 10093.0
30932.0 10092.0
30936.0 10088.0
30941.0 10087.0
30946.0 10086.0
30949.0 10085.0
30951.0 10083.0
30956.0 10080.0
30958.0 10079.0
30963.0 10078.0
30965.0 10077.0
30967.0 10076.0
30968.0 10074.0
30970.0 10073.0
30971.0 10072.0
30973.0 10071.0
30974.0 10070.0
30979.0 10069.0
30980.0 10067.0
30982.0 10066.0
30985.0 10065.0
30989.0 10062.0
30994.0 10060.0
30998.0 10057.0
31002.0 10056.0
31007.0 10055.0
31011.0 10053.0
31013.0 10052.0
31017.0 10048.0
31022.0 10047.0
31026.0 10043.0
31031.0 10042.0
31036.0 10041.0
31037.0 10040.0
31041.0 10038.0
31046.0 10035.0
31048.0 10034.0
31053.0 10033.0
31055.0 10032.0
31057.0 10029.0
31061.0 10028.0
31065.0 10026.0
31067.0 10025.0
31070.0 10023.0
31075.0 10022.0
31077.0 10020.0
31080.0 10018.0
31086.0 10017.0
31087.0 10014.0
31094.0 10012.0
31097.0 10010.0
31101.0 10009.0
31104.0 10006.0
31107.0 10004.0
31114.0 10000.0
31119.0 9998.0
31125.0 9997.0
31126.0 9994.0
31129.0 9992.0
31135.0 9991.0
31136.0 9988.0
31144.0 9987.0
31150.0 9986.0
31151.0 9983.0
31158.0 9981.0
31166.0 9979.0
31169.0 9977.0
31172.0 9975.0
31176.0 9973.0
31179.0 9971.0
31184.0 9969.0
31191.0 9967.0
31194.0 9966.0
31199.0 9965.0
31201.0 9964.0
31202.0 9963.0
31208.0 9962.0
31209.0 9959.0
31217.0 9958.0
31219.0 9956.0
31226.0 9955.0
31227.0 9952.0
31234.0 9950.0
31237.0 9949.0
31242.0 9948.0
31244.0 9945.0
31245.0 9944.0
31246.0 9943.0
31252.0 9942.0
31253.0 9941.0
31255.0 9940.0
31256.0 9939.0
31258.0 9938.0
31261.0 9937.0
31262.0 9936.0
31263.0 9935.0
31264.0 9933.0
31265.0 9932.0
31268.0 9931.0
31269.0 9930.0
31273.0 9929.0
31274.0 9925.0
31275.0 9924.0
31279.0 9923.0
31280.0 9922.0
31284.0 9919.0
31285.0 9918.0
31292.0 9917.0
31293.0 9912.0
31294.0 9911.0
31302.0 9910.0
31304.0 9905.0
31305.0 9904.0
31310.0 9903.0
31314.0 9902.0
31315.0 9901.0
31316.0 9900.0
31320.0 9898.0
31321.0 9897.0
31326.0 9891.0
31327.0 9890.0
31331.0 9888.0
31332.0 9887.0
31340.0 9884.0
31341.0 9883.0
31347.0 9882.0
31352.0 9879.0
31357.0 9876.0
31362.0 9875.0
31363.0 9873.0
31364.0 9872.0
31370.0 9871.0
31379.0 9867.0
31384.0 9866.0
31385.0 9864.0
31389.0 9861.0
31394.0 9860.0
31395.0 9859.0
31396.0 9855.0
31397.0 9854.0
31411.0 9853.0
31412.0 9852.0
31416.0 9851.0
31417.0 9849.0
31421.0 9847.0
31422.0 9843.0
31426.0 9842.0
31435.0 9838.0
31446.0 9835.0
31449.0 9833.0
31450.0 9831.0
31455.0 9830.0
31456.0 9826.0
31471.0 9824.0
31475.0 9823.0
31478.0 9821.0
31479.0 9819.0
31484.0 9818.0
31485.0 9814.0
31494.0 9813.0
31500.0 9812.0
31506.0 9810.0
31507.0 9808.0
31510.0 9806.0
31514.0 9805.0
31519.0 9804.0
31522.0 9803.0
31523.0 9801.0
31535.0 9798.0
31536.0 9796.0
31539.0 9794.0
31543.0 9792.0
31551.0 9791.0
31552.0 9789.0
31556.0 9787.0
31569.0 9785.0
31570.0 9783.0
31571.0 9782.0
31572.0 9780.0
31583.0 9778.0
31584.0 9776.0
31585.0 9774.0
31597.0 9771.0
31598.0 9769.0
31611.0 9767.0
31612.0 9765.0
31613.0 9764.0
31614.0 9762.0
31625.0 9760.0
31626.0 9759.0
31627.0 9757.0
31640.0 9755.0
31648.0 9754.0
31651.0 9753.0
31654.0 9752.0
31661.0 9751.0
31664.0 9750.0
31666.0 9748.0
31669.0 9747.0
31674.0 9746.0
31677.0 9745.0
31679.0 9744.0
31680.0 9742.0
31687.0 9741.0
31691.0 9740.0
31692.0 9739.0
31693.0 9737.0
31702.0 9736.0
31706.0 9735.0
31707.0 9734.0
31708.0 9732.0
31713.0 9731.0
31717.0 9730.0
31721.0 9729.0
31725.0 9728.0
31726.0 9726.0
31730.0 9725.0
31736.0 9724.0
31740.0 9723.0
31741.0 9721.0
31745.0 9720.0
31764.0 9719.0
31770.0 9718.0
31774.0 9717.0
31775.0 9715.0
31779.0 9714.0
31802.0 9713.0
31808.0 9712.0
31812.0 9711.0
31813.0 9709.0
31817.0 9708.0
31834.0 9707.0
31838.0 9706.0
31839.0 9704.0
31843.0 9703.0
31866.0 9702.0
31868.0 9701.0
31869.0 9699.0
31872.0 9697.0
31873.0 9695.0
31885.0 9694.0
31888.0 9689.0
31900.0 9688.0
31915.0 9686.0
31917.0 9684.0
31923.0 9682.0
31931.0 9680.0
31943.0 9679.0
31947.0 9678.0
31952.0 9677.0
31960.0 9675.0
31966.0 9673.0
31978.0 9672.0
31982.0 9671.0
31989.0 9670.0
31990.0 9669.0
31995.0 9668.0
32006.0 9667.0
32016.0 9665.0
32017.0 9663.0
32021.0 9662.0
32022.0 9660.0
32033.0 9659.0
32047.0 9657.0
32051.0 9656.0
32052.0 9654.0
32054.0 9652.0
32065.0 9651.0
32082.0 9650.0
32083.0 9648.0
32084.0 9646.0
32091.0 9645.0
32102.0 9644.0
32123.0 9642.0
32124.0 9640.0
32125.0 9638.0
32136.0 9637.0
32154.0 9634.0
32155.0 9632.0
32162.0 9631.0
32173.0 9630.0
32186.0 9628.0
32187.0 9626.0
32191.0 9625.0
32202.0 9624.0
32220.0 9621.0
32221.0 9619.0
32228.0 9618.0
32239.0 9617.0
