326.0 1228.0
327.0 1211.0
329.0 1171.0
331.0 1165.0
332.0 1152.0
333.0 1135.0
334.0 1116.0
335.0 1101.0
336.0 1095.0
337.0 1085.0
338.0 1078.0
339.0 1072.0
340.0 1062.0
341.0 1057.0
342.0 1051.0
343.0 1038.0
344.0 1035.0
345.0 1020.0
347.0 1013.0
348.0 1010.0
349.0 995.0
351.0 988.0
353.0 980.0
354.0 978.0
355.0 975.0
356.0 971.0
357.0 966.0
358.0 964.0
359.0 957.0
360.0 955.0
361.0 948.0
362.0 944.0
364.0 935.0
365.0 931.0
366.0 929.0
367.0 922.0
369.0 917.0
370.0 910.0
372.0 903.0
374.0 896.0
375.0 889.0
377.0 886.0
379.0 884.0
380.0 883.0
381.0 879.0
383.0 875.0
386.0 871.0
387.0 866.0
388.0 862.0
389.0 857.0
393.0 856.0
394.0 851.0
399.0 844.0
403.0 840.0
406.0 838.0
409.0 835.0
410.0 834.0
412.0 828.0
414.0 826.0
415.0 824.0
417.0 822.0
418.0 818.0
422.0 814.0
428.0 810.0
