848.0 1005.0
849.0 990.0
850.0 985.0
851.0 971.0
852.0 952.0
853.0 938.0
854.0 926.0
855.0 920.0
856.0 915.0
857.0 902.0
858.0 875.0
859.0 867.0
860.0 859.0
862.0 852.0
864.0 850.0
865.0 846.0
866.0 841.0
867.0 838.0
868.0 836.0
870.0 831.0
871.0 824.0
872.0 818.0
874.0 813.0
875.0 808.0
876.0 803.0
877.0 800.0
881.0 795.0
882.0 790.0
883.0 785.0
884.0 783.0
886.0 774.0
887.0 772.0
889.0 770.0
890.0 767.0
892.0 765.0
893.0 763.0
894.0 760.0
895.0 757.0
897.0 755.0
898.0 751.0
900.0 749.0
901.0 747.0
