533.0 1323.0
534.0 1298.0
535.0 1289.0
536.0 1284.0
537.0 1281.0
538.0 1262.0
539.0 1257.0
540.0 1243.0
541.0 1221.0
543.0 1205.0
546.0 1200.0
547.0 1193.0
548.0 1189.0
549.0 1185.0
550.0 1176.0
551.0 1174.0
554.0 1169.0
555.0 1168.0
556.0 1164.0
557.0 1162.0
558.0 1160.0
559.0 1158.0
560.0 1157.0
561.0 1151.0
562.0 1149.0
564.0 1147.0
565.0 1145.0
567.0 1140.0
568.0 1138.0
569.0 1132.0
572.0 1129.0
573.0 1128.0
574.0 1127.0
575.0 1126.0
576.0 1125.0
577.0 1124.0
578.0 1123.0
579.0 1118.0
580.0 1115.0
583.0 1111.0
588.0 1102.0
591.0 1096.0
597.0 1091.0
599.0 1088.0
601.0 1086.0
603.0 1083.0
607.0 1078.0
613.0 1077.0
615.0 1072.0
617.0 1069.0
621.0 1064.0
632.0 1059.0
633.0 1057.0
637.0 1055.0
