16469.0 1384.0
16472.0 1379.0
16473.0 1354.0
16476.0 1351.0
16480.0 1343.0
16485.0 1340.0
16489.0 1339.0
16490.0 1334.0
16495.0 1331.0
16499.0 1330.0
16504.0 1327.0
16505.0 1323.0
16506.0 1322.0
16508.0 1309.0
16513.0 1306.0
16516.0 1305.0
16518.0 1300.0
16523.0 1297.0
16527.0 1296.0
16531.0 1294.0
16533.0 1289.0
16542.0 1285.0
16544.0 1280.0
16545.0 1271.0
16548.0 1269.0
16555.0 1252.0
16564.0 1249.0
16573.0 1240.0
16575.0 1239.0
16576.0 1237.0
16577.0 1233.0
16581.0 1226.0
16582.0 1223.0
16584.0 1220.0
16593.0 1216.0
16595.0 1213.0
16597.0 1206.0
16607.0 1203.0
16608.0 1201.0
16615.0 1194.0
16616.0 1187.0
16635.0 1177.0
16650.0 1171.0
16660.0 1168.0
16663.0 1164.0
16666.0 1163.0
16669.0 1157.0
16672.0 1153.0
16675.0 1150.0
16683.0 1146.0
16686.0 1145.0
16689.0 1143.0
16697.0 1138.0
16702.0 1136.0
16709.0 1132.0
16715.0 1131.0
16716.0 1129.0
16723.0 1125.0
16727.0 1120.0
16736.0 1118.0
16741.0 1113.0
16750.0 1111.0
16757.0 1110.0
16758.0 1108.0
16761.0 1102.0
16775.0 1095.0
16785.0 1093.0
16792.0 1090.0
16808.0 1083.0
16817.0 1082.0
16823.0 1077.0
16830.0 1074.0
16843.0 1070.0
16846.0 1067.0
16888.0 1064.0
16893.0 1062.0
16897.0 1060.0
16900.0 1059.0
16904.0 1057.0
16913.0 1055.0
16916.0 1052.0
16959.0 1050.0
16961.0 1048.0
16972.0 1046.0
16997.0 1045.0
17000.0 1043.0
17004.0 1041.0
17013.0 1038.0
17036.0 1037.0
17056.0 1036.0
17069.0 1032.0
17092.0 1031.0
17153.0 1029.0
