5368.0 739.0
5369.0 664.0
5382.0 658.0
5387.0 640.0
5400.0 634.0
5408.0 632.0
5411.0 630.0
5421.0 626.0
5424.0 624.0
5430.0 620.0
5437.0 616.0
5442.0 610.0
5446.0 605.0
5455.0 602.0
5459.0 597.0
5482.0 596.0
5488.0 590.0
5491.0 583.0
5493.0 579.0
5497.0 574.0
5512.0 571.0
5516.0 566.0
5539.0 564.0
5546.0 561.0
5564.0 560.0
5569.0 559.0
5577.0 556.0
5595.0 555.0
5600.0 554.0
5610.0 553.0
5619.0 549.0
5647.0 548.0
5651.0 543.0
5661.0 542.0
5689.0 537.0
5693.0 532.0
5725.0 531.0
5738.0 529.0
5742.0 528.0
5747.0 525.0
5751.0 524.0
5753.0 519.0
5787.0 517.0
5806.0 514.0
5835.0 513.0
5837.0 511.0
5851.0 504.0
5889.0 503.0
5920.0 501.0
5952.0 499.0
