29726.0 11766.0
29727.0 11743.0
29730.0 11735.0
29731.0 11725.0
29734.0 11672.0
29735.0 11649.0
29738.0 11641.0
29739.0 11631.0
29741.0 11562.0
29742.0 11555.0
29743.0 11548.0
29744.0 11545.0
29745.0 11516.0
29746.0 11509.0
29747.0 11502.0
29748.0 11497.0
29749.0 11478.0
29751.0 11475.0
29753.0 11460.0
29754.0 11455.0
29758.0 11399.0
29759.0 11394.0
29760.0 11386.0
29764.0 11379.0
29765.0 11374.0
29766.0 11366.0
29772.0 11362.0
29774.0 11356.0
29775.0 11355.0
29776.0 11347.0
29778.0 11331.0
29782.0 11314.0
29788.0 11310.0
29791.0 11305.0
29792.0 11302.0
29797.0 11298.0
29798.0 11292.0
29801.0 11291.0
29802.0 11290.0
29803.0 11284.0
29806.0 11281.0
29808.0 11273.0
29814.0 11261.0
29817.0 11252.0
29824.0 11210.0
29829.0 11174.0
29833.0 11170.0
29837.0 11168.0
29838.0 11163.0
29841.0 11162.0
29844.0 11160.0
29846.0 11157.0
29847.0 11153.0
29849.0 11140.0
29852.0 11137.0
29853.0 11134.0
29854.0 11133.0
29855.0 11132.0
29857.0 11130.0
29858.0 11119.0
29861.0 11116.0
29862.0 11113.0
29866.0 11111.0
29867.0 11110.0
29868.0 11099.0
29871.0 11096.0
29872.0 11095.0
29874.0 11093.0
29877.0 11086.0
29878.0 11081.0
29881.0 11078.0
29884.0 11075.0
29887.0 11068.0
29888.0 11063.0
29891.0 11060.0
29894.0 11059.0
29895.0 11058.0
29896.0 11057.0
29897.0 11053.0
29898.0 11045.0
29901.0 11042.0
29903.0 11040.0
29906.0 11037.0
29907.0 11035.0
29908.0 11034.0
29910.0 11032.0
29913.0 11022.0
29916.0 11019.0
29925.0 11018.0
29926.0 11017.0
29927.0 11016.0
29928.0 11014.0
29929.0 11012.0
29931.0 11005.0
29934.0 11001.0
29935.0 11000.0
29938.0 10997.0
29941.0 10987.0
29946.0 10986.0
29947.0 10984.0
29950.0 10976.0
29955.0 10972.0
29956.0 10970.0
29958.0 10963.0
29963.0 10957.0
29964.0 10955.0
29966.0 10951.0
29967.0 10949.0
29971.0 10944.0
29972.0 10942.0
29975.0 10934.0
29980.0 10930.0
29981.0 10928.0
29983.0 10922.0
29988.0 10915.0
29991.0 10914.0
29994.0 10909.0
29997.0 10908.0
29999.0 10904.0
30002.0 10901.0
30003.0 10898.0
30006.0 10896.0
30007.0 10892.0
30011.0 10888.0
30013.0 10886.0
30014.0 10881.0
30019.0 10877.0
30020.0 10875.0
30023.0 10874.0
30024.0 10873.0
30025.0 10871.0
30026.0 10869.0
30027.0 10865.0
30030.0 10863.0
30031.0 10862.0
30032.0 10861.0
30033.0 10859.0
30034.0 10854.0
30040.0 10848.0
30043.0 10847.0
30047.0 10844.0
30048.0 10843.0
30049.0 10841.0
30050.0 10836.0
30055.0 10834.0
30056.0 10830.0
30058.0 10829.0
30059.0 10827.0
30061.0 10822.0
30065.0 10821.0
30066.0 10820.0
30067.0 10816.0
30072.0 10814.0
30074.0 10809.0
30080.0 10803.0
30083.0 10800.0
30085.0 10797.0
30088.0 10795.0
30090.0 10793.0
30094.0 10789.0
30096.0 10787.0
30097.0 10784.0
30103.0 10780.0
30104.0 10779.0
30108.0 10778.0
30110.0 10771.0
30112.0 10770.0
30116.0 10767.0
30121.0 10765.0
30124.0 10757.0
30128.0 10754.0
30130.0 10753.0
30131.0 10750.0
30137.0 10749.0
30141.0 10745.0
30144.0 10737.0
30150.0 10736.0
30155.0 10731.0
30158.0 10723.0
30160.0 10722.0
30161.0 10720.0
30170.0 10718.0
30172.0 10717.0
30176.0 10708.0
30177.0 10703.0
30180.0 10695.0
30191.0 10691.0
30194.0 10681.0
30200.0 10669.0
30214.0 10668.0
30217.0 10660.0
30222.0 10658.0
30230.0 10655.0
30231.0 10646.0
30236.0 10644.0
30249.0 10641.0
30251.0 10640.0
30253.0 10639.0
30254.0 10638.0
30262.0 10630.0
30270.0 10618.0
30283.0 10612.0
30284.0 10604.0
30301.0 10599.0
30304.0 10594.0
30319.0 10591.0
30325.0 10590.0
30326.0 10589.0
30329.0 10580.0
30330.0 10578.0
30338.0 10568.0
30342.0 10565.0
30351.0 10563.0
30352.0 10562.0
30354.0 10558.0
30364.0 10555.0
30365.0 10552.0
30367.0 10551.0
30372.0 10549.0
30373.0 10546.0
30376.0 10541.0
30385.0 10539.0
30386.0 10538.0
30387.0 10534.0
30389.0 10530.0
30393.0 10522.0
30402.0 10520.0
30403.0 10519.0
30405.0 10515.0
30414.0 10512.0
30416.0 10510.0
30418.0 10506.0
30419.0 10504.0
30423.0 10498.0
30425.0 10495.0
30427.0 10493.0
30428.0 10486.0
30432.0 10480.0
30438.0 10473.0
30442.0 10467.0
30447.0 10466.0
30449.0 10465.0
30451.0 10459.0
30455.0 10453.0
30460.0 10452.0
30461.0 10446.0
30465.0 10440.0
30469.0 10438.0
30475.0 10433.0
30476.0 10432.0
30479.0 10431.0
30480.0 10426.0
30483.0 10425.0
30484.0 10424.0
30488.0 10422.0
30489.0 10418.0
30493.0 10412.0
30497.0 10410.0
30503.0 10405.0
30504.0 10404.0
30507.0 10403.0
30508.0 10398.0
30512.0 10396.0
30515.0 10394.0
30519.0 10392.0
30523.0 10386.0
30529.0 10385.0
30530.0 10380.0
30534.0 10378.0
30538.0 10376.0
30541.0 10374.0
30544.0 10371.0
30545.0 10368.0
30550.0 10367.0
30552.0 10366.0
30554.0 10365.0
30555.0 10363.0
30558.0 10361.0
30559.0 10360.0
30560.0 10358.0
30566.0 10353.0
30568.0 10351.0
30572.0 10345.0
30578.0 10343.0
30582.0 10337.0
30586.0 10333.0
30594.0 10327.0
30600.0 10325.0
30604.0 10319.0
30608.0 10315.0
30615.0 10313.0
30622.0 10312.0
30625.0 10311.0
30627.0 10307.0
30630.0 10303.0
30633.0 10301.0
30634.0 10299.0
30640.0 10298.0
30641.0 10297.0
30643.0 10295.0
30644.0 10294.0
30647.0 10293.0
30649.0 10289.0
30652.0 10287.0
30653.0 10285.0
30656.0 10283.0
30661.0 10282.0
30662.0 10280.0
30665.0 10277.0
30669.0 10274.0
30672.0 10273.0
30675.0 10272.0
30678.0 10270.0
30680.0 10266.0
30682.0 10265.0
30684.0 10262.0
30687.0 10260.0
30691.0 10256.0
30698.0 10251.0
30701.0 10249.0
30702.0 10246.0
30705.0 10245.0
30706.0 10242.0
30714.0 10241.0
30718.0 10238.0
30720.0 10233.0
30723.0 10231.0
30724.0 10228.0
30727.0 10227.0
30728.0 10224.0
30735.0 10222.0
30740.0 10220.0
30744.0 10217.0
30749.0 10215.0
30752.0 10213.0
30753.0 10210.0
30759.0 10207.0
30762.0 10206.0
30763.0 10203.0
30769.0 10201.0
30772.0 10200.0
30773.0 10197.0
30780.0 10195.0
30784.0 10194.0
30787.0 10192.0
30788.0 10189.0
30794.0 10188.0
30795.0 10187.0
30797.0 10186.0
30798.0 10183.0
30805.0 10181.0
30813.0 10180.0
30815.0 10178.0
30817.0 10177.0
30818.0 10175.0
30820.0 10174.0
30822.0 10172.0
30825.0 10169.0
30827.0 10168.0
30828.0 10167.0
30830.0 10166.0
30831.0 10165.0
30834.0 10162.0
30835.0 10161.0
30837.0 10160.0
30838.0 10159.0
30846.0 10158.0
30848.0 10155.0
30850.0 10153.0
30853.0 10151.0
30854.0 10145.0
30857.0 10143.0
30861.0 10139.0
30864.0 10137.0
30868.0 10135.0
30871.0 10133.0
30877.0 10131.0
30879.0 10130.0
30881.0 10129.0
30882.0 10128.0
30883.0 10122.0
30886.0 10120.0
30888.0 10118.0
30890.0 10116.0
30893.0 10114.0
30895.0 10112.0
30898.0 10110.0
30906.0 10108.0
30908.0 10103.0
30911.0 10101.0
30915.0 10097.0
30918.0 10095.0
30926.0 10094.0
30927.0 10088.0
30928.0 10086.0
30931.0 10084.0
30934.0 10082.0
30935.0 10080.0
30938.0 10078.0
30946.0 10077.0
30948.0 10076.0
30950.0 10074.0
30951.0 10072.0
30955.0 10070.0
30957.0 10068.0
30958.0 10066.0
30966.0 10065.0
30968.0 10064.0
30971.0 10062.0
30972.0 10060.0
30975.0 10058.0
30978.0 10056.0
30979.0 10054.0
30983.0 10053.0
30985.0 10052.0
30986.0 10051.0
30988.0 10049.0
30991.0 10047.0
30998.0 10045.0
31000.0 10039.0
31003.0 10037.0
31007.0 10036.0
31010.0 10034.0
31017.0 10033.0
31020.0 10031.0
31021.0 10027.0
31024.0 10025.0
31039.0 10024.0
31041.0 10019.0
31046.0 10017.0
31053.0 10013.0
31065.0 10011.0
31066.0 10010.0
31067.0 10005.0
31068.0 10004.0
31075.0 10001.0
31082.0 10000.0
31084.0 9998.0
31089.0 9992.0
31097.0 9990.0
31105.0 9986.0
31113.0 9982.0
31117.0 9980.0
31118.0 9978.0
31126.0 9974.0
31137.0 9973.0
31138.0 9972.0
31139.0 9970.0
31141.0 9966.0
31145.0 9963.0
31151.0 9961.0
31154.0 9960.0
31156.0 9954.0
31160.0 9951.0
31166.0 9949.0
31174.0 9946.0
31180.0 9944.0
31183.0 9942.0
31188.0 9941.0
31191.0 9939.0
31195.0 9938.0
31200.0 9937.0
31201.0 9935.0
31203.0 9932.0
31208.0 9931.0
31210.0 9925.0
31224.0 9923.0
31230.0 9920.0
31239.0 9918.0
31241.0 9913.0
31254.0 9910.0
31259.0 9909.0
31268.0 9908.0
31273.0 9907.0
31281.0 9905.0
31283.0 9903.0
31288.0 9900.0
31293.0 9899.0
31298.0 9896.0
31303.0 9895.0
31306.0 9894.0
31311.0 9893.0
31313.0 9892.0
31316.0 9889.0
31318.0 9886.0
31323.0 9885.0
31327.0 9882.0
31332.0 9878.0
31337.0 9877.0
31353.0 9874.0
31356.0 9873.0
31361.0 9872.0
31372.0 9870.0
31377.0 9869.0
31382.0 9868.0
31384.0 9866.0
31389.0 9865.0
31401.0 9864.0
31406.0 9862.0
31408.0 9861.0
31413.0 9860.0
31428.0 9859.0
31430.0 9857.0
31435.0 9856.0
31440.0 9855.0
31450.0 9854.0
31457.0 9852.0
31462.0 9851.0
31463.0 9848.0
31471.0 9847.0
31476.0 9844.0
31487.0 9843.0
31495.0 9842.0
31497.0 9840.0
31500.0 9839.0
31506.0 9838.0
31512.0 9835.0
31513.0 9832.0
31525.0 9831.0
31534.0 9828.0
31537.0 9827.0
31549.0 9826.0
31555.0 9824.0
31558.0 9823.0
31562.0 9819.0
31581.0 9818.0
31583.0 9815.0
31586.0 9814.0
31597.0 9813.0
31603.0 9809.0
31609.0 9808.0
31615.0 9805.0
31616.0 9801.0
31622.0 9800.0
31632.0 9799.0
31633.0 9796.0
31634.0 9793.0
31636.0 9792.0
31641.0 9790.0
31651.0 9788.0
31654.0 9784.0
31659.0 9782.0
31672.0 9776.0
31678.0 9775.0
31689.0 9774.0
31691.0 9768.0
31699.0 9766.0
31705.0 9765.0
31714.0 9761.0
31717.0 9758.0
31723.0 9757.0
31733.0 9753.0
31736.0 9750.0
31755.0 9749.0
31759.0 9748.0
31764.0 9744.0
31780.0 9741.0
31799.0 9740.0
31813.0 9738.0
31819.0 9737.0
31822.0 9734.0
31832.0 9733.0
31838.0 9732.0
31840.0 9730.0
31846.0 9729.0
31847.0 9726.0
31851.0 9725.0
31863.0 9723.0
31864.0 9722.0
31870.0 9721.0
31880.0 9719.0
31887.0 9718.0
31890.0 9717.0
31894.0 9714.0
31911.0 9710.0
31932.0 9708.0
31953.0 9707.0
31964.0 9706.0
31974.0 9705.0
31978.0 9702.0
31993.0 9700.0
32008.0 9697.0
32029.0 9695.0
32061.0 9693.0
32217.0 9691.0
32221.0 9690.0
32226.0 9689.0
32239.0 9688.0
32241.0 9684.0
32245.0 9683.0
32250.0 9682.0
32263.0 9681.0
32267.0 9680.0
32269.0 9679.0
32273.0 9678.0
32278.0 9677.0
32286.0 9676.0
32290.0 9675.0
32297.0 9674.0
32298.0 9672.0
32302.0 9671.0
32311.0 9669.0
32315.0 9668.0
32333.0 9664.0
32335.0 9662.0
32339.0 9661.0
32357.0 9660.0
32361.0 9659.0
32369.0 9658.0
32373.0 9657.0
32382.0 9653.0
32386.0 9652.0
32406.0 9651.0
32410.0 9650.0
32413.0 9649.0
32418.0 9648.0
32425.0 9647.0
32432.0 9646.0
32435.0 9643.0
32437.0 9642.0
32442.0 9641.0
32454.0 9640.0
32459.0 9636.0
32464.0 9635.0
32482.0 9634.0
32484.0 9633.0
32489.0 9632.0
32499.0 9631.0
32504.0 9630.0
32506.0 9627.0
32511.0 9626.0
32523.0 9624.0
32528.0 9623.0
32535.0 9622.0
32540.0 9621.0
32559.0 9620.0
32564.0 9619.0
32598.0 9618.0
32603.0 9617.0
32635.0 9615.0
32659.0 9613.0
