845.0 1042.0
846.0 1029.0
847.0 1017.0
848.0 979.0
849.0 969.0
850.0 961.0
851.0 953.0
852.0 943.0
853.0 935.0
854.0 929.0
855.0 920.0
856.0 910.0
857.0 906.0
858.0 896.0
859.0 880.0
860.0 867.0
861.0 856.0
862.0 850.0
863.0 844.0
864.0 838.0
865.0 832.0
866.0 829.0
867.0 825.0
868.0 819.0
869.0 815.0
870.0 813.0
871.0 807.0
873.0 804.0
874.0 803.0
875.0 798.0
876.0 796.0
877.0 792.0
878.0 788.0
879.0 784.0
880.0 780.0
882.0 777.0
884.0 773.0
887.0 767.0
888.0 766.0
889.0 761.0
890.0 760.0
891.0 758.0
892.0 757.0
894.0 755.0
896.0 752.0
