441.0 1107.0
443.0 1096.0
444.0 1084.0
445.0 1079.0
446.0 1073.0
447.0 1068.0
448.0 1062.0
449.0 1053.0
450.0 1048.0
451.0 1044.0
452.0 1040.0
453.0 1033.0
455.0 1026.0
457.0 1021.0
459.0 1014.0
460.0 1013.0
461.0 1011.0
462.0 1009.0
463.0 1004.0
465.0 1000.0
466.0 999.0
467.0 995.0
469.0 992.0
470.0 990.0
472.0 986.0
474.0 981.0
476.0 980.0
477.0 976.0
478.0 972.0
479.0 968.0
480.0 967.0
481.0 965.0
482.0 960.0
483.0 954.0
484.0 949.0
485.0 947.0
486.0 941.0
487.0 936.0
489.0 930.0
491.0 921.0
492.0 919.0
493.0 917.0
495.0 914.0
496.0 913.0
497.0 904.0
498.0 902.0
499.0 901.0
500.0 899.0
501.0 885.0
503.0 882.0
505.0 877.0
506.0 874.0
508.0 871.0
510.0 866.0
512.0 863.0
514.0 862.0
515.0 857.0
517.0 854.0
519.0 853.0
521.0 847.0
525.0 844.0
528.0 842.0
530.0 839.0
