523.0 1373.0
524.0 1361.0
525.0 1350.0
526.0 1341.0
527.0 1336.0
528.0 1328.0
529.0 1315.0
530.0 1304.0
531.0 1295.0
532.0 1293.0
533.0 1291.0
534.0 1278.0
535.0 1267.0
536.0 1258.0
538.0 1252.0
539.0 1245.0
540.0 1244.0
542.0 1235.0
543.0 1224.0
545.0 1220.0
546.0 1216.0
547.0 1206.0
549.0 1200.0
550.0 1192.0
551.0 1187.0
553.0 1184.0
554.0 1176.0
555.0 1172.0
556.0 1171.0
557.0 1167.0
558.0 1166.0
559.0 1163.0
560.0 1162.0
561.0 1160.0
562.0 1157.0
563.0 1156.0
564.0 1152.0
565.0 1151.0
566.0 1148.0
567.0 1147.0
569.0 1143.0
570.0 1142.0
571.0 1141.0
572.0 1140.0
573.0 1137.0
574.0 1133.0
575.0 1132.0
577.0 1128.0
579.0 1126.0
581.0 1122.0
583.0 1119.0
584.0 1117.0
586.0 1113.0
587.0 1111.0
589.0 1107.0
590.0 1106.0
591.0 1104.0
592.0 1100.0
593.0 1099.0
594.0 1097.0
595.0 1091.0
597.0 1086.0
600.0 1084.0
602.0 1082.0
604.0 1077.0
606.0 1075.0
608.0 1073.0
609.0 1069.0
613.0 1068.0
615.0 1067.0
617.0 1064.0
620.0 1062.0
624.0 1061.0
625.0 1060.0
629.0 1059.0
