7942.0 1274.0
7947.0 1270.0
7954.0 1250.0
7957.0 1246.0
7962.0 1242.0
7969.0 1239.0
7972.0 1234.0
7977.0 1230.0
7978.0 1222.0
7981.0 1218.0
7985.0 1215.0
7986.0 1214.0
7988.0 1211.0
7991.0 1194.0
7997.0 1193.0
7999.0 1190.0
8002.0 1170.0
8011.0 1168.0
8013.0 1167.0
8015.0 1161.0
8016.0 1147.0
8029.0 1138.0
8033.0 1136.0
8038.0 1133.0
8043.0 1131.0
8046.0 1127.0
8052.0 1122.0
8057.0 1121.0
8059.0 1120.0
8060.0 1119.0
8064.0 1113.0
8066.0 1099.0
8082.0 1097.0
8085.0 1093.0
8093.0 1092.0
8099.0 1085.0
8101.0 1083.0
8107.0 1079.0
8109.0 1077.0
8112.0 1075.0
8115.0 1074.0
8117.0 1073.0
8118.0 1069.0
8120.0 1067.0
8123.0 1064.0
8128.0 1063.0
8129.0 1061.0
8131.0 1059.0
8134.0 1054.0
8140.0 1051.0
8142.0 1049.0
8147.0 1048.0
8150.0 1045.0
8152.0 1044.0
8154.0 1043.0
8158.0 1038.0
8166.0 1036.0
8169.0 1033.0
8170.0 1030.0
8177.0 1028.0
8180.0 1023.0
8181.0 1022.0
8186.0 1021.0
8188.0 1018.0
8191.0 1015.0
8192.0 1012.0
8202.0 1005.0
8208.0 1003.0
8213.0 1001.0
8219.0 999.0
8236.0 998.0
8242.0 996.0
8248.0 994.0
8258.0 993.0
8260.0 990.0
8264.0 988.0
8266.0 986.0
8271.0 984.0
8277.0 982.0
8281.0 981.0
8283.0 978.0
8288.0 977.0
8292.0 975.0
8293.0 974.0
8294.0 972.0
8299.0 971.0
8304.0 968.0
8310.0 967.0
8311.0 965.0
8316.0 962.0
8321.0 961.0
8322.0 959.0
8327.0 956.0
8332.0 954.0
8337.0 951.0
8342.0 950.0
8343.0 948.0
8348.0 945.0
8361.0 943.0
8366.0 941.0
8372.0 940.0
8377.0 937.0
8423.0 933.0
8467.0 931.0
8476.0 929.0
8479.0 928.0
8496.0 923.0
8507.0 922.0
8513.0 920.0
8524.0 918.0
8535.0 916.0
8545.0 915.0
8549.0 914.0
8554.0 912.0
8557.0 911.0
8560.0 909.0
8567.0 907.0
8574.0 906.0
8575.0 903.0
8583.0 901.0
8587.0 900.0
8590.0 896.0
8606.0 892.0
8614.0 891.0
8629.0 890.0
8630.0 887.0
8638.0 885.0
8659.0 882.0
8662.0 880.0
8684.0 878.0
