15280.0 4356.0
15281.0 4334.0
15286.0 4313.0
15288.0 4311.0
15291.0 4309.0
15292.0 4299.0
15293.0 4264.0
15294.0 4243.0
15297.0 4226.0
15301.0 4223.0
15302.0 4221.0
15303.0 4220.0
15305.0 4209.0
15308.0 4072.0
15309.0 4066.0
15310.0 4064.0
15311.0 4058.0
15314.0 4054.0
15315.0 4039.0
15320.0 4032.0
15321.0 3933.0
15322.0 3925.0
15324.0 3923.0
15325.0 3901.0
15326.0 3893.0
15328.0 3891.0
15329.0 3884.0
15330.0 3867.0
15332.0 3856.0
15334.0 3851.0
15335.0 3847.0
15337.0 3842.0
15338.0 3840.0
15340.0 3835.0
15341.0 3831.0
15343.0 3826.0
15345.0 3822.0
15346.0 3818.0
15347.0 3817.0
15349.0 3809.0
15351.0 3808.0
15352.0 3804.0
15353.0 3803.0
15355.0 3795.0
15358.0 3790.0
15361.0 3786.0
15364.0 3781.0
15365.0 3778.0
15367.0 3772.0
15370.0 3767.0
15373.0 3766.0
15376.0 3761.0
15378.0 3760.0
15381.0 3755.0
15382.0 3752.0
15384.0 3746.0
15387.0 3743.0
15390.0 3740.0
15391.0 3739.0
15393.0 3737.0
15394.0 3730.0
15400.0 3719.0
15406.0 3713.0
15410.0 3705.0
15416.0 3699.0
15420.0 3693.0
15426.0 3687.0
15431.0 3683.0
15432.0 3681.0
15436.0 3680.0
15437.0 3677.0
15438.0 3675.0
15441.0 3674.0
15445.0 3671.0
15446.0 3669.0
15447.0 3667.0
15451.0 3660.0
15456.0 3658.0
15458.0 3657.0
15459.0 3649.0
15461.0 3648.0
15465.0 3638.0
15469.0 3636.0
15471.0 3634.0
15472.0 3633.0
15474.0 3632.0
15475.0 3624.0
15481.0 3622.0
15485.0 3612.0
15492.0 3609.0
15495.0 3608.0
15496.0 3602.0
15497.0 3600.0
15501.0 3599.0
15503.0 3598.0
15505.0 3594.0
15511.0 3592.0
15512.0 3586.0
15515.0 3582.0
15522.0 3579.0
15526.0 3572.0
15527.0 3570.0
15531.0 3569.0
15533.0 3568.0
15540.0 3565.0
15542.0 3556.0
15549.0 3551.0
15554.0 3547.0
15556.0 3546.0
15559.0 3544.0
15560.0 3542.0
15562.0 3538.0
15567.0 3537.0
15569.0 3533.0
15572.0 3531.0
15575.0 3528.0
15577.0 3524.0
15580.0 3517.0
15583.0 3512.0
15588.0 3508.0
15590.0 3504.0
15595.0 3503.0
15597.0 3477.0
15612.0 3472.0
15614.0 3451.0
15630.0 3449.0
15634.0 3444.0
15636.0 3434.0
15649.0 3433.0
15653.0 3432.0
15660.0 3430.0
15663.0 3428.0
15666.0 3424.0
15670.0 3423.0
15671.0 3422.0
15675.0 3417.0
15679.0 3414.0
15685.0 3408.0
15691.0 3404.0
15702.0 3403.0
15703.0 3398.0
15704.0 3396.0
15711.0 3390.0
15717.0 3389.0
15719.0 3386.0
15723.0 3380.0
15727.0 3379.0
15733.0 3370.0
15743.0 3369.0
15745.0 3368.0
15753.0 3364.0
15755.0 3363.0
15756.0 3362.0
15761.0 3360.0
15762.0 3358.0
15765.0 3354.0
15767.0 3353.0
15771.0 3352.0
15775.0 3344.0
15777.0 3343.0
15787.0 3339.0
15803.0 3336.0
15805.0 3335.0
15812.0 3334.0
15814.0 3333.0
15815.0 3331.0
15824.0 3329.0
15842.0 3327.0
15844.0 3326.0
15851.0 3325.0
15853.0 3324.0
15854.0 3322.0
15863.0 3320.0
15894.0 3319.0
15895.0 3318.0
15897.0 3316.0
15906.0 3314.0
15921.0 3308.0
15940.0 3304.0
15946.0 3303.0
15948.0 3302.0
15950.0 3300.0
15952.0 3299.0
15954.0 3294.0
15959.0 3293.0
15961.0 3291.0
15962.0 3288.0
15967.0 3283.0
15971.0 3281.0
15975.0 3277.0
15979.0 3275.0
15983.0 3272.0
15984.0 3270.0
15991.0 3266.0
15992.0 3264.0
16005.0 3261.0
16024.0 3260.0
16025.0 3258.0
16029.0 3257.0
16030.0 3255.0
16032.0 3254.0
16040.0 3253.0
16043.0 3252.0
16045.0 3251.0
16051.0 3249.0
16054.0 3248.0
16067.0 3245.0
16078.0 3243.0
16081.0 3242.0
16086.0 3241.0
16088.0 3239.0
16092.0 3238.0
16098.0 3237.0
16105.0 3235.0
16110.0 3234.0
16112.0 3232.0
16126.0 3231.0
16128.0 3229.0
16132.0 3228.0
16138.0 3227.0
16142.0 3226.0
16145.0 3225.0
16150.0 3224.0
16152.0 3222.0
16168.0 3221.0
16179.0 3220.0
16180.0 3218.0
16181.0 3217.0
16182.0 3216.0
16187.0 3215.0
16192.0 3212.0
16204.0 3211.0
16209.0 3208.0
16217.0 3207.0
16226.0 3205.0
16234.0 3204.0
16244.0 3203.0
16246.0 3199.0
16247.0 3198.0
16263.0 3195.0
16264.0 3194.0
16272.0 3193.0
16283.0 3191.0
16291.0 3190.0
16294.0 3185.0
16311.0 3181.0
16319.0 3180.0
16341.0 3179.0
16349.0 3174.0
16378.0 3173.0
16385.0 3172.0
16387.0 3171.0
16398.0 3170.0
16406.0 3169.0
16417.0 3168.0
16428.0 3166.0
16434.0 3164.0
16442.0 3163.0
16463.0 3162.0
16464.0 3160.0
16472.0 3159.0
16494.0 3158.0
16502.0 3157.0
16510.0 3156.0
16558.0 3155.0
16560.0 3154.0
