19381.0 6138.0
19382.0 6135.0
19385.0 6132.0
19386.0 6129.0
19388.0 6124.0
19389.0 6121.0
19391.0 6105.0
19392.0 6102.0
19393.0 6054.0
19396.0 6024.0
19398.0 5992.0
19399.0 5941.0
19402.0 5933.0
19404.0 5918.0
19406.0 5907.0
19409.0 5899.0
19411.0 5884.0
19413.0 5828.0
19416.0 5820.0
19417.0 5803.0
19420.0 5795.0
19422.0 5780.0
19430.0 5771.0
19431.0 5770.0
19434.0 5764.0
19435.0 5762.0
19437.0 5747.0
19441.0 5740.0
19445.0 5739.0
19446.0 5738.0
19449.0 5732.0
19450.0 5731.0
19453.0 5721.0
19457.0 5714.0
19459.0 5707.0
19461.0 5697.0
19463.0 5696.0
19465.0 5686.0
19467.0 5679.0
19469.0 5678.0
19471.0 5668.0
19479.0 5660.0
19484.0 5655.0
19486.0 5654.0
19488.0 5644.0
19489.0 5643.0
19491.0 5641.0
19492.0 5639.0
19494.0 5633.0
19496.0 5620.0
19498.0 5618.0
19501.0 5610.0
19504.0 5604.0
19506.0 5602.0
19508.0 5599.0
19509.0 5594.0
19512.0 5592.0
19513.0 5589.0
19516.0 5582.0
19518.0 5581.0
19520.0 5578.0
19521.0 5573.0
19524.0 5563.0
19528.0 5561.0
19530.0 5555.0
19536.0 5545.0
19540.0 5535.0
19546.0 5534.0
19549.0 5529.0
19551.0 5527.0
19554.0 5517.0
19558.0 5515.0
19560.0 5509.0
19566.0 5499.0
19570.0 5489.0
19576.0 5488.0
19579.0 5483.0
19584.0 5481.0
19585.0 5475.0
19590.0 5473.0
19593.0 5468.0
19595.0 5465.0
19598.0 5464.0
19599.0 5461.0
19602.0 5456.0
19604.0 5455.0
19606.0 5446.0
19613.0 5442.0
19616.0 5441.0
19618.0 5436.0
19620.0 5432.0
19625.0 5429.0
19627.0 5424.0
19628.0 5415.0
19633.0 5410.0
19639.0 5402.0
19641.0 5393.0
19645.0 5391.0
19646.0 5388.0
19651.0 5383.0
19652.0 5380.0
19657.0 5375.0
19661.0 5372.0
19662.0 5368.0
19665.0 5363.0
19668.0 5360.0
19673.0 5359.0
19674.0 5352.0
19680.0 5344.0
19686.0 5338.0
19691.0 5336.0
19692.0 5330.0
19694.0 5328.0
19698.0 5322.0
19700.0 5320.0
19704.0 5314.0
19711.0 5310.0
19714.0 5309.0
19716.0 5307.0
19717.0 5304.0
19718.0 5298.0
19724.0 5290.0
19731.0 5289.0
19733.0 5287.0
19735.0 5286.0
19737.0 5284.0
19739.0 5283.0
19740.0 5277.0
19744.0 5269.0
19749.0 5268.0
19750.0 5266.0
19751.0 5265.0
19752.0 5264.0
19755.0 5261.0
19756.0 5258.0
19761.0 5257.0
19762.0 5247.0
19764.0 5245.0
19768.0 5239.0
19774.0 5236.0
19776.0 5234.0
19780.0 5228.0
19788.0 5227.0
19789.0 5225.0
19793.0 5224.0
19795.0 5220.0
19801.0 5219.0
19803.0 5213.0
19807.0 5211.0
19813.0 5208.0
19815.0 5206.0
19819.0 5200.0
19825.0 5197.0
19829.0 5193.0
19834.0 5192.0
19836.0 5191.0
19837.0 5186.0
19841.0 5182.0
19843.0 5177.0
19850.0 5175.0
19851.0 5174.0
19853.0 5172.0
19855.0 5166.0
19863.0 5163.0
19870.0 5162.0
19873.0 5158.0
19878.0 5155.0
19880.0 5154.0
19882.0 5149.0
19889.0 5147.0
19890.0 5146.0
19892.0 5144.0
19894.0 5138.0
19902.0 5135.0
19909.0 5134.0
19913.0 5131.0
19919.0 5129.0
19921.0 5123.0
19929.0 5120.0
19933.0 5118.0
19942.0 5116.0
19943.0 5113.0
19945.0 5112.0
19947.0 5111.0
19949.0 5108.0
19952.0 5107.0
19953.0 5106.0
19955.0 5102.0
19957.0 5100.0
19962.0 5099.0
19965.0 5097.0
19967.0 5094.0
19969.0 5091.0
19972.0 5089.0
19975.0 5087.0
19979.0 5081.0
19987.0 5079.0
19988.0 5078.0
19989.0 5076.0
19991.0 5073.0
19995.0 5071.0
19997.0 5070.0
19999.0 5069.0
20001.0 5067.0
20003.0 5063.0
20011.0 5061.0
20012.0 5060.0
20013.0 5058.0
20015.0 5055.0
20019.0 5053.0
20024.0 5052.0
20025.0 5050.0
20029.0 5048.0
20035.0 5046.0
20039.0 5040.0
20043.0 5038.0
20048.0 5037.0
20049.0 5035.0
20053.0 5033.0
20058.0 5032.0
20062.0 5031.0
20064.0 5028.0
20068.0 5027.0
20073.0 5025.0
20074.0 5023.0
20078.0 5019.0
20082.0 5017.0
20089.0 5014.0
20092.0 5012.0
20094.0 5011.0
20098.0 5009.0
20103.0 5007.0
20104.0 5006.0
20108.0 5004.0
20111.0 5003.0
20115.0 5001.0
20119.0 4998.0
20123.0 4995.0
20129.0 4993.0
20133.0 4991.0
20136.0 4990.0
20140.0 4988.0
20145.0 4987.0
20146.0 4985.0
20150.0 4983.0
20157.0 4982.0
20161.0 4980.0
20162.0 4979.0
20164.0 4978.0
20165.0 4977.0
20169.0 4975.0
20174.0 4973.0
20175.0 4972.0
20179.0 4970.0
20182.0 4969.0
20186.0 4967.0
20191.0 4966.0
20192.0 4964.0
20196.0 4962.0
20203.0 4961.0
20207.0 4959.0
20208.0 4958.0
20210.0 4957.0
20212.0 4956.0
20216.0 4954.0
20220.0 4952.0
20228.0 4950.0
20231.0 4949.0
20233.0 4948.0
20237.0 4946.0
20240.0 4944.0
20247.0 4943.0
20249.0 4942.0
20252.0 4941.0
20255.0 4940.0
20261.0 4936.0
20268.0 4935.0
20274.0 4934.0
20276.0 4932.0
20279.0 4929.0
20286.0 4928.0
20293.0 4922.0
20300.0 4921.0
20308.0 4920.0
20314.0 4914.0
20325.0 4913.0
20329.0 4912.0
20333.0 4907.0
20339.0 4906.0
20348.0 4905.0
20350.0 4903.0
20354.0 4899.0
20365.0 4898.0
20369.0 4897.0
20371.0 4895.0
20373.0 4894.0
20376.0 4889.0
20386.0 4888.0
20389.0 4887.0
20394.0 4886.0
20397.0 4881.0
20401.0 4878.0
20418.0 4876.0
20419.0 4874.0
20422.0 4870.0
20439.0 4868.0
20440.0 4866.0
20449.0 4864.0
20470.0 4861.0
20471.0 4859.0
20488.0 4856.0
20501.0 4855.0
20505.0 4850.0
20514.0 4849.0
20522.0 4843.0
20527.0 4839.0
20532.0 4838.0
20538.0 4837.0
20544.0 4832.0
20552.0 4826.0
20557.0 4822.0
20562.0 4821.0
20568.0 4820.0
20576.0 4818.0
20585.0 4815.0
20601.0 4814.0
20604.0 4813.0
20605.0 4812.0
20606.0 4809.0
20613.0 4807.0
20614.0 4804.0
20629.0 4803.0
20638.0 4802.0
20639.0 4800.0
20650.0 4798.0
20658.0 4792.0
20682.0 4791.0
20683.0 4788.0
20690.0 4785.0
20705.0 4781.0
20707.0 4779.0
20725.0 4777.0
20727.0 4776.0
20733.0 4775.0
20734.0 4769.0
20754.0 4766.0
20763.0 4765.0
20764.0 4764.0
20767.0 4762.0
20786.0 4761.0
20787.0 4759.0
20789.0 4758.0
20791.0 4754.0
20799.0 4752.0
20808.0 4751.0
20818.0 4750.0
20822.0 4746.0
20827.0 4743.0
20835.0 4741.0
20854.0 4739.0
20857.0 4738.0
20858.0 4735.0
20862.0 4734.0
20871.0 4730.0
20888.0 4728.0
20897.0 4724.0
20914.0 4722.0
20938.0 4720.0
20947.0 4716.0
20954.0 4712.0
20963.0 4708.0
20980.0 4706.0
21004.0 4704.0
21013.0 4700.0
21033.0 4697.0
21042.0 4693.0
21069.0 4691.0
21193.0 4690.0
21197.0 4688.0
21212.0 4687.0
21242.0 4686.0
21257.0 4685.0
21259.0 4684.0
21274.0 4683.0
21278.0 4681.0
21293.0 4680.0
21429.0 4678.0
21444.0 4677.0
