712.0 1132.0
713.0 1125.0
714.0 1112.0
715.0 1109.0
716.0 1096.0
717.0 1075.0
719.0 1067.0
720.0 1061.0
721.0 1047.0
723.0 1039.0
724.0 1034.0
725.0 1027.0
727.0 1019.0
728.0 1010.0
729.0 982.0
730.0 967.0
732.0 961.0
733.0 946.0
735.0 939.0
736.0 933.0
737.0 918.0
738.0 915.0
739.0 902.0
740.0 899.0
741.0 886.0
742.0 885.0
743.0 879.0
744.0 873.0
746.0 864.0
747.0 859.0
748.0 857.0
749.0 852.0
750.0 850.0
751.0 849.0
752.0 837.0
753.0 834.0
754.0 830.0
755.0 827.0
756.0 823.0
758.0 814.0
759.0 811.0
760.0 807.0
761.0 804.0
762.0 800.0
764.0 793.0
767.0 791.0
770.0 785.0
773.0 782.0
776.0 780.0
780.0 776.0
