445.0 1112.0
446.0 1090.0
447.0 1085.0
448.0 1073.0
449.0 1059.0
450.0 1053.0
451.0 1039.0
452.0 1038.0
453.0 1025.0
454.0 1024.0
455.0 1012.0
456.0 1004.0
457.0 998.0
458.0 990.0
460.0 987.0
461.0 985.0
462.0 977.0
463.0 969.0
464.0 961.0
466.0 957.0
468.0 953.0
469.0 950.0
471.0 946.0
473.0 942.0
475.0 939.0
476.0 934.0
478.0 933.0
479.0 929.0
480.0 928.0
481.0 924.0
483.0 918.0
485.0 917.0
486.0 914.0
488.0 908.0
490.0 907.0
492.0 905.0
494.0 900.0
496.0 899.0
497.0 896.0
499.0 894.0
501.0 889.0
503.0 886.0
505.0 885.0
508.0 880.0
513.0 877.0
514.0 873.0
518.0 869.0
532.0 867.0
534.0 866.0
536.0 863.0
570.0 862.0
