16474.0 1402.0
16477.0 1386.0
16481.0 1321.0
16483.0 1313.0
16485.0 1309.0
16487.0 1307.0
16488.0 1298.0
16489.0 1290.0
16491.0 1282.0
16496.0 1267.0
16502.0 1261.0
16503.0 1260.0
16513.0 1257.0
16519.0 1251.0
16520.0 1250.0
16526.0 1241.0
16535.0 1239.0
16543.0 1231.0
16552.0 1229.0
16560.0 1221.0
16569.0 1219.0
16577.0 1211.0
16586.0 1209.0
16592.0 1204.0
16600.0 1202.0
16602.0 1199.0
16608.0 1196.0
16613.0 1192.0
16615.0 1187.0
16625.0 1182.0
16634.0 1176.0
16649.0 1173.0
16659.0 1169.0
16668.0 1163.0
16683.0 1160.0
16687.0 1157.0
16691.0 1147.0
16702.0 1140.0
16706.0 1135.0
16711.0 1128.0
16722.0 1121.0
16725.0 1119.0
16728.0 1117.0
16733.0 1113.0
16736.0 1112.0
16737.0 1099.0
16748.0 1092.0
16765.0 1089.0
16776.0 1082.0
16792.0 1080.0
16797.0 1079.0
16803.0 1074.0
16808.0 1072.0
16820.0 1071.0
16831.0 1064.0
16857.0 1060.0
16862.0 1059.0
16868.0 1053.0
16899.0 1048.0
16904.0 1045.0
16925.0 1044.0
16944.0 1043.0
16958.0 1042.0
16962.0 1041.0
16983.0 1040.0
16989.0 1038.0
16993.0 1036.0
17001.0 1032.0
17025.0 1030.0
17042.0 1026.0
17065.0 1022.0
17099.0 1021.0
17105.0 1020.0
17115.0 1018.0
17124.0 1017.0
17147.0 1013.0
17181.0 1012.0
17187.0 1011.0
17222.0 1008.0
