7943.0 1283.0
7947.0 1267.0
7948.0 1253.0
7952.0 1237.0
7960.0 1223.0
7965.0 1219.0
7976.0 1204.0
7978.0 1203.0
7984.0 1201.0
7987.0 1198.0
7992.0 1194.0
7993.0 1191.0
7997.0 1190.0
7998.0 1189.0
8001.0 1187.0
8003.0 1184.0
8005.0 1178.0
8015.0 1177.0
8018.0 1175.0
8019.0 1174.0
8020.0 1171.0
8022.0 1167.0
8027.0 1165.0
8028.0 1163.0
8033.0 1157.0
8035.0 1151.0
8041.0 1143.0
8046.0 1141.0
8048.0 1133.0
8057.0 1130.0
8059.0 1125.0
8060.0 1118.0
8066.0 1114.0
8071.0 1112.0
8072.0 1110.0
8076.0 1106.0
8081.0 1096.0
8092.0 1084.0
8102.0 1078.0
8111.0 1075.0
8117.0 1073.0
8119.0 1070.0
8121.0 1067.0
8123.0 1064.0
8125.0 1062.0
8131.0 1061.0
8133.0 1060.0
8135.0 1056.0
8139.0 1055.0
8141.0 1050.0
8144.0 1041.0
8156.0 1040.0
8158.0 1039.0
8164.0 1031.0
8173.0 1022.0
8185.0 1021.0
8187.0 1020.0
8194.0 1017.0
8195.0 1016.0
8198.0 1012.0
8207.0 1011.0
8209.0 1002.0
8220.0 1000.0
8221.0 998.0
8232.0 996.0
8241.0 994.0
8246.0 991.0
8257.0 989.0
8258.0 987.0
8267.0 986.0
8269.0 985.0
8278.0 984.0
8281.0 977.0
8295.0 975.0
8301.0 971.0
8311.0 970.0
8313.0 969.0
8317.0 968.0
8318.0 965.0
8325.0 963.0
8326.0 962.0
8332.0 960.0
8334.0 958.0
8342.0 957.0
8345.0 956.0
8349.0 955.0
8358.0 950.0
8366.0 949.0
8367.0 948.0
8381.0 944.0
8395.0 940.0
8409.0 936.0
8421.0 935.0
8447.0 932.0
8449.0 927.0
8473.0 925.0
8475.0 924.0
8488.0 923.0
8520.0 922.0
8521.0 920.0
8536.0 918.0
8537.0 917.0
8541.0 916.0
8545.0 915.0
8549.0 914.0
8554.0 912.0
8557.0 911.0
8560.0 909.0
8567.0 907.0
8574.0 906.0
8575.0 903.0
8583.0 901.0
8587.0 900.0
8590.0 896.0
8606.0 892.0
8614.0 891.0
8629.0 890.0
8630.0 887.0
8638.0 885.0
8659.0 882.0
8662.0 880.0
8684.0 878.0
8723.0 876.0
