77.0 109.0
62.0 154.0
77.0 109.0
62.0 154.0
66.0 133.0
67.0 119.0
64.0 135.0
63.0 144.0
73.0 111.0
63.0 144.0
69.0 117.0
73.0 111.0
71.0 112.0
70.0 113.0
67.0 119.0
64.0 135.0
69.0 117.0
66.0 133.0
70.0 113.0
71.0 112.0
62.0 154.0
77.0 109.0
63.0 144.0
73.0 111.0
67.0 119.0
64.0 135.0
66.0 133.0
69.0 117.0
70.0 113.0
71.0 112.0
62.0 154.0
77.0 109.0
63.0 144.0
73.0 111.0
67.0 119.0
64.0 135.0
66.0 133.0
69.0 117.0
70.0 113.0
71.0 112.0
77.0 109.0
62.0 154.0
63.0 144.0
73.0 111.0
67.0 119.0
64.0 135.0
66.0 133.0
69.0 117.0
71.0 112.0
70.0 113.0
77.0 109.0
62.0 154.0
63.0 144.0
73.0 111.0
67.0 119.0
64.0 135.0
69.0 117.0
66.0 133.0
71.0 112.0
70.0 113.0
62.0 154.0
77.0 109.0
63.0 144.0
73.0 111.0
67.0 119.0
64.0 135.0
69.0 117.0
66.0 133.0
70.0 113.0
71.0 112.0
77.0 109.0
62.0 154.0
63.0 144.0
73.0 111.0
67.0 119.0
64.0 135.0
66.0 133.0
69.0 117.0
71.0 112.0
70.0 113.0
62.0 154.0
77.0 109.0
63.0 144.0
73.0 111.0
67.0 119.0
64.0 135.0
69.0 117.0
66.0 133.0
71.0 112.0
70.0 113.0
77.0 109.0
62.0 154.0
63.0 144.0
73.0 111.0
67.0 119.0
64.0 135.0
69.0 117.0
66.0 133.0
71.0 112.0
70.0 113.0
