46.0 175.0
61.0 127.0
61.0 127.0
46.0 175.0
50.0 149.0
53.0 143.0
57.0 135.0
53.0 143.0
59.0 129.0
49.0 158.0
47.0 166.0
55.0 138.0
48.0 165.0
49.0 158.0
55.0 138.0
57.0 135.0
59.0 129.0
47.0 166.0
48.0 165.0
46.0 175.0
61.0 127.0
53.0 143.0
49.0 158.0
55.0 138.0
57.0 135.0
59.0 129.0
47.0 166.0
48.0 165.0
61.0 127.0
46.0 175.0
53.0 143.0
49.0 158.0
55.0 138.0
57.0 135.0
59.0 129.0
47.0 166.0
48.0 165.0
61.0 127.0
46.0 175.0
55.0 138.0
57.0 135.0
59.0 129.0
53.0 143.0
49.0 158.0
47.0 166.0
48.0 165.0
46.0 175.0
61.0 127.0
55.0 138.0
57.0 135.0
59.0 129.0
53.0 143.0
49.0 158.0
47.0 166.0
48.0 165.0
46.0 175.0
61.0 127.0
55.0 138.0
57.0 135.0
59.0 129.0
53.0 143.0
49.0 158.0
47.0 166.0
48.0 165.0
61.0 127.0
46.0 175.0
55.0 138.0
57.0 135.0
59.0 129.0
53.0 143.0
49.0 158.0
47.0 166.0
48.0 165.0
46.0 175.0
61.0 127.0
55.0 138.0
57.0 135.0
59.0 129.0
53.0 143.0
49.0 158.0
47.0 166.0
48.0 165.0
61.0 127.0
46.0 175.0
55.0 138.0
57.0 135.0
59.0 129.0
53.0 143.0
49.0 158.0
47.0 166.0
48.0 165.0
46.0 175.0
61.0 127.0
55.0 138.0
57.0 135.0
59.0 129.0
53.0 143.0
49.0 158.0
47.0 166.0
48.0 165.0
