71.0 659.0
110.0 468.0
71.0 659.0
110.0 468.0
75.0 629.0
103.0 485.0
107.0 482.0
74.0 645.0
78.0 617.0
79.0 603.0
73.0 652.0
90.0 538.0
91.0 527.0
77.0 623.0
85.0 566.0
86.0 556.0
96.0 511.0
108.0 480.0
109.0 471.0
96.0 511.0
98.0 507.0
94.0 516.0
79.0 603.0
83.0 580.0
82.0 588.0
100.0 500.0
83.0 580.0
80.0 595.0
84.0 572.0
101.0 492.0
73.0 652.0
74.0 645.0
75.0 629.0
91.0 527.0
86.0 556.0
84.0 572.0
77.0 623.0
78.0 617.0
85.0 566.0
87.0 550.0
92.0 521.0
94.0 516.0
80.0 595.0
87.0 550.0
88.0 545.0
81.0 590.0
101.0 492.0
88.0 545.0
93.0 520.0
98.0 507.0
89.0 541.0
99.0 503.0
102.0 488.0
103.0 485.0
109.0 471.0
89.0 541.0
102.0 488.0
99.0 503.0
90.0 538.0
100.0 500.0
107.0 482.0
81.0 590.0
82.0 588.0
108.0 480.0
92.0 521.0
93.0 520.0
71.0 659.0
110.0 468.0
96.0 511.0
79.0 603.0
83.0 580.0
74.0 645.0
73.0 652.0
75.0 629.0
91.0 527.0
86.0 556.0
84.0 572.0
77.0 623.0
78.0 617.0
85.0 566.0
94.0 516.0
80.0 595.0
87.0 550.0
101.0 492.0
88.0 545.0
98.0 507.0
103.0 485.0
109.0 471.0
89.0 541.0
99.0 503.0
102.0 488.0
100.0 500.0
107.0 482.0
90.0 538.0
81.0 590.0
82.0 588.0
108.0 480.0
92.0 521.0
93.0 520.0
110.0 468.0
