20.0 778.0
20.0 778.0
52.0 608.0
23.0 735.0
24.0 713.0
24.0 713.0
25.0 692.0
21.0 770.0
22.0 750.0
22.0 750.0
23.0 735.0
30.0 667.0
31.0 658.0
28.0 680.0
21.0 770.0
29.0 672.0
25.0 692.0
33.0 650.0
26.0 685.0
34.0 643.0
32.0 656.0
33.0 650.0
29.0 672.0
36.0 641.0
39.0 632.0
40.0 627.0
30.0 667.0
37.0 636.0
40.0 627.0
43.0 621.0
27.0 683.0
38.0 635.0
51.0 611.0
28.0 680.0
39.0 632.0
44.0 618.0
41.0 624.0
31.0 658.0
26.0 685.0
42.0 623.0
27.0 683.0
32.0 656.0
43.0 621.0
34.0 643.0
37.0 636.0
41.0 624.0
44.0 618.0
50.0 612.0
49.0 613.0
48.0 614.0
47.0 615.0
46.0 616.0
45.0 617.0
35.0 642.0
45.0 617.0
36.0 641.0
35.0 642.0
38.0 635.0
48.0 614.0
47.0 615.0
46.0 616.0
51.0 611.0
42.0 623.0
49.0 613.0
50.0 612.0
20.0 778.0
24.0 713.0
22.0 750.0
23.0 735.0
21.0 770.0
25.0 692.0
33.0 650.0
29.0 672.0
30.0 667.0
40.0 627.0
28.0 680.0
39.0 632.0
31.0 658.0
26.0 685.0
32.0 656.0
27.0 683.0
43.0 621.0
34.0 643.0
37.0 636.0
41.0 624.0
44.0 618.0
49.0 613.0
38.0 635.0
42.0 623.0
36.0 641.0
51.0 611.0
50.0 612.0
48.0 614.0
45.0 617.0
47.0 615.0
35.0 642.0
46.0 616.0
20.0 778.0
24.0 713.0
22.0 750.0
