374.0 654.0
347.0 786.0
374.0 654.0
347.0 786.0
370.0 656.0
350.0 772.0
351.0 751.0
353.0 746.0
354.0 733.0
355.0 729.0
358.0 703.0
356.0 717.0
359.0 691.0
360.0 690.0
361.0 679.0
356.0 717.0
357.0 709.0
366.0 671.0
368.0 663.0
367.0 664.0
348.0 779.0
370.0 656.0
357.0 709.0
348.0 779.0
349.0 773.0
358.0 703.0
368.0 663.0
354.0 733.0
355.0 729.0
351.0 751.0
362.0 678.0
363.0 675.0
352.0 748.0
363.0 675.0
352.0 748.0
364.0 673.0
353.0 746.0
359.0 691.0
361.0 679.0
367.0 664.0
349.0 773.0
364.0 673.0
365.0 672.0
350.0 772.0
360.0 690.0
362.0 678.0
365.0 672.0
366.0 671.0
374.0 654.0
347.0 786.0
356.0 717.0
370.0 656.0
357.0 709.0
348.0 779.0
358.0 703.0
368.0 663.0
354.0 733.0
355.0 729.0
351.0 751.0
352.0 748.0
363.0 675.0
353.0 746.0
359.0 691.0
361.0 679.0
367.0 664.0
349.0 773.0
364.0 673.0
350.0 772.0
366.0 671.0
365.0 672.0
360.0 690.0
362.0 678.0
374.0 654.0
347.0 786.0
356.0 717.0
370.0 656.0
357.0 709.0
348.0 779.0
358.0 703.0
368.0 663.0
354.0 733.0
355.0 729.0
351.0 751.0
352.0 748.0
363.0 675.0
353.0 746.0
359.0 691.0
361.0 679.0
367.0 664.0
349.0 773.0
364.0 673.0
350.0 772.0
366.0 671.0
365.0 672.0
362.0 678.0
360.0 690.0
374.0 654.0
347.0 786.0
356.0 717.0
370.0 656.0
