849.0 993.0
892.0 766.0
892.0 766.0
849.0 993.0
850.0 972.0
876.0 795.0
858.0 903.0
859.0 889.0
885.0 774.0
888.0 770.0
889.0 768.0
864.0 857.0
865.0 845.0
879.0 794.0
850.0 972.0
865.0 845.0
856.0 921.0
851.0 961.0
853.0 946.0
866.0 834.0
851.0 961.0
854.0 935.0
857.0 910.0
852.0 950.0
872.0 805.0
854.0 935.0
855.0 925.0
874.0 803.0
859.0 889.0
860.0 881.0
861.0 873.0
861.0 873.0
862.0 865.0
860.0 881.0
857.0 910.0
868.0 825.0
867.0 832.0
868.0 825.0
858.0 903.0
869.0 818.0
881.0 787.0
880.0 793.0
881.0 787.0
882.0 781.0
862.0 865.0
869.0 818.0
875.0 800.0
871.0 810.0
870.0 813.0
863.0 860.0
885.0 774.0
852.0 950.0
855.0 925.0
856.0 921.0
853.0 946.0
888.0 770.0
870.0 813.0
863.0 860.0
883.0 780.0
884.0 777.0
864.0 857.0
884.0 777.0
871.0 810.0
875.0 800.0
889.0 768.0
866.0 834.0
872.0 805.0
867.0 832.0
874.0 803.0
876.0 795.0
882.0 781.0
879.0 794.0
880.0 793.0
883.0 780.0
892.0 766.0
849.0 993.0
850.0 972.0
865.0 845.0
851.0 961.0
854.0 935.0
859.0 889.0
860.0 881.0
861.0 873.0
857.0 910.0
858.0 903.0
868.0 825.0
881.0 787.0
862.0 865.0
869.0 818.0
885.0 774.0
852.0 950.0
855.0 925.0
888.0 770.0
853.0 946.0
856.0 921.0
870.0 813.0
863.0 860.0
871.0 810.0
875.0 800.0
864.0 857.0
