418.0 822.0
338.0 1131.0
338.0 1131.0
418.0 822.0
339.0 1068.0
357.0 948.0
353.0 961.0
362.0 941.0
348.0 992.0
340.0 1065.0
341.0 1046.0
357.0 948.0
343.0 1036.0
346.0 1010.0
344.0 1018.0
396.0 845.0
353.0 961.0
348.0 992.0
408.0 831.0
414.0 823.0
410.0 827.0
404.0 835.0
368.0 922.0
370.0 911.0
400.0 841.0
414.0 823.0
351.0 973.0
350.0 980.0
372.0 907.0
382.0 881.0
384.0 873.0
374.0 899.0
350.0 980.0
366.0 929.0
364.0 934.0
362.0 941.0
351.0 973.0
368.0 922.0
390.0 863.0
378.0 891.0
392.0 857.0
394.0 851.0
346.0 1010.0
392.0 857.0
394.0 851.0
380.0 885.0
364.0 934.0
366.0 929.0
341.0 1046.0
342.0 1038.0
396.0 845.0
410.0 827.0
404.0 835.0
370.0 911.0
374.0 899.0
380.0 885.0
386.0 871.0
388.0 867.0
376.0 895.0
402.0 839.0
400.0 841.0
408.0 831.0
372.0 907.0
378.0 891.0
390.0 863.0
388.0 867.0
376.0 895.0
382.0 881.0
345.0 1016.0
384.0 873.0
386.0 871.0
402.0 839.0
339.0 1068.0
340.0 1065.0
344.0 1018.0
342.0 1038.0
345.0 1016.0
343.0 1036.0
418.0 822.0
338.0 1131.0
357.0 948.0
353.0 961.0
348.0 992.0
414.0 823.0
350.0 980.0
351.0 973.0
368.0 922.0
362.0 941.0
392.0 857.0
346.0 1010.0
394.0 851.0
364.0 934.0
366.0 929.0
341.0 1046.0
396.0 845.0
410.0 827.0
404.0 835.0
370.0 911.0
374.0 899.0
380.0 885.0
