2614.0 646.0
3150.0 502.0
2614.0 646.0
3150.0 502.0
2644.0 628.0
2658.0 603.0
3048.0 515.0
2978.0 516.0
2664.0 597.0
2688.0 579.0
2722.0 571.0
2794.0 545.0
3098.0 509.0
3048.0 515.0
2834.0 544.0
2738.0 555.0
2694.0 573.0
2622.0 636.0
2688.0 579.0
2664.0 597.0
3098.0 509.0
2910.0 531.0
2874.0 533.0
2732.0 561.0
3120.0 508.0
3128.0 503.0
2658.0 603.0
2766.0 553.0
2732.0 561.0
2634.0 635.0
2850.0 539.0
2636.0 630.0
2938.0 527.0
2866.0 535.0
2782.0 551.0
2850.0 539.0
2766.0 553.0
2966.0 521.0
2838.0 541.0
2866.0 535.0
2644.0 628.0
2922.0 528.0
2954.0 522.0
2970.0 518.0
2950.0 524.0
2940.0 525.0
2722.0 571.0
2784.0 549.0
2784.0 549.0
2874.0 533.0
2910.0 531.0
2794.0 545.0
2738.0 555.0
2694.0 573.0
2978.0 516.0
2622.0 636.0
3128.0 503.0
2918.0 529.0
3120.0 508.0
2838.0 541.0
2970.0 518.0
2918.0 529.0
2636.0 630.0
2782.0 551.0
2922.0 528.0
2954.0 522.0
2834.0 544.0
2966.0 521.0
2950.0 524.0
2940.0 525.0
2634.0 635.0
2938.0 527.0
2614.0 646.0
3150.0 502.0
3048.0 515.0
2688.0 579.0
2664.0 597.0
3098.0 509.0
2658.0 603.0
2732.0 561.0
2766.0 553.0
2850.0 539.0
2866.0 535.0
2644.0 628.0
2722.0 571.0
2784.0 549.0
2874.0 533.0
2910.0 531.0
2794.0 545.0
2694.0 573.0
2738.0 555.0
2978.0 516.0
2622.0 636.0
3128.0 503.0
3120.0 508.0
2838.0 541.0
2970.0 518.0
2918.0 529.0
2636.0 630.0
2782.0 551.0
