6404.0 534.0
5842.0 707.0
5842.0 707.0
6404.0 534.0
5926.0 652.0
5858.0 699.0
5980.0 651.0
5866.0 683.0
5892.0 667.0
5886.0 678.0
6364.0 539.0
6222.0 573.0
5906.0 664.0
6236.0 568.0
5918.0 661.0
6156.0 587.0
5858.0 699.0
6114.0 593.0
6240.0 563.0
6134.0 590.0
6392.0 537.0
6134.0 590.0
5986.0 649.0
6202.0 575.0
6256.0 560.0
6284.0 551.0
6324.0 546.0
6030.0 630.0
6224.0 569.0
6010.0 636.0
6182.0 578.0
5874.0 679.0
6022.0 631.0
6058.0 617.0
6068.0 611.0
5988.0 645.0
6090.0 602.0
6010.0 636.0
6312.0 549.0
6268.0 557.0
6054.0 620.0
6350.0 544.0
6256.0 560.0
6272.0 554.0
6042.0 623.0
5866.0 683.0
6038.0 626.0
6034.0 627.0
6114.0 593.0
6156.0 587.0
6300.0 550.0
6340.0 545.0
6090.0 602.0
6084.0 606.0
6172.0 582.0
6004.0 640.0
5998.0 641.0
6166.0 583.0
6078.0 607.0
6194.0 577.0
6104.0 597.0
6100.0 598.0
6402.0 536.0
6362.0 541.0
6352.0 542.0
6392.0 537.0
5892.0 667.0
6324.0 546.0
6284.0 551.0
6022.0 631.0
6300.0 550.0
6312.0 549.0
6068.0 611.0
5988.0 645.0
6066.0 615.0
6202.0 575.0
6064.0 616.0
6240.0 563.0
6272.0 554.0
6042.0 623.0
6054.0 620.0
6268.0 557.0
6182.0 578.0
5998.0 641.0
6078.0 607.0
6166.0 583.0
6100.0 598.0
6340.0 545.0
6172.0 582.0
6104.0 597.0
5912.0 662.0
5926.0 652.0
5874.0 679.0
5918.0 661.0
6194.0 577.0
5912.0 662.0
5886.0 678.0
5980.0 651.0
6084.0 606.0
6004.0 640.0
