5684.0 771.0
5692.0 758.0
5700.0 750.0
5708.0 739.0
5722.0 720.0
5724.0 716.0
5726.0 709.0
5734.0 695.0
5750.0 692.0
5752.0 691.0
5758.0 689.0
5760.0 684.0
5762.0 680.0
5776.0 670.0
5792.0 667.0
5794.0 666.0
5800.0 664.0
5804.0 661.0
5812.0 658.0
5814.0 656.0
5824.0 655.0
5830.0 653.0
5832.0 649.0
5838.0 647.0
5840.0 635.0
5848.0 632.0
5850.0 620.0
5864.0 618.0
5866.0 616.0
5868.0 615.0
5874.0 610.0
5884.0 602.0
5894.0 601.0
5912.0 600.0
5918.0 595.0
5934.0 592.0
5938.0 590.0
5944.0 586.0
5950.0 579.0
5978.0 578.0
5994.0 573.0
6012.0 572.0
6020.0 566.0
6034.0 564.0
6036.0 563.0
6050.0 562.0
6062.0 561.0
6080.0 559.0
6094.0 557.0
6100.0 554.0
6136.0 553.0
6150.0 552.0
6154.0 551.0
6158.0 549.0
6172.0 547.0
6174.0 546.0
6200.0 544.0
6366.0 542.0
6374.0 541.0
6468.0 540.0
6472.0 539.0
6502.0 538.0
6510.0 534.0
6524.0 533.0
6526.0 529.0
