7947.0 1281.0
7952.0 1277.0
7953.0 1264.0
7954.0 1253.0
7957.0 1246.0
7962.0 1240.0
7963.0 1238.0
7965.0 1229.0
7972.0 1228.0
7974.0 1223.0
7975.0 1220.0
7976.0 1219.0
7977.0 1209.0
7984.0 1204.0
7985.0 1201.0
7987.0 1197.0
7990.0 1196.0
7992.0 1187.0
7994.0 1186.0
7997.0 1181.0
8001.0 1174.0
8004.0 1167.0
8007.0 1165.0
8008.0 1163.0
8011.0 1158.0
8013.0 1154.0
8021.0 1153.0
8022.0 1151.0
8023.0 1149.0
8026.0 1147.0
8027.0 1146.0
8029.0 1142.0
8031.0 1138.0
8035.0 1137.0
8038.0 1133.0
8047.0 1130.0
8050.0 1128.0
8051.0 1126.0
8052.0 1125.0
8054.0 1121.0
8058.0 1117.0
8061.0 1116.0
8065.0 1112.0
8072.0 1110.0
8074.0 1109.0
8078.0 1107.0
8079.0 1105.0
8084.0 1098.0
8092.0 1084.0
8104.0 1083.0
8108.0 1077.0
8111.0 1075.0
8116.0 1073.0
8121.0 1067.0
8125.0 1062.0
8136.0 1061.0
8137.0 1059.0
8141.0 1054.0
8148.0 1053.0
8149.0 1050.0
8155.0 1049.0
8157.0 1047.0
8159.0 1044.0
8164.0 1040.0
8172.0 1035.0
8180.0 1031.0
8191.0 1029.0
8195.0 1026.0
8199.0 1024.0
8203.0 1022.0
8207.0 1020.0
8221.0 1018.0
8223.0 1017.0
8225.0 1014.0
8230.0 1013.0
8232.0 1011.0
8234.0 1008.0
8237.0 1007.0
8239.0 1004.0
8241.0 1003.0
8243.0 1000.0
8248.0 999.0
8250.0 998.0
8252.0 997.0
8254.0 994.0
8258.0 993.0
8260.0 990.0
8265.0 989.0
8266.0 988.0
8269.0 987.0
8271.0 984.0
8277.0 982.0
8281.0 981.0
8283.0 978.0
8288.0 977.0
8292.0 975.0
8293.0 974.0
8294.0 972.0
8299.0 971.0
8304.0 968.0
8310.0 967.0
8311.0 965.0
8316.0 962.0
8321.0 961.0
8322.0 959.0
8327.0 956.0
8332.0 954.0
8337.0 951.0
8342.0 950.0
8343.0 948.0
8348.0 945.0
8361.0 943.0
8366.0 941.0
8372.0 940.0
8377.0 937.0
8397.0 936.0
8407.0 934.0
8408.0 933.0
8418.0 930.0
8433.0 929.0
8465.0 926.0
8468.0 924.0
8499.0 919.0
8510.0 918.0
8527.0 914.0
8546.0 910.0
8567.0 907.0
8574.0 906.0
8575.0 903.0
8589.0 902.0
8590.0 896.0
8606.0 892.0
8614.0 891.0
8629.0 890.0
8630.0 887.0
8638.0 885.0
8659.0 882.0
8662.0 880.0
8684.0 878.0
