15290.0 4086.0
15296.0 4080.0
15298.0 4062.0
15300.0 4056.0
15302.0 4046.0
15304.0 4044.0
15306.0 4023.0
15308.0 3999.0
15314.0 3995.0
15316.0 3988.0
15320.0 3980.0
15321.0 3974.0
15324.0 3972.0
15326.0 3938.0
15332.0 3904.0
15333.0 3895.0
15337.0 3891.0
15339.0 3885.0
15340.0 3884.0
15341.0 3877.0
15342.0 3860.0
15343.0 3851.0
15349.0 3849.0
15350.0 3840.0
15351.0 3833.0
15355.0 3831.0
15358.0 3822.0
15359.0 3818.0
15361.0 3815.0
15363.0 3813.0
15364.0 3807.0
15367.0 3803.0
15369.0 3797.0
15372.0 3789.0
15375.0 3788.0
15377.0 3785.0
15378.0 3777.0
15380.0 3774.0
15382.0 3771.0
15384.0 3761.0
15385.0 3754.0
15386.0 3753.0
15388.0 3727.0
15389.0 3720.0
15391.0 3719.0
15397.0 3717.0
15398.0 3695.0
15402.0 3694.0
15406.0 3681.0
15410.0 3672.0
15414.0 3671.0
15418.0 3663.0
15422.0 3654.0
15426.0 3653.0
15428.0 3651.0
15430.0 3646.0
15432.0 3642.0
15433.0 3641.0
15435.0 3637.0
15437.0 3632.0
15442.0 3628.0
15445.0 3623.0
15448.0 3622.0
15449.0 3614.0
15454.0 3610.0
15457.0 3607.0
15459.0 3602.0
15463.0 3600.0
15464.0 3593.0
15469.0 3588.0
15475.0 3582.0
15476.0 3581.0
15477.0 3579.0
15481.0 3570.0
15486.0 3569.0
15487.0 3567.0
15490.0 3561.0
15491.0 3558.0
15496.0 3549.0
15503.0 3546.0
15507.0 3542.0
15508.0 3537.0
15513.0 3530.0
15515.0 3529.0
15520.0 3527.0
15522.0 3519.0
15525.0 3518.0
15530.0 3516.0
15532.0 3510.0
15534.0 3507.0
15541.0 3499.0
15543.0 3495.0
15550.0 3492.0
15551.0 3490.0
15553.0 3489.0
15555.0 3483.0
15560.0 3481.0
15562.0 3475.0
15569.0 3474.0
15570.0 3470.0
15571.0 3468.0
15576.0 3467.0
15579.0 3463.0
15582.0 3460.0
15589.0 3452.0
15593.0 3451.0
15598.0 3445.0
15600.0 3443.0
15605.0 3442.0
15607.0 3440.0
15608.0 3438.0
15609.0 3435.0
15612.0 3433.0
15616.0 3432.0
15617.0 3430.0
15618.0 3427.0
15619.0 3425.0
15623.0 3424.0
15624.0 3422.0
15627.0 3420.0
15628.0 3417.0
15633.0 3414.0
15637.0 3410.0
15642.0 3407.0
15647.0 3406.0
15650.0 3405.0
15656.0 3399.0
15672.0 3394.0
15680.0 3392.0
15683.0 3391.0
15686.0 3387.0
15689.0 3384.0
15696.0 3383.0
15697.0 3382.0
15698.0 3377.0
15703.0 3376.0
15711.0 3374.0
15712.0 3369.0
15728.0 3364.0
15737.0 3363.0
15744.0 3362.0
15745.0 3361.0
15746.0 3356.0
15762.0 3351.0
15782.0 3346.0
15784.0 3343.0
15798.0 3341.0
15800.0 3338.0
15809.0 3337.0
15810.0 3335.0
15819.0 3330.0
15821.0 3327.0
15834.0 3323.0
15836.0 3322.0
15850.0 3318.0
15852.0 3317.0
15862.0 3316.0
15864.0 3313.0
15877.0 3309.0
15879.0 3308.0
15895.0 3306.0
15896.0 3303.0
15898.0 3300.0
15911.0 3296.0
15913.0 3295.0
15950.0 3294.0
15958.0 3293.0
15960.0 3292.0
15997.0 3291.0
16030.0 3290.0
16032.0 3289.0
16033.0 3284.0
16075.0 3283.0
16076.0 3282.0
16079.0 3280.0
16081.0 3279.0
16085.0 3278.0
16087.0 3277.0
16098.0 3276.0
16102.0 3275.0
16104.0 3273.0
16111.0 3272.0
16113.0 3269.0
16115.0 3268.0
16120.0 3266.0
16129.0 3262.0
16131.0 3261.0
16146.0 3259.0
16148.0 3258.0
16158.0 3257.0
16160.0 3256.0
16169.0 3255.0
16178.0 3251.0
16180.0 3250.0
16197.0 3249.0
16200.0 3247.0
16202.0 3245.0
16208.0 3244.0
16211.0 3242.0
16217.0 3241.0
16221.0 3239.0
16225.0 3237.0
16231.0 3236.0
16235.0 3234.0
16241.0 3233.0
16244.0 3231.0
16246.0 3229.0
16252.0 3228.0
16256.0 3226.0
16262.0 3225.0
16268.0 3223.0
16276.0 3222.0
16278.0 3220.0
16293.0 3216.0
16295.0 3214.0
16301.0 3213.0
16305.0 3211.0
16311.0 3210.0
16317.0 3208.0
16325.0 3207.0
16327.0 3205.0
16341.0 3203.0
16363.0 3202.0
16378.0 3201.0
16397.0 3200.0
16400.0 3199.0
16403.0 3197.0
16420.0 3195.0
16422.0 3193.0
16435.0 3192.0
16445.0 3191.0
16457.0 3190.0
16459.0 3189.0
16460.0 3188.0
16472.0 3187.0
16519.0 3186.0
16521.0 3184.0
16523.0 3183.0
16553.0 3181.0
16563.0 3180.0
16565.0 3178.0
16595.0 3177.0
16597.0 3175.0
16780.0 3174.0
