24766.0 7509.0
24773.0 7493.0
24778.0 7490.0
24780.0 7433.0
24784.0 7419.0
24787.0 7416.0
24788.0 7409.0
24791.0 7403.0
24795.0 7393.0
24799.0 7388.0
24803.0 7381.0
24807.0 7378.0
24808.0 7376.0
24814.0 7374.0
24815.0 7372.0
24820.0 7362.0
24822.0 7359.0
24826.0 7355.0
24827.0 7354.0
24828.0 7350.0
24832.0 7344.0
24833.0 7337.0
24834.0 7336.0
24836.0 7333.0
24839.0 7327.0
24841.0 7324.0
24842.0 7323.0
24843.0 7314.0
24844.0 7313.0
24846.0 7310.0
24849.0 7298.0
24850.0 7295.0
24851.0 7294.0
24853.0 7291.0
24854.0 7288.0
24858.0 7280.0
24859.0 7277.0
24860.0 7265.0
24864.0 7258.0
24867.0 7254.0
24870.0 7252.0
24871.0 7238.0
24873.0 7232.0
24882.0 7230.0
24883.0 7226.0
24885.0 7223.0
24886.0 7221.0
24888.0 7217.0
24889.0 7216.0
24890.0 7211.0
24891.0 7210.0
24892.0 7205.0
24897.0 7199.0
24899.0 7196.0
24901.0 7190.0
24907.0 7186.0
24909.0 7185.0
24911.0 7181.0
24912.0 7178.0
24913.0 7175.0
24916.0 7168.0
24918.0 7162.0
24921.0 7161.0
24922.0 7160.0
24923.0 7151.0
24925.0 7145.0
24931.0 7137.0
24933.0 7131.0
24939.0 7125.0
24945.0 7122.0
24946.0 7120.0
24948.0 7119.0
24949.0 7114.0
24950.0 7111.0
24953.0 7108.0
24955.0 7106.0
24956.0 7105.0
24957.0 7100.0
24960.0 7097.0
24961.0 7089.0
24968.0 7084.0
24974.0 7073.0
24977.0 7070.0
24980.0 7067.0
24981.0 7065.0
24982.0 7059.0
24985.0 7056.0
24988.0 7053.0
24989.0 7051.0
24991.0 7050.0
24992.0 7048.0
24994.0 7044.0
24996.0 7038.0
24999.0 7035.0
25002.0 7033.0
25003.0 7030.0
25004.0 7024.0
25007.0 7021.0
25009.0 7015.0
25012.0 7012.0
25016.0 7007.0
25017.0 7001.0
25020.0 6998.0
25024.0 6993.0
25027.0 6990.0
25029.0 6986.0
25033.0 6980.0
25038.0 6976.0
25039.0 6975.0
25042.0 6973.0
25043.0 6969.0
25046.0 6962.0
25050.0 6957.0
25053.0 6955.0
25056.0 6951.0
25057.0 6949.0
25060.0 6947.0
25062.0 6943.0
25063.0 6941.0
25064.0 6938.0
25066.0 6932.0
25067.0 6929.0
25069.0 6925.0
25072.0 6922.0
25074.0 6921.0
25075.0 6913.0
25079.0 6911.0
25081.0 6908.0
25082.0 6905.0
25085.0 6899.0
25091.0 6895.0
25092.0 6891.0
25094.0 6889.0
25098.0 6887.0
25099.0 6886.0
25101.0 6881.0
25105.0 6880.0
25107.0 6878.0
25108.0 6873.0
25110.0 6871.0
25113.0 6869.0
25114.0 6868.0
25115.0 6866.0
25119.0 6864.0
25120.0 6861.0
25123.0 6855.0
25130.0 6847.0
25132.0 6845.0
25137.0 6842.0
25139.0 6840.0
25141.0 6838.0
25145.0 6834.0
25146.0 6833.0
25147.0 6832.0
25148.0 6831.0
25151.0 6827.0
25152.0 6826.0
25153.0 6822.0
25158.0 6821.0
25160.0 6817.0
25161.0 6815.0
25166.0 6812.0
25167.0 6808.0
25168.0 6807.0
25170.0 6805.0
25173.0 6803.0
25174.0 6800.0
25178.0 6799.0
25179.0 6798.0
25181.0 6795.0
25183.0 6794.0
25184.0 6793.0
25185.0 6791.0
25187.0 6789.0
25189.0 6787.0
25191.0 6782.0
25196.0 6781.0
25197.0 6775.0
25204.0 6770.0
25212.0 6768.0
25213.0 6766.0
25217.0 6761.0
25219.0 6759.0
25223.0 6754.0
25226.0 6753.0
25230.0 6748.0
25231.0 6747.0
25238.0 6742.0
25242.0 6741.0
25246.0 6736.0
25247.0 6735.0
25254.0 6730.0
25264.0 6728.0
25265.0 6723.0
25270.0 6721.0
25275.0 6719.0
25281.0 6712.0
25292.0 6709.0
25300.0 6706.0
25307.0 6702.0
25312.0 6699.0
25317.0 6697.0
25319.0 6695.0
25321.0 6692.0
25323.0 6690.0
25332.0 6683.0
25343.0 6680.0
25349.0 6677.0
25359.0 6676.0
25360.0 6674.0
25364.0 6672.0
25366.0 6670.0
25368.0 6668.0
25372.0 6667.0
25373.0 6664.0
25376.0 6663.0
25378.0 6660.0
25382.0 6656.0
25394.0 6653.0
25396.0 6651.0
25397.0 6650.0
25400.0 6647.0
25401.0 6646.0
25406.0 6644.0
25409.0 6642.0
25411.0 6639.0
25415.0 6635.0
25421.0 6634.0
25425.0 6630.0
25434.0 6627.0
25438.0 6623.0
25443.0 6621.0
25444.0 6620.0
25447.0 6619.0
25449.0 6618.0
25452.0 6615.0
25454.0 6613.0
25456.0 6611.0
25458.0 6609.0
25461.0 6607.0
25467.0 6606.0
25469.0 6604.0
25471.0 6602.0
25474.0 6600.0
25477.0 6598.0
25479.0 6597.0
25484.0 6593.0
25490.0 6591.0
25492.0 6590.0
25493.0 6588.0
25499.0 6587.0
25500.0 6584.0
25503.0 6579.0
25506.0 6577.0
25509.0 6572.0
25516.0 6568.0
25520.0 6565.0
25522.0 6561.0
25530.0 6558.0
25533.0 6554.0
25536.0 6552.0
25540.0 6549.0
25543.0 6548.0
25544.0 6546.0
25546.0 6542.0
25549.0 6541.0
25554.0 6540.0
25557.0 6538.0
25560.0 6537.0
25562.0 6533.0
25564.0 6531.0
25567.0 6529.0
25568.0 6528.0
25570.0 6524.0
25573.0 6522.0
25583.0 6521.0
25587.0 6520.0
25589.0 6518.0
25591.0 6517.0
25592.0 6516.0
25593.0 6515.0
25595.0 6511.0
25597.0 6510.0
25598.0 6509.0
25608.0 6508.0
25612.0 6507.0
25614.0 6503.0
25620.0 6501.0
25622.0 6497.0
25632.0 6496.0
25634.0 6493.0
25635.0 6491.0
25648.0 6489.0
25656.0 6488.0
25662.0 6485.0
25667.0 6481.0
25668.0 6480.0
25673.0 6478.0
25679.0 6476.0
25682.0 6475.0
25687.0 6474.0
25691.0 6470.0
25692.0 6468.0
25697.0 6463.0
25705.0 6462.0
25711.0 6459.0
25719.0 6458.0
25725.0 6455.0
25732.0 6451.0
25740.0 6448.0
25748.0 6447.0
25758.0 6445.0
25766.0 6442.0
25772.0 6440.0
25780.0 6439.0
25788.0 6436.0
25789.0 6434.0
25794.0 6433.0
25799.0 6432.0
25800.0 6430.0
25801.0 6428.0
25802.0 6426.0
25806.0 6423.0
25807.0 6421.0
25817.0 6419.0
25821.0 6415.0
25828.0 6412.0
25836.0 6411.0
25842.0 6410.0
25843.0 6409.0
25846.0 6407.0
25847.0 6405.0
25857.0 6402.0
25861.0 6399.0
25868.0 6396.0
25876.0 6395.0
25886.0 6393.0
25890.0 6389.0
25897.0 6386.0
25908.0 6385.0
25917.0 6384.0
25918.0 6383.0
25927.0 6382.0
25928.0 6381.0
25933.0 6380.0
25935.0 6378.0
25943.0 6376.0
25954.0 6375.0
25956.0 6374.0
25958.0 6373.0
25971.0 6370.0
25976.0 6369.0
25985.0 6364.0
26011.0 6361.0
26017.0 6359.0
26034.0 6358.0
26042.0 6355.0
26049.0 6354.0
26061.0 6353.0
26066.0 6351.0
26068.0 6350.0
26077.0 6349.0
26085.0 6346.0
26097.0 6345.0
26099.0 6344.0
26105.0 6343.0
26109.0 6342.0
26111.0 6341.0
26117.0 6339.0
26119.0 6338.0
26129.0 6337.0
26133.0 6336.0
26137.0 6335.0
26141.0 6334.0
26143.0 6333.0
26149.0 6331.0
26151.0 6330.0
26169.0 6329.0
26171.0 6328.0
26173.0 6327.0
26177.0 6326.0
26193.0 6325.0
26209.0 6324.0
26225.0 6323.0
26231.0 6322.0
26233.0 6321.0
26263.0 6320.0
26265.0 6319.0
26417.0 6313.0
26427.0 6309.0
26443.0 6307.0
26466.0 6303.0
26482.0 6301.0
26527.0 6300.0
26536.0 6299.0
26551.0 6298.0
26552.0 6297.0
26555.0 6296.0
26559.0 6295.0
26571.0 6294.0
26574.0 6293.0
26578.0 6292.0
26587.0 6291.0
26591.0 6290.0
26603.0 6289.0
26607.0 6288.0
26608.0 6286.0
26612.0 6285.0
26624.0 6284.0
26628.0 6283.0
26654.0 6282.0
26691.0 6279.0
26711.0 6277.0
26737.0 6276.0
26791.0 6275.0
