87.0 100.0
87.0 100.0
89.0 86.0
87.0 100.0
87.0 100.0
87.0 100.0
89.0 86.0
89.0 86.0
87.0 100.0
87.0 100.0
89.0 86.0
89.0 86.0
87.0 100.0
89.0 86.0
89.0 86.0
87.0 100.0
89.0 86.0
87.0 100.0
88.0 98.0
89.0 86.0
88.0 98.0
89.0 86.0
89.0 86.0
87.0 100.0
89.0 86.0
89.0 86.0
89.0 86.0
89.0 86.0
90.0 85.0
90.0 85.0
88.0 98.0
89.0 86.0
90.0 85.0
90.0 85.0
90.0 85.0
90.0 85.0
88.0 98.0
88.0 98.0
87.0 100.0
89.0 86.0
90.0 85.0
90.0 85.0
87.0 100.0
89.0 86.0
90.0 85.0
90.0 85.0
88.0 98.0
88.0 98.0
88.0 98.0
87.0 100.0
89.0 86.0
89.0 86.0
87.0 100.0
90.0 85.0
87.0 100.0
90.0 85.0
90.0 85.0
87.0 100.0
90.0 85.0
88.0 98.0
88.0 98.0
88.0 98.0
89.0 86.0
87.0 100.0
87.0 100.0
90.0 85.0
87.0 100.0
90.0 85.0
88.0 98.0
88.0 98.0
87.0 100.0
90.0 85.0
88.0 98.0
88.0 98.0
88.0 98.0
90.0 85.0
88.0 98.0
87.0 100.0
88.0 98.0
87.0 100.0
89.0 86.0
89.0 86.0
88.0 98.0
90.0 85.0
87.0 100.0
87.0 100.0
89.0 86.0
88.0 98.0
89.0 86.0
90.0 85.0
90.0 85.0
90.0 85.0
90.0 85.0
88.0 98.0
90.0 85.0
88.0 98.0
88.0 98.0
88.0 98.0
88.0 98.0
90.0 85.0
