62.0 121.0
68.0 117.0
68.0 117.0
78.0 106.0
78.0 106.0
78.0 106.0
52.0 159.0
58.0 134.0
58.0 134.0
68.0 117.0
78.0 106.0
68.0 117.0
68.0 117.0
61.0 125.0
69.0 115.0
71.0 113.0
61.0 125.0
52.0 159.0
73.0 110.0
61.0 125.0
52.0 159.0
76.0 109.0
52.0 159.0
71.0 113.0
54.0 150.0
58.0 134.0
69.0 115.0
71.0 113.0
69.0 115.0
71.0 113.0
54.0 150.0
56.0 139.0
60.0 132.0
61.0 125.0
58.0 134.0
55.0 144.0
78.0 106.0
57.0 138.0
78.0 106.0
76.0 109.0
51.0 163.0
68.0 117.0
60.0 132.0
69.0 115.0
60.0 132.0
73.0 110.0
73.0 110.0
57.0 138.0
61.0 125.0
55.0 144.0
53.0 156.0
73.0 110.0
54.0 150.0
61.0 125.0
62.0 121.0
56.0 139.0
53.0 156.0
51.0 163.0
57.0 138.0
54.0 150.0
69.0 115.0
55.0 144.0
54.0 150.0
60.0 132.0
53.0 156.0
55.0 144.0
76.0 109.0
71.0 113.0
51.0 163.0
56.0 139.0
56.0 139.0
71.0 113.0
76.0 109.0
53.0 156.0
73.0 110.0
57.0 138.0
52.0 159.0
54.0 150.0
57.0 138.0
60.0 132.0
51.0 163.0
51.0 163.0
55.0 144.0
57.0 138.0
55.0 144.0
55.0 144.0
69.0 115.0
73.0 110.0
56.0 139.0
58.0 134.0
56.0 139.0
76.0 109.0
76.0 109.0
53.0 156.0
51.0 163.0
58.0 134.0
53.0 156.0
52.0 159.0
60.0 132.0
54.0 150.0
