114.0 214.0
130.0 142.0
114.0 214.0
130.0 142.0
114.0 214.0
114.0 214.0
130.0 142.0
130.0 142.0
115.0 203.0
114.0 214.0
115.0 203.0
130.0 142.0
114.0 214.0
115.0 203.0
117.0 190.0
115.0 203.0
115.0 203.0
117.0 190.0
130.0 142.0
126.0 144.0
115.0 203.0
116.0 201.0
130.0 142.0
122.0 167.0
118.0 184.0
122.0 167.0
130.0 142.0
117.0 190.0
115.0 203.0
117.0 190.0
119.0 182.0
123.0 156.0
126.0 144.0
130.0 142.0
122.0 167.0
119.0 182.0
123.0 156.0
117.0 190.0
114.0 214.0
118.0 184.0
125.0 152.0
119.0 182.0
125.0 152.0
123.0 156.0
115.0 203.0
125.0 152.0
119.0 182.0
125.0 152.0
122.0 167.0
120.0 172.0
125.0 152.0
123.0 156.0
119.0 182.0
126.0 144.0
117.0 190.0
120.0 172.0
125.0 152.0
114.0 214.0
120.0 172.0
126.0 144.0
120.0 172.0
125.0 152.0
123.0 156.0
118.0 184.0
115.0 203.0
119.0 182.0
120.0 172.0
126.0 144.0
120.0 172.0
119.0 182.0
126.0 144.0
125.0 152.0
119.0 182.0
125.0 152.0
123.0 156.0
118.0 184.0
122.0 167.0
122.0 167.0
123.0 156.0
118.0 184.0
120.0 172.0
122.0 167.0
117.0 190.0
123.0 156.0
122.0 167.0
126.0 144.0
118.0 184.0
117.0 190.0
114.0 214.0
126.0 144.0
120.0 172.0
117.0 190.0
120.0 172.0
126.0 144.0
122.0 167.0
118.0 184.0
123.0 156.0
116.0 201.0
119.0 182.0
118.0 184.0
