65.0 156.0
65.0 156.0
65.0 156.0
65.0 156.0
65.0 156.0
72.0 115.0
72.0 115.0
72.0 115.0
65.0 156.0
72.0 115.0
65.0 156.0
72.0 115.0
66.0 142.0
72.0 115.0
66.0 142.0
65.0 156.0
65.0 156.0
72.0 115.0
65.0 156.0
67.0 119.0
69.0 117.0
66.0 142.0
76.0 113.0
72.0 115.0
76.0 113.0
77.0 109.0
66.0 142.0
67.0 119.0
66.0 142.0
76.0 113.0
78.0 108.0
67.0 119.0
64.0 165.0
67.0 119.0
77.0 109.0
78.0 108.0
77.0 109.0
64.0 165.0
78.0 108.0
77.0 109.0
67.0 119.0
64.0 165.0
66.0 142.0
77.0 109.0
76.0 113.0
64.0 165.0
77.0 109.0
76.0 113.0
64.0 165.0
78.0 108.0
72.0 115.0
78.0 108.0
67.0 119.0
78.0 108.0
66.0 142.0
76.0 113.0
77.0 109.0
64.0 165.0
64.0 165.0
64.0 165.0
64.0 165.0
76.0 113.0
78.0 108.0
64.0 165.0
78.0 108.0
67.0 119.0
64.0 165.0
66.0 142.0
77.0 109.0
66.0 142.0
69.0 117.0
67.0 119.0
76.0 113.0
77.0 109.0
66.0 142.0
78.0 108.0
65.0 156.0
78.0 108.0
64.0 165.0
67.0 119.0
77.0 109.0
77.0 109.0
67.0 119.0
67.0 119.0
76.0 113.0
78.0 108.0
65.0 156.0
76.0 113.0
76.0 113.0
77.0 109.0
72.0 115.0
72.0 115.0
67.0 119.0
66.0 142.0
78.0 108.0
64.0 165.0
72.0 115.0
66.0 142.0
76.0 113.0
66.0 142.0
