24.0 740.0
22.0 745.0
22.0 745.0
22.0 745.0
22.0 745.0
40.0 659.0
40.0 659.0
25.0 734.0
39.0 666.0
35.0 670.0
39.0 666.0
28.0 710.0
35.0 670.0
39.0 666.0
29.0 706.0
41.0 658.0
26.0 721.0
30.0 700.0
30.0 700.0
26.0 721.0
44.0 651.0
29.0 706.0
44.0 651.0
28.0 710.0
41.0 658.0
40.0 659.0
26.0 721.0
45.0 650.0
30.0 700.0
35.0 670.0
26.0 721.0
41.0 658.0
29.0 706.0
24.0 740.0
44.0 651.0
41.0 658.0
29.0 706.0
29.0 706.0
45.0 650.0
29.0 706.0
33.0 678.0
26.0 721.0
45.0 650.0
33.0 678.0
30.0 700.0
44.0 651.0
38.0 668.0
41.0 658.0
31.0 689.0
28.0 710.0
22.0 745.0
22.0 745.0
40.0 659.0
31.0 689.0
31.0 689.0
33.0 678.0
31.0 689.0
38.0 668.0
38.0 668.0
27.0 717.0
27.0 717.0
38.0 668.0
25.0 734.0
39.0 666.0
45.0 650.0
40.0 659.0
39.0 666.0
22.0 745.0
39.0 666.0
30.0 700.0
28.0 710.0
35.0 670.0
27.0 717.0
35.0 670.0
40.0 659.0
33.0 678.0
33.0 678.0
35.0 670.0
44.0 651.0
30.0 700.0
30.0 700.0
33.0 678.0
27.0 717.0
33.0 678.0
28.0 710.0
41.0 658.0
45.0 650.0
44.0 651.0
26.0 721.0
26.0 721.0
27.0 717.0
27.0 717.0
45.0 650.0
24.0 740.0
38.0 668.0
28.0 710.0
31.0 689.0
38.0 668.0
31.0 689.0
31.0 689.0
