354.0 752.0
357.0 717.0
357.0 717.0
357.0 717.0
356.0 750.0
357.0 717.0
356.0 750.0
357.0 717.0
356.0 750.0
371.0 686.0
367.0 696.0
354.0 752.0
371.0 686.0
381.0 674.0
367.0 696.0
371.0 686.0
381.0 674.0
367.0 696.0
361.0 706.0
357.0 717.0
356.0 750.0
367.0 696.0
361.0 706.0
381.0 674.0
381.0 674.0
381.0 674.0
381.0 674.0
360.0 712.0
381.0 674.0
361.0 706.0
360.0 712.0
361.0 706.0
357.0 717.0
383.0 672.0
383.0 672.0
367.0 696.0
363.0 701.0
381.0 674.0
361.0 706.0
360.0 712.0
373.0 676.0
383.0 672.0
363.0 701.0
369.0 691.0
360.0 712.0
383.0 672.0
357.0 717.0
383.0 672.0
383.0 672.0
360.0 712.0
369.0 691.0
369.0 691.0
360.0 712.0
356.0 750.0
363.0 701.0
369.0 691.0
360.0 712.0
356.0 750.0
363.0 701.0
356.0 750.0
367.0 696.0
357.0 717.0
367.0 696.0
360.0 712.0
367.0 696.0
369.0 691.0
363.0 701.0
363.0 701.0
354.0 752.0
383.0 672.0
354.0 752.0
369.0 691.0
381.0 674.0
363.0 701.0
383.0 672.0
361.0 706.0
361.0 706.0
360.0 712.0
363.0 701.0
357.0 717.0
369.0 691.0
356.0 750.0
357.0 717.0
383.0 672.0
371.0 686.0
367.0 696.0
367.0 696.0
356.0 750.0
369.0 691.0
383.0 672.0
369.0 691.0
356.0 750.0
361.0 706.0
360.0 712.0
369.0 691.0
361.0 706.0
363.0 701.0
361.0 706.0
363.0 701.0
381.0 674.0
