162.0 511.0
162.0 511.0
149.0 519.0
149.0 519.0
149.0 519.0
125.0 583.0
142.0 539.0
149.0 519.0
142.0 539.0
125.0 583.0
142.0 539.0
135.0 564.0
135.0 564.0
135.0 564.0
162.0 511.0
135.0 564.0
134.0 565.0
129.0 572.0
134.0 565.0
141.0 542.0
125.0 583.0
134.0 565.0
162.0 511.0
122.0 656.0
166.0 507.0
122.0 656.0
129.0 572.0
141.0 542.0
155.0 515.0
137.0 553.0
147.0 528.0
124.0 599.0
166.0 507.0
122.0 656.0
122.0 656.0
137.0 553.0
138.0 550.0
155.0 515.0
147.0 528.0
123.0 600.0
136.0 563.0
144.0 535.0
133.0 567.0
129.0 572.0
138.0 550.0
136.0 563.0
122.0 656.0
138.0 550.0
145.0 530.0
123.0 600.0
151.0 517.0
155.0 515.0
145.0 530.0
137.0 553.0
166.0 507.0
124.0 599.0
138.0 550.0
147.0 528.0
145.0 530.0
129.0 572.0
142.0 539.0
144.0 535.0
148.0 524.0
123.0 600.0
123.0 600.0
136.0 563.0
141.0 542.0
137.0 553.0
148.0 524.0
136.0 563.0
129.0 572.0
144.0 535.0
133.0 567.0
138.0 550.0
151.0 517.0
148.0 524.0
125.0 583.0
125.0 583.0
133.0 567.0
137.0 553.0
144.0 535.0
155.0 515.0
148.0 524.0
144.0 535.0
148.0 524.0
166.0 507.0
145.0 530.0
124.0 599.0
134.0 565.0
141.0 542.0
141.0 542.0
166.0 507.0
155.0 515.0
151.0 517.0
151.0 517.0
124.0 599.0
149.0 519.0
133.0 567.0
147.0 528.0
142.0 539.0
