161.0 455.0
174.0 425.0
171.0 427.0
161.0 455.0
174.0 425.0
159.0 457.0
159.0 457.0
191.0 391.0
158.0 489.0
179.0 416.0
176.0 420.0
171.0 427.0
158.0 489.0
157.0 497.0
171.0 427.0
159.0 457.0
176.0 420.0
170.0 431.0
157.0 497.0
170.0 431.0
183.0 410.0
179.0 416.0
179.0 416.0
183.0 410.0
191.0 391.0
157.0 497.0
188.0 397.0
176.0 420.0
191.0 391.0
188.0 397.0
191.0 391.0
164.0 447.0
158.0 489.0
177.0 418.0
180.0 412.0
164.0 447.0
179.0 416.0
199.0 379.0
180.0 412.0
162.0 451.0
180.0 412.0
177.0 418.0
157.0 497.0
199.0 379.0
192.0 386.0
161.0 455.0
186.0 408.0
164.0 447.0
180.0 412.0
166.0 440.0
166.0 440.0
171.0 427.0
176.0 420.0
187.0 402.0
192.0 386.0
158.0 489.0
199.0 379.0
190.0 396.0
199.0 379.0
162.0 451.0
174.0 425.0
161.0 455.0
159.0 457.0
166.0 440.0
169.0 432.0
190.0 396.0
177.0 418.0
164.0 447.0
162.0 451.0
167.0 437.0
188.0 397.0
193.0 381.0
169.0 432.0
187.0 402.0
162.0 451.0
170.0 431.0
186.0 408.0
167.0 437.0
169.0 432.0
177.0 418.0
193.0 381.0
166.0 440.0
167.0 437.0
187.0 402.0
193.0 381.0
155.0 504.0
187.0 402.0
186.0 408.0
190.0 396.0
193.0 381.0
188.0 397.0
190.0 396.0
169.0 432.0
186.0 408.0
183.0 410.0
167.0 437.0
183.0 410.0
192.0 386.0
174.0 425.0
192.0 386.0
