277.0 1019.0
260.0 1041.0
268.0 1032.0
215.0 1178.0
268.0 1032.0
287.0 1008.0
216.0 1172.0
253.0 1042.0
250.0 1047.0
216.0 1172.0
243.0 1060.0
214.0 1182.0
266.0 1033.0
287.0 1008.0
285.0 1018.0
291.0 1003.0
213.0 1194.0
235.0 1080.0
213.0 1194.0
250.0 1047.0
248.0 1051.0
248.0 1051.0
235.0 1080.0
229.0 1099.0
235.0 1080.0
215.0 1178.0
265.0 1035.0
247.0 1058.0
218.0 1153.0
265.0 1035.0
271.0 1027.0
253.0 1042.0
226.0 1114.0
229.0 1099.0
231.0 1092.0
243.0 1060.0
262.0 1038.0
274.0 1024.0
220.0 1150.0
233.0 1086.0
241.0 1064.0
277.0 1019.0
237.0 1076.0
220.0 1150.0
286.0 1017.0
269.0 1030.0
239.0 1071.0
274.0 1024.0
215.0 1178.0
237.0 1076.0
227.0 1107.0
217.0 1157.0
217.0 1157.0
277.0 1019.0
217.0 1157.0
222.0 1134.0
243.0 1060.0
233.0 1086.0
222.0 1134.0
271.0 1027.0
223.0 1127.0
291.0 1003.0
253.0 1042.0
214.0 1182.0
231.0 1092.0
216.0 1172.0
291.0 1003.0
222.0 1134.0
274.0 1024.0
250.0 1047.0
248.0 1051.0
220.0 1150.0
241.0 1064.0
262.0 1038.0
213.0 1194.0
227.0 1107.0
225.0 1125.0
241.0 1064.0
231.0 1092.0
226.0 1114.0
221.0 1143.0
227.0 1107.0
218.0 1153.0
266.0 1033.0
223.0 1127.0
214.0 1182.0
247.0 1058.0
239.0 1071.0
239.0 1071.0
226.0 1114.0
221.0 1143.0
269.0 1030.0
237.0 1076.0
262.0 1038.0
287.0 1008.0
225.0 1125.0
285.0 1018.0
233.0 1086.0
229.0 1099.0
221.0 1143.0
