1498.0 324.0
1486.0 330.0
1535.0 294.0
1701.0 242.0
1701.0 242.0
1582.0 278.0
1517.0 300.0
1706.0 240.0
1535.0 294.0
1625.0 252.0
1716.0 239.0
1460.0 340.0
1685.0 245.0
1706.0 240.0
1701.0 242.0
1466.0 339.0
1460.0 340.0
1466.0 339.0
1504.0 308.0
1737.0 235.0
1535.0 294.0
1582.0 278.0
1585.0 275.0
1585.0 275.0
1552.0 284.0
1460.0 340.0
1480.0 334.0
1532.0 297.0
1625.0 252.0
1552.0 284.0
1466.0 339.0
1460.0 340.0
1627.0 250.0
1737.0 235.0
1737.0 235.0
1500.0 310.0
1699.0 244.0
1716.0 239.0
1532.0 297.0
1680.0 247.0
1627.0 250.0
1575.0 280.0
1480.0 334.0
1486.0 330.0
1645.0 248.0
1589.0 266.0
1517.0 300.0
1645.0 248.0
1585.0 275.0
1625.0 252.0
1480.0 334.0
1645.0 248.0
1589.0 266.0
1606.0 256.0
1680.0 247.0
1488.0 329.0
1680.0 247.0
1535.0 294.0
1532.0 297.0
1589.0 266.0
1680.0 247.0
1734.0 238.0
1488.0 329.0
1734.0 238.0
1734.0 238.0
1742.0 233.0
1575.0 280.0
1585.0 275.0
1552.0 284.0
1488.0 329.0
1500.0 310.0
1699.0 244.0
1552.0 284.0
1716.0 239.0
1606.0 256.0
1500.0 310.0
1742.0 233.0
1685.0 245.0
1517.0 300.0
1742.0 233.0
1706.0 240.0
1575.0 280.0
1645.0 248.0
1627.0 250.0
1734.0 238.0
1606.0 256.0
1582.0 278.0
1606.0 256.0
1480.0 334.0
1517.0 300.0
1589.0 266.0
1466.0 339.0
1706.0 240.0
1742.0 233.0
1685.0 245.0
1699.0 244.0
1500.0 310.0
1716.0 239.0
1575.0 280.0
1685.0 245.0
