4763.0 345.0
4763.0 345.0
4779.0 340.0
4693.0 355.0
4724.0 351.0
4693.0 355.0
4724.0 351.0
4693.0 355.0
4674.0 361.0
4615.0 386.0
4724.0 351.0
4662.0 368.0
4591.0 400.0
4674.0 361.0
4580.0 402.0
4580.0 402.0
4674.0 361.0
4693.0 355.0
4779.0 340.0
4591.0 400.0
4662.0 368.0
4580.0 402.0
4662.0 368.0
4757.0 348.0
4573.0 406.0
4615.0 386.0
4662.0 368.0
4633.0 376.0
4648.0 372.0
4662.0 368.0
4591.0 400.0
4603.0 395.0
4757.0 348.0
4573.0 406.0
4648.0 372.0
4633.0 376.0
4648.0 372.0
4580.0 402.0
4724.0 351.0
4615.0 386.0
4603.0 395.0
4603.0 395.0
4648.0 372.0
4595.0 398.0
4603.0 395.0
4693.0 355.0
4603.0 395.0
4674.0 361.0
4598.0 396.0
4591.0 400.0
4648.0 372.0
4615.0 386.0
4693.0 355.0
4757.0 348.0
4757.0 348.0
4724.0 351.0
4724.0 351.0
4598.0 396.0
4573.0 406.0
4757.0 348.0
4662.0 368.0
4674.0 361.0
4693.0 355.0
4580.0 402.0
4608.0 390.0
4608.0 390.0
4608.0 390.0
4674.0 361.0
4573.0 406.0
4633.0 376.0
4595.0 398.0
4608.0 390.0
4598.0 396.0
4757.0 348.0
4633.0 376.0
4724.0 351.0
4633.0 376.0
4598.0 396.0
4615.0 386.0
4608.0 390.0
4595.0 398.0
4603.0 395.0
4595.0 398.0
4608.0 390.0
4598.0 396.0
4591.0 400.0
4779.0 340.0
4595.0 398.0
4573.0 406.0
4595.0 398.0
4633.0 376.0
4615.0 386.0
4580.0 402.0
4573.0 406.0
4648.0 372.0
4648.0 372.0
4779.0 340.0
4598.0 396.0
4591.0 400.0
4633.0 376.0
