16617.0 1187.0
16907.0 1082.0
16611.0 1189.0
16621.0 1175.0
16763.0 1126.0
16996.0 1057.0
16621.0 1175.0
16644.0 1171.0
16588.0 1206.0
16996.0 1057.0
16702.0 1147.0
16656.0 1168.0
16996.0 1057.0
16668.0 1163.0
17124.0 1040.0
17124.0 1040.0
16702.0 1147.0
16798.0 1107.0
17060.0 1050.0
16745.0 1141.0
16811.0 1100.0
17107.0 1047.0
16722.0 1145.0
16931.0 1071.0
16763.0 1126.0
16745.0 1141.0
17102.0 1048.0
16968.0 1062.0
16611.0 1189.0
16763.0 1126.0
17107.0 1047.0
16877.0 1087.0
17087.0 1049.0
16811.0 1100.0
16644.0 1171.0
16959.0 1066.0
16839.0 1095.0
16668.0 1163.0
16929.0 1074.0
16877.0 1087.0
16742.0 1144.0
17087.0 1049.0
16788.0 1110.0
16702.0 1147.0
16814.0 1099.0
16786.0 1116.0
16621.0 1175.0
16839.0 1095.0
16788.0 1110.0
17102.0 1048.0
16897.0 1085.0
16581.0 1215.0
16722.0 1145.0
16910.0 1079.0
16644.0 1171.0
16581.0 1215.0
16588.0 1206.0
16913.0 1078.0
16814.0 1099.0
16591.0 1201.0
16722.0 1145.0
16897.0 1085.0
16934.0 1070.0
16957.0 1069.0
16913.0 1078.0
16798.0 1107.0
16869.0 1090.0
16679.0 1151.0
16679.0 1151.0
16929.0 1074.0
16910.0 1079.0
16957.0 1069.0
16872.0 1089.0
16821.0 1097.0
16869.0 1090.0
16968.0 1062.0
17087.0 1049.0
16656.0 1168.0
16959.0 1066.0
16824.0 1096.0
16679.0 1151.0
17119.0 1041.0
16598.0 1192.0
16786.0 1116.0
16934.0 1070.0
16931.0 1071.0
17119.0 1041.0
16971.0 1061.0
16821.0 1097.0
16656.0 1168.0
16971.0 1061.0
16598.0 1192.0
16849.0 1092.0
16824.0 1096.0
16742.0 1144.0
16591.0 1201.0
16849.0 1092.0
16872.0 1089.0
16668.0 1163.0
16617.0 1187.0
