3772.0 388.0
3949.0 314.0
3949.0 314.0
3772.0 388.0
3772.0 388.0
3862.0 328.0
3949.0 314.0
3949.0 314.0
3760.0 401.0
3862.0 328.0
3730.0 416.0
3772.0 388.0
3730.0 416.0
3760.0 401.0
3862.0 328.0
3862.0 328.0
3876.0 316.0
3760.0 401.0
3762.0 398.0
3750.0 404.0
3857.0 331.0
3750.0 404.0
3730.0 416.0
3730.0 416.0
3781.0 361.0
3750.0 404.0
3814.0 351.0
3876.0 316.0
3760.0 401.0
3856.0 333.0
3814.0 351.0
3949.0 314.0
3876.0 316.0
3742.0 410.0
3798.0 360.0
3762.0 398.0
3742.0 410.0
3818.0 345.0
3777.0 367.0
3730.0 416.0
3872.0 322.0
3828.0 338.0
3781.0 361.0
3798.0 360.0
3856.0 333.0
3828.0 338.0
3764.0 391.0
3846.0 336.0
3814.0 351.0
3828.0 338.0
3876.0 316.0
3857.0 331.0
3818.0 345.0
3777.0 367.0
3814.0 351.0
3762.0 398.0
3777.0 367.0
3818.0 345.0
3818.0 345.0
3798.0 360.0
3828.0 338.0
3846.0 336.0
3748.0 409.0
3764.0 391.0
3872.0 322.0
3742.0 410.0
3781.0 361.0
3798.0 360.0
3857.0 331.0
3824.0 344.0
3857.0 331.0
3762.0 398.0
3856.0 333.0
3846.0 336.0
3748.0 409.0
3764.0 391.0
3777.0 367.0
3764.0 391.0
3742.0 410.0
3748.0 409.0
3824.0 344.0
3856.0 333.0
3781.0 361.0
3802.0 354.0
3872.0 322.0
3846.0 336.0
3748.0 409.0
3750.0 404.0
3802.0 354.0
3872.0 322.0
3764.0 391.0
3846.0 336.0
3802.0 354.0
3824.0 344.0
3802.0 354.0
3824.0 344.0
3876.0 316.0
3777.0 367.0
3798.0 360.0
3772.0 388.0
