15823.0 3412.0
15496.0 3710.0
16093.0 3328.0
15683.0 3509.0
15635.0 3547.0
15848.0 3402.0
15664.0 3522.0
15857.0 3400.0
15500.0 3706.0
15550.0 3617.0
15509.0 3659.0
15787.0 3434.0
15593.0 3579.0
15702.0 3490.0
15779.0 3437.0
16159.0 3316.0
16111.0 3320.0
15600.0 3576.0
15678.0 3515.0
15714.0 3478.0
15490.0 3718.0
15840.0 3406.0
15583.0 3582.0
15558.0 3600.0
15863.0 3395.0
15552.0 3608.0
15738.0 3462.0
15981.0 3346.0
15643.0 3535.0
15748.0 3454.0
16013.0 3335.0
15916.0 3369.0
15688.0 3507.0
15960.0 3350.0
15611.0 3565.0
15761.0 3449.0
15871.0 3391.0
15767.0 3447.0
15651.0 3531.0
15815.0 3416.0
15511.0 3655.0
16260.0 3306.0
15562.0 3596.0
15811.0 3418.0
16055.0 3331.0
16246.0 3307.0
15556.0 3604.0
15527.0 3645.0
15942.0 3358.0
15755.0 3453.0
15523.0 3649.0
15934.0 3362.0
15993.0 3343.0
15671.0 3520.0
15925.0 3364.0
15577.0 3590.0
15573.0 3594.0
15539.0 3635.0
15505.0 3663.0
15952.0 3354.0
15633.0 3551.0
15745.0 3461.0
15484.0 3728.0
15692.0 3498.0
15543.0 3631.0
15640.0 3545.0
15488.0 3724.0
15579.0 3586.0
15793.0 3430.0
15832.0 3410.0
15533.0 3637.0
15713.0 3484.0
15798.0 3428.0
15907.0 3371.0
15771.0 3441.0
15974.0 3347.0
15879.0 3386.0
16238.0 3312.0
15515.0 3651.0
15899.0 3375.0
15494.0 3714.0
15999.0 3338.0
15627.0 3553.0
15529.0 3641.0
15724.0 3470.0
15701.0 3497.0
15803.0 3422.0
15548.0 3625.0
15708.0 3486.0
15656.0 3526.0
16041.0 3334.0
15732.0 3466.0
15722.0 3474.0
15617.0 3561.0
16105.0 3325.0
15621.0 3557.0
15885.0 3382.0
15893.0 3378.0
15603.0 3571.0
16229.0 3313.0
