20004.0 5136.0
20029.0 5125.0
20071.0 5103.0
20178.0 5042.0
19662.0 5541.0
19977.0 5152.0
19783.0 5319.0
20100.0 5082.0
19782.0 5332.0
19686.0 5493.0
19647.0 5575.0
19747.0 5381.0
19874.0 5233.0
19654.0 5556.0
20054.0 5109.0
19690.0 5465.0
19758.0 5374.0
20345.0 4966.0
20481.0 4924.0
19731.0 5395.0
20440.0 4937.0
19667.0 5528.0
20129.0 5066.0
20454.0 4933.0
19936.0 5184.0
19991.0 5140.0
20254.0 5007.0
19911.0 5201.0
19674.0 5516.0
20169.0 5044.0
19773.0 5353.0
20265.0 5001.0
19941.0 5174.0
20146.0 5051.0
19700.0 5450.0
19803.0 5301.0
20470.0 4930.0
19718.0 5423.0
20297.0 4989.0
20037.0 5118.0
20417.0 4942.0
20315.0 4982.0
20353.0 4964.0
19864.0 5242.0
20497.0 4921.0
20508.0 4915.0
20277.0 4999.0
19696.0 5459.0
20230.0 5018.0
19970.0 5157.0
19927.0 5186.0
20134.0 5060.0
19744.0 5392.0
20021.0 5130.0
20244.0 5015.0
19636.0 5605.0
19824.0 5276.0
20190.0 5034.0
19761.0 5361.0
20362.0 4960.0
19806.0 5290.0
19890.0 5218.0
20370.0 4956.0
19902.0 5205.0
19680.0 5502.0
19687.0 5478.0
19986.0 5150.0
20425.0 4940.0
19961.0 5167.0
19883.0 5223.0
19831.0 5271.0
19644.0 5593.0
19952.0 5171.0
20326.0 4976.0
20222.0 5022.0
20381.0 4950.0
20286.0 4995.0
19794.0 5303.0
20334.0 4972.0
19775.0 5337.0
19853.0 5250.0
20404.0 4945.0
20161.0 5047.0
20117.0 5075.0
20205.0 5027.0
19703.0 5437.0
19709.0 5431.0
20014.0 5135.0
19727.0 5417.0
19840.0 5269.0
20389.0 4948.0
19843.0 5258.0
19899.0 5216.0
19792.0 5317.0
19815.0 5288.0
19920.0 5191.0
19820.0 5282.0
20083.0 5097.0
20309.0 4987.0
19728.0 5408.0
