25905.0 6468.0
25316.0 6796.0
25520.0 6647.0
25137.0 6934.0
25182.0 6897.0
25006.0 7106.0
24924.0 7233.0
25119.0 6953.0
25097.0 6966.0
25803.0 6515.0
25702.0 6569.0
25767.0 6532.0
25393.0 6749.0
25382.0 6752.0
25242.0 6851.0
25571.0 6627.0
25350.0 6773.0
25590.0 6622.0
25214.0 6874.0
25675.0 6585.0
24973.0 7151.0
24983.0 7143.0
25261.0 6833.0
25814.0 6510.0
25404.0 6726.0
25016.0 7052.0
24992.0 7127.0
25325.0 6787.0
25283.0 6818.0
25532.0 6643.0
25086.0 6974.0
25127.0 6943.0
25306.0 6805.0
25541.0 6636.0
25651.0 6597.0
25412.0 6713.0
25002.0 7116.0
25253.0 6841.0
25925.0 6459.0
25195.0 6888.0
25056.0 7006.0
25953.0 6442.0
25779.0 6525.0
25665.0 6590.0
25234.0 6861.0
25599.0 6613.0
25974.0 6441.0
25840.0 6500.0
24947.0 7180.0
25163.0 6911.0
25421.0 6704.0
25730.0 6549.0
25479.0 6664.0
25371.0 6761.0
25933.0 6451.0
25891.0 6477.0
25854.0 6495.0
25828.0 6505.0
25609.0 6608.0
25395.0 6735.0
25553.0 6628.0
25144.0 6926.0
25491.0 6657.0
25025.0 7051.0
25744.0 6544.0
25440.0 6686.0
25865.0 6493.0
25155.0 6918.0
25067.0 6998.0
25990.0 6430.0
25641.0 6602.0
24957.0 7171.0
25205.0 6882.0
25046.0 7017.0
25503.0 6651.0
25294.0 6808.0
25173.0 6905.0
25470.0 6670.0
25712.0 6560.0
24963.0 7160.0
25458.0 6676.0
25107.0 6957.0
25007.0 7077.0
25720.0 6554.0
25877.0 6482.0
24931.0 7208.0
25789.0 6520.0
25340.0 6782.0
25757.0 6537.0
25689.0 6580.0
25359.0 6764.0
25037.0 7033.0
25431.0 6695.0
25026.0 7041.0
25274.0 6827.0
26016.0 6426.0
25224.0 6868.0
25076.0 6983.0
24941.0 7197.0
25623.0 6603.0
