30513.0 10626.0
30235.0 11110.0
31204.0 10066.0
30321.0 10937.0
31188.0 10072.0
31335.0 10014.0
30402.0 10751.0
30203.0 11200.0
30671.0 10464.0
30311.0 10957.0
31158.0 10089.0
30446.0 10694.0
30757.0 10386.0
30360.0 10884.0
30859.0 10317.0
30712.0 10417.0
30954.0 10218.0
30996.0 10188.0
30698.0 10432.0
31234.0 10049.0
30214.0 11158.0
30529.0 10606.0
30435.0 10703.0
30384.0 10795.0
31125.0 10119.0
30237.0 11095.0
30618.0 10503.0
31379.0 9995.0
30821.0 10333.0
31172.0 10086.0
31042.0 10165.0
31429.0 9982.0
31218.0 10055.0
30469.0 10666.0
30302.0 10971.0
30558.0 10574.0
30251.0 11067.0
31304.0 10024.0
30246.0 11081.0
31363.0 10002.0
31393.0 9991.0
30379.0 10813.0
31057.0 10149.0
30517.0 10610.0
30629.0 10490.0
30260.0 11050.0
31320.0 10021.0
30485.0 10648.0
30498.0 10637.0
30886.0 10285.0
31026.0 10171.0
30737.0 10394.0
30919.0 10247.0
30393.0 10765.0
30364.0 10859.0
31446.0 9979.0
30205.0 11172.0
31087.0 10140.0
31290.0 10027.0
30269.0 11036.0
30217.0 11141.0
30345.0 10902.0
30972.0 10208.0
30603.0 10515.0
30805.0 10344.0
30590.0 10529.0
30641.0 10483.0
30773.0 10371.0
30873.0 10302.0
31252.0 10036.0
30226.0 11124.0
31107.0 10129.0
31413.0 9990.0
31274.0 10032.0
30456.0 10680.0
30984.0 10201.0
31014.0 10178.0
30912.0 10259.0
30370.0 10838.0
30938.0 10235.0
31465.0 9975.0
30898.0 10274.0
30422.0 10717.0
30577.0 10549.0
31139.0 10106.0
30418.0 10733.0
30332.0 10921.0
30533.0 10592.0
30684.0 10444.0
31073.0 10143.0
30654.0 10469.0
30838.0 10321.0
30566.0 10561.0
30387.0 10781.0
30727.0 10404.0
30280.0 11007.0
30790.0 10359.0
30296.0 10992.0
31349.0 10006.0
30546.0 10578.0
