34.0 161.0
34.0 161.0
41.0 137.0
41.0 137.0
41.0 137.0
34.0 161.0
41.0 137.0
38.0 145.0
41.0 137.0
38.0 145.0
34.0 161.0
37.0 149.0
35.0 156.0
37.0 149.0
41.0 137.0
35.0 156.0
38.0 145.0
46.0 133.0
41.0 137.0
46.0 133.0
37.0 149.0
41.0 137.0
35.0 156.0
34.0 161.0
38.0 145.0
46.0 133.0
46.0 133.0
37.0 149.0
37.0 149.0
34.0 161.0
35.0 156.0
34.0 161.0
35.0 156.0
46.0 133.0
35.0 156.0
34.0 161.0
38.0 145.0
46.0 133.0
46.0 133.0
38.0 145.0
35.0 156.0
35.0 156.0
35.0 156.0
34.0 161.0
37.0 149.0
41.0 137.0
35.0 156.0
37.0 149.0
34.0 161.0
38.0 145.0
41.0 137.0
46.0 133.0
41.0 137.0
46.0 133.0
35.0 156.0
34.0 161.0
46.0 133.0
46.0 133.0
35.0 156.0
35.0 156.0
46.0 133.0
38.0 145.0
38.0 145.0
46.0 133.0
35.0 156.0
37.0 149.0
34.0 161.0
34.0 161.0
37.0 149.0
46.0 133.0
37.0 149.0
41.0 137.0
41.0 137.0
38.0 145.0
38.0 145.0
38.0 145.0
34.0 161.0
37.0 149.0
41.0 137.0
34.0 161.0
46.0 133.0
37.0 149.0
37.0 149.0
37.0 149.0
41.0 137.0
37.0 149.0
35.0 156.0
34.0 161.0
34.0 161.0
46.0 133.0
41.0 137.0
41.0 137.0
46.0 133.0
35.0 156.0
35.0 156.0
38.0 145.0
38.0 145.0
38.0 145.0
37.0 149.0
38.0 145.0
