89.0 129.0
89.0 129.0
85.0 137.0
88.0 136.0
89.0 129.0
88.0 136.0
88.0 136.0
88.0 136.0
88.0 136.0
85.0 137.0
88.0 136.0
92.0 123.0
89.0 129.0
85.0 137.0
88.0 136.0
92.0 123.0
88.0 136.0
89.0 129.0
92.0 123.0
91.0 126.0
88.0 136.0
85.0 137.0
85.0 137.0
89.0 129.0
85.0 137.0
91.0 126.0
89.0 129.0
91.0 126.0
93.0 117.0
94.0 114.0
85.0 137.0
92.0 123.0
88.0 136.0
91.0 126.0
94.0 114.0
92.0 123.0
92.0 123.0
89.0 129.0
93.0 117.0
94.0 114.0
94.0 114.0
94.0 114.0
92.0 123.0
94.0 114.0
91.0 126.0
93.0 117.0
91.0 126.0
91.0 126.0
85.0 137.0
93.0 117.0
85.0 137.0
93.0 117.0
89.0 129.0
89.0 129.0
91.0 126.0
91.0 126.0
94.0 114.0
92.0 123.0
94.0 114.0
92.0 123.0
91.0 126.0
89.0 129.0
85.0 137.0
93.0 117.0
93.0 117.0
92.0 123.0
89.0 129.0
93.0 117.0
85.0 137.0
93.0 117.0
94.0 114.0
94.0 114.0
85.0 137.0
88.0 136.0
94.0 114.0
92.0 123.0
85.0 137.0
92.0 123.0
89.0 129.0
93.0 117.0
93.0 117.0
93.0 117.0
85.0 137.0
94.0 114.0
92.0 123.0
94.0 114.0
89.0 129.0
92.0 123.0
92.0 123.0
85.0 137.0
92.0 123.0
94.0 114.0
88.0 136.0
93.0 117.0
94.0 114.0
93.0 117.0
95.0 99.0
93.0 117.0
85.0 137.0
94.0 114.0
