21.0 179.0
21.0 179.0
21.0 179.0
21.0 179.0
21.0 179.0
21.0 179.0
20.0 192.0
20.0 192.0
21.0 179.0
30.0 156.0
19.0 204.0
21.0 179.0
20.0 192.0
19.0 204.0
30.0 156.0
19.0 204.0
21.0 179.0
21.0 179.0
19.0 204.0
20.0 192.0
20.0 192.0
30.0 156.0
19.0 204.0
20.0 192.0
19.0 204.0
19.0 204.0
19.0 204.0
20.0 192.0
19.0 204.0
21.0 179.0
30.0 156.0
19.0 204.0
30.0 156.0
19.0 204.0
19.0 204.0
20.0 192.0
19.0 204.0
22.0 171.0
20.0 192.0
22.0 171.0
19.0 204.0
30.0 156.0
22.0 171.0
22.0 171.0
20.0 192.0
19.0 204.0
20.0 192.0
20.0 192.0
21.0 179.0
21.0 179.0
20.0 192.0
22.0 171.0
21.0 179.0
25.0 161.0
22.0 171.0
25.0 161.0
30.0 156.0
21.0 179.0
30.0 156.0
25.0 161.0
20.0 192.0
22.0 171.0
30.0 156.0
30.0 156.0
30.0 156.0
25.0 161.0
22.0 171.0
22.0 171.0
25.0 161.0
25.0 161.0
25.0 161.0
22.0 171.0
20.0 192.0
31.0 154.0
25.0 161.0
25.0 161.0
22.0 171.0
21.0 179.0
25.0 161.0
22.0 171.0
25.0 161.0
25.0 161.0
22.0 171.0
30.0 156.0
19.0 204.0
24.0 162.0
30.0 156.0
25.0 161.0
30.0 156.0
20.0 192.0
25.0 161.0
20.0 192.0
21.0 179.0
25.0 161.0
22.0 171.0
25.0 161.0
30.0 156.0
22.0 171.0
30.0 156.0
22.0 171.0
