28.0 681.0
29.0 672.0
29.0 672.0
23.0 779.0
29.0 672.0
33.0 665.0
33.0 665.0
28.0 681.0
34.0 655.0
34.0 655.0
23.0 779.0
28.0 681.0
33.0 665.0
29.0 672.0
33.0 665.0
28.0 681.0
29.0 672.0
29.0 672.0
34.0 655.0
33.0 665.0
29.0 672.0
33.0 665.0
28.0 681.0
34.0 655.0
29.0 672.0
34.0 655.0
33.0 665.0
25.0 722.0
28.0 681.0
34.0 655.0
28.0 681.0
28.0 681.0
29.0 672.0
24.0 738.0
33.0 665.0
33.0 665.0
26.0 718.0
25.0 722.0
25.0 722.0
28.0 681.0
23.0 779.0
28.0 681.0
28.0 681.0
29.0 672.0
29.0 672.0
33.0 665.0
28.0 681.0
33.0 665.0
27.0 688.0
25.0 722.0
28.0 681.0
29.0 672.0
24.0 784.0
26.0 719.0
34.0 659.0
34.0 660.0
27.0 697.0
27.0 697.0
27.0 697.0
27.0 697.0
27.0 697.0
27.0 697.0
27.0 697.0
27.0 697.0
27.0 697.0
27.0 697.0
27.0 697.0
27.0 697.0
27.0 697.0
27.0 697.0
27.0 697.0
27.0 697.0
27.0 697.0
27.0 697.0
27.0 697.0
26.0 720.0
26.0 720.0
26.0 720.0
26.0 720.0
26.0 720.0
26.0 720.0
26.0 720.0
27.0 697.0
27.0 697.0
27.0 697.0
27.0 697.0
27.0 697.0
27.0 697.0
27.0 697.0
27.0 697.0
27.0 697.0
27.0 697.0
26.0 720.0
25.0 723.0
25.0 725.0
25.0 725.0
25.0 725.0
25.0 725.0
25.0 725.0
25.0 725.0
