347.0 551.0
363.0 527.0
347.0 551.0
329.0 592.0
329.0 592.0
329.0 592.0
323.0 624.0
348.0 545.0
336.0 568.0
323.0 624.0
348.0 545.0
344.0 559.0
329.0 592.0
325.0 615.0
323.0 624.0
347.0 551.0
336.0 568.0
329.0 592.0
323.0 624.0
368.0 520.0
371.0 516.0
345.0 554.0
371.0 516.0
363.0 527.0
327.0 601.0
344.0 559.0
355.0 530.0
351.0 536.0
336.0 568.0
330.0 583.0
336.0 568.0
336.0 568.0
355.0 530.0
347.0 551.0
351.0 536.0
336.0 568.0
368.0 520.0
330.0 583.0
348.0 545.0
345.0 554.0
351.0 536.0
330.0 583.0
363.0 527.0
363.0 527.0
323.0 624.0
365.0 522.0
327.0 601.0
345.0 554.0
363.0 527.0
368.0 520.0
365.0 522.0
363.0 527.0
327.0 601.0
327.0 601.0
351.0 536.0
330.0 583.0
348.0 545.0
338.0 560.0
332.0 575.0
371.0 516.0
327.0 601.0
368.0 520.0
332.0 575.0
338.0 560.0
338.0 560.0
332.0 575.0
338.0 560.0
344.0 559.0
347.0 551.0
355.0 530.0
371.0 516.0
351.0 536.0
344.0 559.0
348.0 545.0
330.0 583.0
323.0 624.0
351.0 536.0
332.0 575.0
355.0 530.0
365.0 522.0
368.0 520.0
330.0 583.0
332.0 575.0
338.0 560.0
345.0 554.0
371.0 516.0
332.0 575.0
365.0 522.0
329.0 592.0
355.0 530.0
327.0 601.0
344.0 559.0
338.0 560.0
365.0 522.0
347.0 551.0
345.0 554.0
348.0 545.0
344.0 559.0
355.0 530.0
371.0 516.0
