4659.0 357.0
4659.0 357.0
4659.0 357.0
4664.0 354.0
4659.0 357.0
4664.0 354.0
4692.0 348.0
4692.0 348.0
4692.0 348.0
4664.0 354.0
4659.0 357.0
4664.0 354.0
4692.0 348.0
4659.0 357.0
4592.0 395.0
4692.0 348.0
4677.0 350.0
4592.0 395.0
4592.0 395.0
4677.0 350.0
4677.0 350.0
4659.0 357.0
4592.0 395.0
4598.0 378.0
4634.0 365.0
4592.0 395.0
4628.0 368.0
4677.0 350.0
4598.0 378.0
4592.0 395.0
4634.0 365.0
4628.0 368.0
4664.0 354.0
4598.0 378.0
4648.0 361.0
4648.0 361.0
4592.0 395.0
4628.0 368.0
4664.0 354.0
4648.0 361.0
4598.0 378.0
4628.0 368.0
4634.0 365.0
4598.0 378.0
4634.0 365.0
4664.0 354.0
4634.0 365.0
4677.0 350.0
4677.0 350.0
4664.0 354.0
4648.0 361.0
4677.0 350.0
4628.0 368.0
4628.0 368.0
4634.0 365.0
4608.0 377.0
4692.0 348.0
4598.0 378.0
4677.0 350.0
4598.0 378.0
4648.0 361.0
4628.0 368.0
4592.0 395.0
4628.0 368.0
4592.0 395.0
4592.0 395.0
4677.0 350.0
4659.0 357.0
4608.0 377.0
4664.0 354.0
4610.0 371.0
4598.0 378.0
4610.0 371.0
4610.0 371.0
4608.0 377.0
4634.0 365.0
4610.0 371.0
4598.0 378.0
4608.0 377.0
4610.0 371.0
4610.0 371.0
4648.0 361.0
4648.0 361.0
4648.0 361.0
4608.0 377.0
4608.0 377.0
4692.0 348.0
4634.0 365.0
4610.0 371.0
4659.0 357.0
4692.0 348.0
4610.0 371.0
4608.0 377.0
4628.0 368.0
4634.0 365.0
4608.0 377.0
4610.0 371.0
4648.0 361.0
4608.0 377.0
4692.0 348.0
