3968.0 308.0
3897.0 313.0
3886.0 323.0
3886.0 323.0
3776.0 381.0
3776.0 381.0
3844.0 340.0
3776.0 381.0
3886.0 323.0
3945.0 309.0
3944.0 311.0
3851.0 336.0
3757.0 403.0
3945.0 309.0
3844.0 340.0
3944.0 311.0
3857.0 331.0
3945.0 309.0
3737.0 415.0
3890.0 317.0
3789.0 363.0
3802.0 358.0
3757.0 403.0
3822.0 351.0
3796.0 362.0
3789.0 363.0
3796.0 362.0
3796.0 362.0
3761.0 401.0
3771.0 382.0
3729.0 438.0
3743.0 411.0
3802.0 358.0
3764.0 391.0
3743.0 411.0
3761.0 401.0
3808.0 354.0
3777.0 375.0
3879.0 327.0
3945.0 309.0
3796.0 362.0
3743.0 411.0
3729.0 438.0
3757.0 403.0
3822.0 351.0
3944.0 311.0
3729.0 438.0
3808.0 354.0
3808.0 354.0
3789.0 363.0
3836.0 344.0
3826.0 350.0
3782.0 370.0
3826.0 350.0
3771.0 382.0
3944.0 311.0
3777.0 375.0
3836.0 344.0
3808.0 354.0
3886.0 323.0
3757.0 403.0
3861.0 329.0
3826.0 350.0
3761.0 401.0
3782.0 370.0
3879.0 327.0
3857.0 331.0
3764.0 391.0
3777.0 375.0
3822.0 351.0
3802.0 358.0
3764.0 391.0
3729.0 438.0
3822.0 351.0
3844.0 340.0
3762.0 394.0
3836.0 344.0
3771.0 382.0
3762.0 394.0
3857.0 331.0
3743.0 411.0
3768.0 387.0
3826.0 350.0
3782.0 370.0
3771.0 382.0
3731.0 423.0
3836.0 344.0
3802.0 358.0
3764.0 391.0
3731.0 423.0
3777.0 375.0
3768.0 387.0
3762.0 394.0
3731.0 423.0
3761.0 401.0
3762.0 394.0
3768.0 387.0
3782.0 370.0
3731.0 423.0
3768.0 387.0
