15486.0 3778.0
15602.0 3579.0
16029.0 3261.0
15971.0 3301.0
15863.0 3371.0
15987.0 3290.0
15717.0 3462.0
15511.0 3685.0
15526.0 3663.0
15533.0 3653.0
15690.0 3483.0
15553.0 3638.0
16088.0 3225.0
15801.0 3409.0
15745.0 3440.0
15496.0 3720.0
15536.0 3649.0
15786.0 3416.0
15589.0 3598.0
15593.0 3592.0
15516.0 3672.0
15683.0 3487.0
15919.0 3327.0
16222.0 3204.0
15957.0 3309.0
15965.0 3303.0
15725.0 3452.0
15676.0 3506.0
15872.0 3359.0
15891.0 3354.0
15657.0 3521.0
16046.0 3242.0
15633.0 3544.0
15909.0 3344.0
16188.0 3205.0
15600.0 3586.0
15648.0 3530.0
15773.0 3421.0
15507.0 3690.0
15577.0 3609.0
16078.0 3235.0
15662.0 3520.0
15866.0 3366.0
16146.0 3218.0
15670.0 3510.0
15605.0 3568.0
15738.0 3444.0
15996.0 3282.0
16039.0 3251.0
15879.0 3356.0
15504.0 3695.0
15612.0 3563.0
15972.0 3294.0
15735.0 3451.0
15560.0 3622.0
15694.0 3478.0
15857.0 3378.0
15622.0 3555.0
15530.0 3660.0
15586.0 3602.0
15940.0 3318.0
15640.0 3535.0
16013.0 3263.0
15718.0 3456.0
16172.0 3209.0
16006.0 3272.0
15617.0 3557.0
15701.0 3474.0
15828.0 3400.0
16294.0 3199.0
15638.0 3538.0
15913.0 3334.0
15846.0 3383.0
16162.0 3214.0
15835.0 3392.0
15570.0 3616.0
15750.0 3437.0
15946.0 3313.0
15503.0 3706.0
15761.0 3428.0
15925.0 3322.0
15557.0 3633.0
15665.0 3513.0
15779.0 3420.0
15572.0 3611.0
15837.0 3388.0
16238.0 3200.0
15550.0 3643.0
16157.0 3216.0
15652.0 3524.0
15766.0 3425.0
15794.0 3413.0
15581.0 3603.0
15598.0 3591.0
15702.0 3468.0
16141.0 3220.0
15709.0 3464.0
15754.0 3432.0
15626.0 3549.0
15900.0 3347.0
