321.0 1226.0
322.0 1204.0
323.0 1198.0
324.0 1193.0
325.0 1172.0
326.0 1164.0
327.0 1160.0
328.0 1146.0
329.0 1134.0
331.0 1115.0
332.0 1100.0
333.0 1089.0
334.0 1082.0
335.0 1071.0
336.0 1063.0
338.0 1045.0
340.0 1028.0
342.0 1027.0
343.0 1013.0
344.0 1010.0
346.0 1000.0
347.0 995.0
350.0 982.0
353.0 977.0
354.0 974.0
355.0 968.0
356.0 964.0
357.0 961.0
358.0 955.0
359.0 952.0
361.0 948.0
362.0 945.0
363.0 944.0
364.0 934.0
365.0 932.0
366.0 930.0
367.0 924.0
368.0 923.0
369.0 921.0
370.0 916.0
371.0 908.0
373.0 905.0
375.0 894.0
377.0 887.0
379.0 884.0
381.0 873.0
383.0 871.0
385.0 865.0
387.0 863.0
389.0 862.0
390.0 858.0
394.0 855.0
398.0 853.0
405.0 851.0
411.0 849.0
415.0 847.0
416.0 845.0
418.0 839.0
419.0 838.0
422.0 835.0
423.0 834.0
427.0 831.0
438.0 830.0
