194.0 1246.0
195.0 1232.0
196.0 1219.0
197.0 1216.0
198.0 1203.0
199.0 1199.0
200.0 1191.0
201.0 1179.0
202.0 1171.0
203.0 1166.0
204.0 1152.0
205.0 1146.0
206.0 1134.0
208.0 1127.0
209.0 1112.0
212.0 1108.0
213.0 1106.0
214.0 1104.0
215.0 1090.0
218.0 1086.0
219.0 1083.0
221.0 1077.0
222.0 1073.0
226.0 1069.0
227.0 1068.0
230.0 1063.0
234.0 1059.0
235.0 1058.0
236.0 1055.0
239.0 1049.0
243.0 1047.0
247.0 1044.0
248.0 1039.0
249.0 1037.0
250.0 1036.0
251.0 1035.0
252.0 1030.0
253.0 1029.0
254.0 1027.0
255.0 1023.0
257.0 1019.0
258.0 1015.0
260.0 1014.0
261.0 1009.0
262.0 1008.0
264.0 1004.0
265.0 999.0
267.0 997.0
269.0 995.0
272.0 990.0
276.0 986.0
279.0 983.0
296.0 981.0
297.0 975.0
299.0 972.0
304.0 971.0
307.0 969.0
308.0 968.0
