2640.0 663.0
2642.0 653.0
2650.0 643.0
2654.0 636.0
2660.0 608.0
2672.0 590.0
2684.0 588.0
2688.0 585.0
2700.0 583.0
2704.0 580.0
2706.0 576.0
2714.0 573.0
2722.0 571.0
2730.0 568.0
2750.0 566.0
2754.0 562.0
2768.0 560.0
2772.0 557.0
2778.0 553.0
2794.0 552.0
2802.0 551.0
2806.0 547.0
2810.0 546.0
2812.0 542.0
2822.0 541.0
2832.0 534.0
2836.0 528.0
2846.0 527.0
2856.0 526.0
2862.0 522.0
2876.0 518.0
2884.0 516.0
2910.0 511.0
2930.0 509.0
2938.0 507.0
2982.0 503.0
2990.0 501.0
3014.0 499.0
3064.0 498.0
3068.0 497.0
3080.0 493.0
3088.0 491.0
3112.0 489.0
