444.0 1166.0
445.0 1122.0
446.0 1108.0
447.0 1095.0
448.0 1093.0
449.0 1074.0
450.0 1051.0
451.0 1038.0
453.0 1026.0
454.0 1024.0
455.0 1015.0
456.0 1012.0
457.0 1003.0
458.0 1001.0
460.0 989.0
461.0 986.0
462.0 982.0
463.0 976.0
464.0 972.0
465.0 968.0
466.0 967.0
467.0 961.0
469.0 957.0
470.0 954.0
471.0 948.0
475.0 947.0
476.0 942.0
477.0 938.0
479.0 936.0
480.0 931.0
482.0 928.0
483.0 927.0
484.0 926.0
485.0 920.0
487.0 919.0
489.0 913.0
490.0 910.0
493.0 909.0
494.0 906.0
495.0 905.0
496.0 902.0
497.0 901.0
498.0 893.0
499.0 890.0
501.0 887.0
503.0 884.0
504.0 881.0
506.0 878.0
508.0 876.0
510.0 873.0
512.0 872.0
516.0 871.0
517.0 869.0
519.0 868.0
520.0 866.0
522.0 865.0
528.0 864.0
533.0 863.0
537.0 862.0
540.0 859.0
546.0 852.0
549.0 849.0
551.0 847.0
