192.0 1361.0
193.0 1349.0
194.0 1337.0
195.0 1280.0
197.0 1254.0
199.0 1231.0
201.0 1204.0
202.0 1198.0
203.0 1180.0
205.0 1176.0
206.0 1146.0
207.0 1139.0
209.0 1135.0
211.0 1121.0
212.0 1106.0
213.0 1100.0
215.0 1098.0
216.0 1092.0
217.0 1089.0
218.0 1083.0
220.0 1082.0
221.0 1079.0
222.0 1073.0
226.0 1069.0
228.0 1065.0
230.0 1064.0
231.0 1061.0
233.0 1059.0
234.0 1058.0
235.0 1050.0
237.0 1045.0
239.0 1041.0
240.0 1035.0
242.0 1028.0
244.0 1026.0
246.0 1020.0
248.0 1018.0
249.0 1016.0
250.0 1015.0
251.0 1012.0
252.0 1009.0
254.0 1005.0
258.0 1002.0
260.0 1001.0
261.0 1000.0
262.0 996.0
265.0 995.0
277.0 993.0
278.0 988.0
281.0 987.0
286.0 986.0
287.0 984.0
289.0 981.0
291.0 980.0
293.0 977.0
296.0 976.0
297.0 973.0
317.0 970.0
318.0 968.0
322.0 966.0
