2622.0 734.0
2624.0 730.0
2626.0 682.0
2630.0 649.0
2648.0 647.0
2652.0 623.0
2670.0 622.0
2674.0 613.0
2676.0 611.0
2690.0 606.0
2698.0 601.0
2706.0 588.0
2722.0 587.0
2724.0 586.0
2730.0 584.0
2734.0 579.0
2738.0 569.0
2754.0 568.0
2766.0 563.0
2778.0 553.0
2796.0 539.0
2798.0 535.0
2818.0 528.0
2820.0 524.0
2848.0 522.0
2856.0 520.0
2866.0 517.0
2870.0 511.0
2906.0 507.0
2942.0 505.0
2946.0 503.0
2980.0 499.0
2996.0 498.0
3004.0 496.0
3036.0 494.0
3056.0 493.0
3068.0 490.0
3112.0 489.0
3200.0 486.0
3218.0 484.0
3242.0 482.0
