16467.0 1392.0
16469.0 1385.0
16470.0 1376.0
16471.0 1368.0
16474.0 1352.0
16475.0 1346.0
16483.0 1334.0
16486.0 1331.0
16492.0 1328.0
16494.0 1319.0
16498.0 1318.0
16500.0 1317.0
16502.0 1313.0
16504.0 1310.0
16506.0 1306.0
16510.0 1304.0
16513.0 1300.0
16515.0 1296.0
16518.0 1293.0
16521.0 1289.0
16526.0 1281.0
16529.0 1261.0
16531.0 1259.0
16532.0 1249.0
16534.0 1247.0
16537.0 1239.0
16539.0 1237.0
16553.0 1232.0
16555.0 1230.0
16557.0 1228.0
16563.0 1227.0
16565.0 1225.0
16570.0 1222.0
16571.0 1215.0
16573.0 1213.0
16587.0 1208.0
16592.0 1198.0
16599.0 1196.0
16617.0 1195.0
16618.0 1194.0
16622.0 1193.0
16623.0 1183.0
16628.0 1181.0
16635.0 1179.0
16640.0 1173.0
16649.0 1172.0
16659.0 1171.0
16663.0 1164.0
16668.0 1162.0
16672.0 1153.0
16683.0 1146.0
16686.0 1145.0
16697.0 1138.0
16706.0 1135.0
16711.0 1128.0
16722.0 1121.0
16725.0 1119.0
16728.0 1117.0
16733.0 1113.0
16736.0 1112.0
16737.0 1099.0
16748.0 1092.0
16765.0 1089.0
16776.0 1082.0
16792.0 1080.0
16797.0 1079.0
16803.0 1074.0
16808.0 1072.0
16820.0 1071.0
16831.0 1064.0
16857.0 1060.0
16862.0 1059.0
16868.0 1053.0
16899.0 1048.0
16904.0 1045.0
16925.0 1044.0
16944.0 1043.0
16958.0 1042.0
16962.0 1041.0
16983.0 1040.0
16989.0 1038.0
16993.0 1036.0
17001.0 1032.0
17025.0 1030.0
17041.0 1028.0
17042.0 1026.0
17065.0 1022.0
17099.0 1021.0
17105.0 1020.0
17124.0 1017.0
17147.0 1013.0
17181.0 1012.0
17206.0 1011.0
17222.0 1008.0
