12937.0 3474.0
12941.0 3448.0
12944.0 3399.0
12945.0 3387.0
12950.0 3382.0
12952.0 3339.0
12956.0 3333.0
12958.0 3325.0
12961.0 3312.0
12967.0 3310.0
12968.0 3308.0
12970.0 3300.0
12973.0 3287.0
12974.0 3285.0
12979.0 3278.0
12982.0 3276.0
12986.0 3261.0
12992.0 3260.0
12995.0 3255.0
12997.0 3253.0
12998.0 3241.0
13003.0 3240.0
13004.0 3226.0
13008.0 3196.0
13013.0 3194.0
13015.0 3192.0
13018.0 3188.0
13021.0 3182.0
13022.0 3180.0
13025.0 3168.0
13033.0 3159.0
13035.0 3157.0
13040.0 3147.0
13042.0 3129.0
13044.0 3126.0
13049.0 3113.0
13056.0 3089.0
13058.0 3086.0
13064.0 3084.0
13065.0 3073.0
13073.0 3068.0
13084.0 3065.0
13085.0 3064.0
13087.0 3061.0
13089.0 3057.0
13093.0 3049.0
13095.0 3048.0
13097.0 3037.0
13102.0 3036.0
13103.0 3017.0
13107.0 3015.0
13111.0 3012.0
13115.0 3010.0
13124.0 3009.0
13126.0 3007.0
13129.0 3006.0
13130.0 3005.0
13131.0 3003.0
13135.0 3001.0
13139.0 2998.0
13142.0 2994.0
13147.0 2989.0
13148.0 2986.0
13155.0 2984.0
13156.0 2981.0
13165.0 2979.0
13166.0 2977.0
13168.0 2974.0
13176.0 2969.0
13184.0 2967.0
13185.0 2966.0
13189.0 2962.0
13190.0 2956.0
13198.0 2951.0
13202.0 2950.0
13203.0 2949.0
13204.0 2948.0
13206.0 2944.0
13210.0 2942.0
13213.0 2937.0
13219.0 2931.0
13227.0 2926.0
13236.0 2923.0
13241.0 2920.0
13243.0 2919.0
13244.0 2915.0
13247.0 2914.0
13251.0 2912.0
13252.0 2910.0
13253.0 2904.0
13260.0 2901.0
13261.0 2899.0
13263.0 2896.0
13266.0 2895.0
13270.0 2891.0
13275.0 2889.0
13281.0 2888.0
13284.0 2878.0
13292.0 2877.0
13295.0 2874.0
13298.0 2872.0
13301.0 2866.0
13308.0 2865.0
13309.0 2861.0
13315.0 2856.0
13317.0 2854.0
13326.0 2852.0
13329.0 2850.0
13331.0 2848.0
13332.0 2847.0
13334.0 2845.0
13335.0 2844.0
13340.0 2842.0
13341.0 2839.0
13345.0 2836.0
13349.0 2831.0
13355.0 2826.0
13363.0 2825.0
13366.0 2822.0
13369.0 2820.0
13372.0 2817.0
13380.0 2816.0
13386.0 2811.0
13402.0 2810.0
13407.0 2804.0
13414.0 2801.0
13421.0 2798.0
13428.0 2795.0
13444.0 2794.0
13445.0 2793.0
13447.0 2790.0
13449.0 2789.0
13450.0 2787.0
13461.0 2785.0
13463.0 2783.0
13464.0 2781.0
13466.0 2780.0
13479.0 2777.0
13480.0 2774.0
13488.0 2772.0
13493.0 2771.0
13501.0 2769.0
13502.0 2767.0
13510.0 2765.0
13515.0 2764.0
13516.0 2762.0
13524.0 2761.0
13526.0 2760.0
13529.0 2759.0
13534.0 2758.0
13538.0 2755.0
13546.0 2754.0
13551.0 2752.0
13557.0 2748.0
13565.0 2747.0
13571.0 2746.0
13574.0 2740.0
13582.0 2739.0
13588.0 2738.0
13596.0 2737.0
13604.0 2732.0
13607.0 2730.0
13611.0 2729.0
13623.0 2727.0
13628.0 2721.0
13636.0 2720.0
13639.0 2718.0
13645.0 2714.0
13646.0 2713.0
13654.0 2712.0
13656.0 2710.0
13663.0 2708.0
13664.0 2706.0
13667.0 2705.0
13669.0 2704.0
13670.0 2699.0
13675.0 2698.0
13682.0 2695.0
13688.0 2694.0
13689.0 2689.0
13694.0 2688.0
13698.0 2687.0
13706.0 2686.0
13709.0 2677.0
13717.0 2676.0
13725.0 2675.0
13731.0 2671.0
13732.0 2669.0
13740.0 2668.0
13749.0 2667.0
13754.0 2663.0
13762.0 2661.0
13770.0 2660.0
13779.0 2659.0
13787.0 2658.0
13804.0 2654.0
13806.0 2652.0
13814.0 2651.0
13828.0 2650.0
13836.0 2649.0
13844.0 2647.0
13851.0 2642.0
13859.0 2641.0
13882.0 2636.0
13890.0 2635.0
13901.0 2633.0
13909.0 2632.0
13932.0 2627.0
13940.0 2626.0
13964.0 2625.0
13978.0 2624.0
13987.0 2620.0
13995.0 2619.0
14059.0 2617.0
14166.0 2616.0
14184.0 2615.0
14185.0 2614.0
14203.0 2613.0
