526.0 1409.0
527.0 1363.0
528.0 1350.0
529.0 1339.0
530.0 1336.0
531.0 1301.0
532.0 1294.0
533.0 1272.0
534.0 1257.0
535.0 1250.0
537.0 1244.0
538.0 1237.0
539.0 1228.0
541.0 1227.0
542.0 1223.0
543.0 1220.0
544.0 1215.0
545.0 1212.0
546.0 1209.0
547.0 1206.0
548.0 1205.0
549.0 1198.0
550.0 1197.0
551.0 1191.0
552.0 1190.0
553.0 1184.0
555.0 1176.0
556.0 1175.0
557.0 1169.0
559.0 1164.0
561.0 1163.0
562.0 1161.0
563.0 1151.0
564.0 1149.0
566.0 1148.0
567.0 1146.0
568.0 1136.0
571.0 1133.0
573.0 1131.0
577.0 1123.0
581.0 1122.0
583.0 1114.0
588.0 1108.0
590.0 1106.0
592.0 1105.0
593.0 1098.0
596.0 1096.0
598.0 1095.0
599.0 1088.0
602.0 1087.0
603.0 1086.0
605.0 1079.0
609.0 1077.0
611.0 1075.0
613.0 1074.0
614.0 1072.0
617.0 1070.0
618.0 1068.0
620.0 1067.0
621.0 1065.0
625.0 1064.0
627.0 1062.0
628.0 1060.0
630.0 1059.0
