2602.0 684.0
2606.0 682.0
2610.0 676.0
2626.0 672.0
2636.0 662.0
2640.0 659.0
2642.0 657.0
2652.0 656.0
2658.0 653.0
2660.0 651.0
2670.0 632.0
2682.0 631.0
2684.0 600.0
2700.0 598.0
2718.0 586.0
2724.0 585.0
2728.0 581.0
2736.0 577.0
2754.0 573.0
2758.0 571.0
2762.0 567.0
2770.0 563.0
2788.0 561.0
2798.0 558.0
2802.0 555.0
2812.0 554.0
2820.0 553.0
2822.0 552.0
2826.0 551.0
2836.0 545.0
2842.0 544.0
2852.0 536.0
2884.0 533.0
2896.0 530.0
2914.0 529.0
2916.0 525.0
2918.0 519.0
2930.0 517.0
2938.0 514.0
2954.0 511.0
2962.0 506.0
2992.0 502.0
3018.0 498.0
3042.0 494.0
3090.0 493.0
3118.0 490.0
3190.0 489.0
