16455.0 1415.0
16461.0 1403.0
16470.0 1367.0
16476.0 1355.0
16482.0 1347.0
16487.0 1340.0
16493.0 1332.0
16501.0 1330.0
16502.0 1324.0
16507.0 1322.0
16514.0 1288.0
16515.0 1279.0
16531.0 1274.0
16533.0 1271.0
16534.0 1269.0
16537.0 1253.0
16556.0 1243.0
16559.0 1236.0
16563.0 1235.0
16571.0 1227.0
16576.0 1219.0
16583.0 1205.0
16590.0 1196.0
16606.0 1193.0
16613.0 1179.0
16631.0 1178.0
16636.0 1177.0
16638.0 1176.0
16645.0 1173.0
16654.0 1168.0
16660.0 1166.0
16667.0 1165.0
16668.0 1161.0
16671.0 1156.0
16677.0 1155.0
16681.0 1152.0
16682.0 1146.0
16684.0 1140.0
16696.0 1136.0
16704.0 1133.0
16711.0 1128.0
16722.0 1121.0
16725.0 1119.0
16728.0 1117.0
16733.0 1113.0
16736.0 1112.0
16737.0 1099.0
16748.0 1092.0
16765.0 1089.0
16776.0 1082.0
16792.0 1081.0
16803.0 1074.0
16818.0 1073.0
16820.0 1071.0
16831.0 1064.0
16857.0 1060.0
16862.0 1059.0
16868.0 1053.0
16899.0 1048.0
16904.0 1045.0
16925.0 1044.0
16944.0 1043.0
16958.0 1042.0
16962.0 1041.0
16983.0 1040.0
16985.0 1039.0
16989.0 1038.0
16991.0 1033.0
17001.0 1032.0
17017.0 1031.0
17025.0 1030.0
17035.0 1027.0
17043.0 1026.0
17065.0 1022.0
17105.0 1020.0
17117.0 1018.0
17125.0 1017.0
17147.0 1013.0
17187.0 1011.0
