5368.0 716.0
5371.0 694.0
5375.0 683.0
5378.0 681.0
5384.0 679.0
5387.0 668.0
5394.0 662.0
5395.0 659.0
5400.0 654.0
5402.0 653.0
5408.0 645.0
5409.0 644.0
5414.0 642.0
5416.0 638.0
5422.0 630.0
5431.0 629.0
5435.0 628.0
5436.0 622.0
5439.0 621.0
5441.0 620.0
5450.0 619.0
5453.0 613.0
5458.0 611.0
5468.0 610.0
5478.0 609.0
5484.0 607.0
5491.0 605.0
5499.0 603.0
5504.0 601.0
5516.0 600.0
5518.0 593.0
5528.0 591.0
5531.0 589.0
5535.0 586.0
5539.0 584.0
5543.0 580.0
5551.0 575.0
5560.0 573.0
5564.0 571.0
5568.0 568.0
5576.0 562.0
5589.0 559.0
5593.0 555.0
5605.0 553.0
5606.0 552.0
5620.0 551.0
5622.0 546.0
5641.0 543.0
5642.0 540.0
5658.0 536.0
5660.0 534.0
5676.0 530.0
5686.0 529.0
5693.0 528.0
5701.0 526.0
5702.0 525.0
5703.0 522.0
5719.0 518.0
5738.0 517.0
5756.0 516.0
5762.0 512.0
5781.0 511.0
5851.0 504.0
