9935.0 1940.0
9937.0 1864.0
9943.0 1860.0
9945.0 1859.0
9949.0 1844.0
9952.0 1815.0
9957.0 1812.0
9960.0 1811.0
9965.0 1808.0
9966.0 1795.0
9970.0 1791.0
9975.0 1788.0
9978.0 1786.0
9981.0 1781.0
9985.0 1777.0
9987.0 1773.0
9989.0 1770.0
9992.0 1762.0
10000.0 1758.0
10004.0 1755.0
10007.0 1748.0
10014.0 1742.0
10019.0 1739.0
10022.0 1735.0
10028.0 1730.0
10029.0 1728.0
10034.0 1725.0
10037.0 1721.0
10043.0 1713.0
10047.0 1708.0
10052.0 1705.0
10056.0 1704.0
10057.0 1698.0
10062.0 1687.0
10075.0 1684.0
10080.0 1679.0
10088.0 1678.0
10090.0 1674.0
10094.0 1672.0
10096.0 1669.0
10100.0 1666.0
10104.0 1662.0
10105.0 1660.0
10115.0 1656.0
10116.0 1651.0
10120.0 1650.0
10133.0 1648.0
10134.0 1643.0
10138.0 1642.0
10145.0 1640.0
10148.0 1636.0
10152.0 1635.0
10165.0 1634.0
10167.0 1630.0
10171.0 1627.0
10175.0 1626.0
10181.0 1624.0
10185.0 1622.0
10186.0 1621.0
10192.0 1620.0
10196.0 1619.0
10197.0 1618.0
10199.0 1615.0
10203.0 1614.0
10210.0 1612.0
10213.0 1609.0
10217.0 1608.0
10220.0 1606.0
10226.0 1605.0
10230.0 1602.0
10236.0 1600.0
10240.0 1599.0
10244.0 1594.0
10256.0 1593.0
10258.0 1588.0
10269.0 1587.0
10270.0 1585.0
10275.0 1582.0
10282.0 1576.0
10294.0 1575.0
10301.0 1573.0
10307.0 1569.0
10308.0 1567.0
10320.0 1566.0
10329.0 1564.0
10333.0 1560.0
10343.0 1558.0
10345.0 1555.0
10356.0 1554.0
10361.0 1553.0
10362.0 1549.0
10371.0 1546.0
10372.0 1545.0
10378.0 1543.0
10388.0 1539.0
10394.0 1531.0
10406.0 1529.0
10413.0 1528.0
10417.0 1518.0
10422.0 1517.0
10437.0 1516.0
10442.0 1511.0
10445.0 1504.0
10460.0 1503.0
10465.0 1502.0
10470.0 1497.0
10483.0 1496.0
10487.0 1492.0
10488.0 1489.0
10506.0 1486.0
10525.0 1484.0
10526.0 1481.0
10544.0 1478.0
10548.0 1476.0
10556.0 1473.0
10570.0 1472.0
10574.0 1470.0
10578.0 1468.0
10596.0 1465.0
10604.0 1464.0
10616.0 1463.0
10622.0 1461.0
10632.0 1458.0
10650.0 1455.0
10668.0 1454.0
10670.0 1453.0
10688.0 1452.0
10695.0 1450.0
10713.0 1449.0
10715.0 1448.0
10733.0 1447.0
