327.0 1227.0
328.0 1222.0
329.0 1200.0
330.0 1181.0
331.0 1168.0
332.0 1145.0
333.0 1132.0
334.0 1125.0
335.0 1106.0
336.0 1098.0
337.0 1091.0
338.0 1083.0
339.0 1075.0
340.0 1058.0
341.0 1045.0
342.0 1030.0
343.0 1022.0
344.0 1017.0
345.0 1012.0
346.0 1004.0
347.0 1001.0
348.0 999.0
349.0 990.0
350.0 983.0
352.0 971.0
353.0 967.0
355.0 955.0
358.0 954.0
359.0 950.0
360.0 947.0
361.0 943.0
362.0 935.0
364.0 927.0
368.0 924.0
369.0 919.0
370.0 914.0
371.0 904.0
373.0 894.0
375.0 890.0
376.0 887.0
377.0 884.0
378.0 883.0
381.0 880.0
382.0 879.0
383.0 876.0
384.0 873.0
385.0 872.0
388.0 869.0
389.0 868.0
392.0 863.0
397.0 850.0
399.0 848.0
400.0 845.0
401.0 836.0
403.0 834.0
404.0 831.0
408.0 825.0
410.0 823.0
411.0 820.0
415.0 819.0
416.0 817.0
418.0 815.0
419.0 812.0
420.0 810.0
428.0 809.0
435.0 808.0
