845.0 1028.0
846.0 1014.0
847.0 1007.0
848.0 997.0
849.0 993.0
850.0 983.0
851.0 974.0
852.0 966.0
853.0 930.0
854.0 925.0
855.0 905.0
856.0 898.0
857.0 883.0
858.0 875.0
859.0 866.0
860.0 858.0
861.0 852.0
862.0 848.0
863.0 842.0
864.0 838.0
865.0 834.0
866.0 830.0
867.0 829.0
868.0 828.0
869.0 824.0
870.0 822.0
871.0 820.0
872.0 812.0
873.0 805.0
874.0 797.0
876.0 795.0
877.0 792.0
878.0 781.0
883.0 775.0
886.0 774.0
893.0 768.0
894.0 765.0
895.0 763.0
898.0 761.0
901.0 757.0
902.0 755.0
905.0 754.0
906.0 752.0
