411.0 1365.0
413.0 1235.0
415.0 1229.0
416.0 1222.0
417.0 1220.0
418.0 1216.0
419.0 1214.0
420.0 1209.0
421.0 1208.0
422.0 1203.0
423.0 1196.0
424.0 1194.0
425.0 1190.0
426.0 1188.0
427.0 1183.0
429.0 1176.0
430.0 1174.0
432.0 1164.0
434.0 1157.0
435.0 1155.0
436.0 1151.0
437.0 1148.0
438.0 1141.0
439.0 1138.0
440.0 1127.0
443.0 1120.0
444.0 1111.0
446.0 1105.0
448.0 1099.0
450.0 1096.0
452.0 1089.0
454.0 1088.0
456.0 1079.0
457.0 1077.0
458.0 1075.0
459.0 1072.0
460.0 1061.0
462.0 1059.0
465.0 1049.0
467.0 1047.0
469.0 1039.0
470.0 1037.0
473.0 1035.0
474.0 1033.0
475.0 1031.0
478.0 1029.0
481.0 1021.0
483.0 1019.0
487.0 1015.0
489.0 1013.0
493.0 1010.0
495.0 1008.0
497.0 1006.0
499.0 1003.0
501.0 996.0
503.0 995.0
505.0 990.0
507.0 989.0
511.0 986.0
512.0 984.0
514.0 982.0
515.0 980.0
517.0 979.0
518.0 977.0
520.0 976.0
524.0 971.0
