113.0 709.0
114.0 695.0
115.0 689.0
116.0 629.0
117.0 619.0
118.0 608.0
119.0 599.0
120.0 588.0
121.0 583.0
123.0 572.0
124.0 570.0
125.0 568.0
126.0 552.0
128.0 548.0
129.0 541.0
131.0 539.0
132.0 535.0
133.0 528.0
135.0 525.0
136.0 523.0
137.0 519.0
138.0 514.0
140.0 510.0
142.0 507.0
145.0 506.0
149.0 501.0
153.0 498.0
155.0 497.0
159.0 494.0
160.0 493.0
161.0 492.0
163.0 491.0
164.0 490.0
165.0 489.0
166.0 486.0
169.0 484.0
171.0 483.0
177.0 481.0
178.0 480.0
179.0 479.0
180.0 478.0
181.0 474.0
