413.0 1235.0
415.0 1229.0
416.0 1222.0
417.0 1220.0
418.0 1216.0
419.0 1213.0
420.0 1209.0
421.0 1207.0
422.0 1197.0
423.0 1196.0
424.0 1191.0
425.0 1184.0
427.0 1178.0
428.0 1177.0
429.0 1171.0
430.0 1169.0
431.0 1165.0
432.0 1157.0
433.0 1149.0
434.0 1145.0
435.0 1140.0
436.0 1139.0
437.0 1131.0
438.0 1129.0
439.0 1122.0
440.0 1117.0
441.0 1115.0
442.0 1110.0
443.0 1102.0
444.0 1095.0
447.0 1087.0
448.0 1080.0
450.0 1073.0
451.0 1065.0
454.0 1064.0
456.0 1056.0
459.0 1055.0
461.0 1051.0
463.0 1047.0
464.0 1043.0
467.0 1039.0
471.0 1036.0
472.0 1034.0
474.0 1032.0
475.0 1030.0
479.0 1027.0
482.0 1023.0
486.0 1021.0
487.0 1018.0
488.0 1016.0
491.0 1014.0
494.0 1008.0
495.0 1006.0
496.0 1003.0
499.0 998.0
502.0 995.0
505.0 993.0
506.0 990.0
509.0 987.0
512.0 985.0
515.0 983.0
551.0 980.0
