12926.0 3445.0
12928.0 3435.0
12933.0 3420.0
12934.0 3419.0
12935.0 3398.0
12936.0 3388.0
12940.0 3371.0
12943.0 3351.0
12947.0 3334.0
12952.0 3319.0
12955.0 3317.0
12957.0 3310.0
12963.0 3299.0
12968.0 3296.0
12969.0 3293.0
12972.0 3291.0
12974.0 3284.0
12977.0 3275.0
12980.0 3273.0
12982.0 3266.0
12988.0 3255.0
12993.0 3252.0
12996.0 3251.0
12997.0 3249.0
12998.0 3248.0
12999.0 3246.0
13003.0 3239.0
13005.0 3235.0
13009.0 3228.0
13014.0 3225.0
13016.0 3224.0
13017.0 3223.0
13019.0 3221.0
13021.0 3219.0
13022.0 3213.0
13025.0 3210.0
13030.0 3207.0
13033.0 3206.0
13034.0 3202.0
13035.0 3201.0
13036.0 3198.0
13039.0 3194.0
13040.0 3191.0
13042.0 3186.0
13048.0 3182.0
13050.0 3176.0
13052.0 3168.0
13057.0 3148.0
13065.0 3140.0
13070.0 3120.0
13078.0 3115.0
13080.0 3113.0
13082.0 3112.0
13083.0 3106.0
13086.0 3093.0
13087.0 3092.0
13089.0 3089.0
13091.0 3073.0
13093.0 3070.0
13099.0 3068.0
13100.0 3065.0
13102.0 3062.0
13107.0 3057.0
13109.0 3054.0
13112.0 3052.0
13117.0 3047.0
13119.0 3044.0
13124.0 3042.0
13126.0 3039.0
13128.0 3036.0
13131.0 3035.0
13133.0 3031.0
13135.0 3028.0
13140.0 3021.0
13142.0 3018.0
13147.0 3013.0
13149.0 3010.0
13154.0 3009.0
13155.0 3008.0
13156.0 3006.0
13157.0 3005.0
13161.0 3001.0
13163.0 2998.0
13166.0 2997.0
13168.0 2991.0
13170.0 2988.0
13175.0 2983.0
13177.0 2980.0
13180.0 2979.0
13183.0 2978.0
13185.0 2974.0
13187.0 2971.0
13193.0 2969.0
13195.0 2966.0
13197.0 2963.0
13200.0 2961.0
13202.0 2956.0
13204.0 2953.0
13209.0 2948.0
13211.0 2945.0
13217.0 2943.0
13219.0 2940.0
13227.0 2938.0
13228.0 2937.0
13229.0 2935.0
13233.0 2932.0
13234.0 2926.0
13242.0 2921.0
13245.0 2919.0
13253.0 2914.0
13261.0 2912.0
13265.0 2907.0
13273.0 2902.0
13278.0 2897.0
13286.0 2892.0
13290.0 2891.0
13292.0 2883.0
13300.0 2878.0
13311.0 2876.0
13316.0 2873.0
13319.0 2868.0
13327.0 2863.0
13334.0 2862.0
13336.0 2858.0
13342.0 2857.0
13349.0 2856.0
13350.0 2855.0
13353.0 2850.0
13361.0 2845.0
13369.0 2841.0
13377.0 2840.0
13378.0 2836.0
13379.0 2833.0
13381.0 2831.0
13388.0 2830.0
13393.0 2829.0
13396.0 2828.0
13397.0 2825.0
13400.0 2824.0
13402.0 2821.0
13403.0 2817.0
13413.0 2816.0
13414.0 2815.0
13417.0 2811.0
13418.0 2806.0
13424.0 2801.0
13425.0 2798.0
13439.0 2797.0
13440.0 2795.0
13444.0 2793.0
13445.0 2792.0
13448.0 2788.0
13450.0 2785.0
13455.0 2784.0
13465.0 2782.0
13469.0 2780.0
13475.0 2779.0
13477.0 2776.0
13480.0 2772.0
13486.0 2771.0
13488.0 2770.0
13492.0 2763.0
13495.0 2759.0
13501.0 2758.0
13506.0 2755.0
13517.0 2748.0
13520.0 2744.0
13537.0 2743.0
13541.0 2741.0
13542.0 2739.0
13543.0 2738.0
13544.0 2737.0
13545.0 2735.0
13546.0 2734.0
13552.0 2733.0
13562.0 2731.0
13563.0 2730.0
13570.0 2728.0
13571.0 2727.0
13576.0 2726.0
13577.0 2724.0
13578.0 2723.0
13583.0 2722.0
13592.0 2721.0
13593.0 2720.0
13595.0 2719.0
13602.0 2716.0
13603.0 2714.0
13604.0 2713.0
13608.0 2710.0
13613.0 2709.0
13626.0 2708.0
13630.0 2707.0
13632.0 2703.0
13633.0 2701.0
13634.0 2700.0
13639.0 2699.0
13650.0 2697.0
13651.0 2696.0
13656.0 2695.0
13659.0 2693.0
13660.0 2692.0
13665.0 2691.0
13676.0 2689.0
13677.0 2688.0
13682.0 2687.0
13693.0 2686.0
13698.0 2685.0
13701.0 2683.0
13702.0 2682.0
13707.0 2681.0
13718.0 2679.0
13719.0 2678.0
13724.0 2677.0
13725.0 2676.0
13727.0 2675.0
13737.0 2673.0
13739.0 2672.0
13741.0 2671.0
13743.0 2670.0
13744.0 2667.0
13746.0 2666.0
13756.0 2664.0
13758.0 2663.0
13760.0 2662.0
13762.0 2661.0
13772.0 2659.0
13774.0 2658.0
13784.0 2656.0
13786.0 2655.0
13790.0 2654.0
13800.0 2652.0
13802.0 2651.0
13820.0 2650.0
13826.0 2649.0
13834.0 2647.0
13838.0 2645.0
13844.0 2640.0
13856.0 2637.0
13860.0 2635.0
13871.0 2630.0
13883.0 2627.0
13887.0 2625.0
13899.0 2622.0
13917.0 2621.0
13925.0 2618.0
13935.0 2615.0
13941.0 2613.0
13947.0 2612.0
13953.0 2610.0
13962.0 2609.0
13968.0 2607.0
13972.0 2605.0
13981.0 2604.0
13984.0 2602.0
13993.0 2601.0
14003.0 2597.0
14015.0 2594.0
14033.0 2593.0
