48.0 1191.0
49.0 1189.0
50.0 1158.0
51.0 1156.0
52.0 1147.0
53.0 1141.0
54.0 1114.0
55.0 1112.0
56.0 1107.0
57.0 1095.0
58.0 1093.0
59.0 1088.0
60.0 1079.0
61.0 1070.0
62.0 1067.0
63.0 1057.0
64.0 1056.0
66.0 1043.0
67.0 1042.0
69.0 1038.0
70.0 1037.0
72.0 1030.0
73.0 1028.0
74.0 1022.0
75.0 1021.0
76.0 1016.0
78.0 1004.0
80.0 998.0
81.0 994.0
83.0 982.0
85.0 976.0
87.0 972.0
88.0 970.0
89.0 967.0
90.0 966.0
91.0 963.0
92.0 960.0
93.0 959.0
94.0 956.0
96.0 955.0
97.0 952.0
98.0 950.0
99.0 948.0
100.0 946.0
101.0 943.0
103.0 942.0
104.0 941.0
105.0 938.0
106.0 935.0
110.0 934.0
