848.0 995.0
849.0 979.0
850.0 965.0
851.0 935.0
852.0 925.0
853.0 915.0
854.0 911.0
855.0 901.0
856.0 898.0
857.0 888.0
858.0 883.0
859.0 880.0
860.0 871.0
861.0 867.0
862.0 860.0
863.0 856.0
864.0 849.0
865.0 845.0
866.0 839.0
867.0 836.0
868.0 829.0
869.0 825.0
870.0 819.0
871.0 816.0
872.0 814.0
873.0 808.0
874.0 807.0
875.0 806.0
876.0 802.0
877.0 800.0
878.0 796.0
880.0 794.0
881.0 791.0
882.0 789.0
883.0 785.0
884.0 784.0
885.0 779.0
886.0 775.0
888.0 774.0
891.0 773.0
892.0 771.0
894.0 766.0
897.0 765.0
