326.0 1171.0
328.0 1168.0
329.0 1151.0
330.0 1143.0
331.0 1132.0
332.0 1109.0
333.0 1096.0
335.0 1087.0
336.0 1085.0
337.0 1072.0
338.0 1060.0
339.0 1059.0
340.0 1046.0
341.0 1042.0
342.0 1029.0
343.0 1021.0
344.0 1008.0
345.0 1000.0
346.0 987.0
347.0 982.0
348.0 974.0
349.0 961.0
350.0 960.0
352.0 947.0
353.0 946.0
357.0 937.0
358.0 927.0
359.0 921.0
360.0 914.0
364.0 910.0
366.0 900.0
369.0 899.0
370.0 894.0
373.0 893.0
374.0 889.0
375.0 887.0
376.0 880.0
379.0 875.0
380.0 873.0
383.0 868.0
384.0 866.0
385.0 864.0
387.0 855.0
391.0 849.0
397.0 848.0
400.0 847.0
401.0 844.0
402.0 840.0
404.0 838.0
407.0 835.0
408.0 833.0
409.0 827.0
416.0 824.0
418.0 820.0
420.0 819.0
422.0 816.0
424.0 812.0
428.0 807.0
