525.0 1476.0
526.0 1333.0
527.0 1321.0
528.0 1319.0
529.0 1307.0
531.0 1300.0
532.0 1293.0
533.0 1285.0
534.0 1284.0
535.0 1277.0
537.0 1263.0
539.0 1260.0
540.0 1245.0
541.0 1221.0
543.0 1205.0
545.0 1200.0
546.0 1198.0
547.0 1193.0
548.0 1189.0
549.0 1188.0
550.0 1183.0
551.0 1181.0
552.0 1177.0
554.0 1171.0
556.0 1166.0
557.0 1162.0
559.0 1156.0
561.0 1151.0
563.0 1147.0
565.0 1144.0
567.0 1139.0
569.0 1132.0
571.0 1131.0
572.0 1129.0
573.0 1128.0
574.0 1127.0
575.0 1126.0
576.0 1125.0
577.0 1124.0
578.0 1123.0
579.0 1118.0
580.0 1115.0
584.0 1111.0
587.0 1110.0
588.0 1105.0
589.0 1102.0
593.0 1099.0
595.0 1096.0
599.0 1090.0
601.0 1089.0
602.0 1086.0
605.0 1084.0
606.0 1083.0
609.0 1080.0
612.0 1074.0
614.0 1071.0
616.0 1070.0
617.0 1069.0
619.0 1066.0
621.0 1065.0
627.0 1064.0
629.0 1061.0
631.0 1060.0
638.0 1059.0
