15250.0 4002.0
15256.0 3991.0
15259.0 3990.0
15260.0 3988.0
15261.0 3985.0
15263.0 3981.0
15264.0 3978.0
15266.0 3977.0
15267.0 3974.0
15269.0 3965.0
15270.0 3964.0
15273.0 3962.0
15274.0 3960.0
15275.0 3954.0
15277.0 3948.0
15282.0 3947.0
15283.0 3937.0
15284.0 3933.0
15285.0 3912.0
15289.0 3905.0
15291.0 3901.0
15292.0 3897.0
15293.0 3888.0
15297.0 3881.0
15299.0 3877.0
15300.0 3873.0
15303.0 3870.0
15304.0 3866.0
15306.0 3862.0
15309.0 3861.0
15310.0 3855.0
15313.0 3854.0
15314.0 3853.0
15315.0 3848.0
15318.0 3846.0
15320.0 3842.0
15322.0 3833.0
15329.0 3828.0
15330.0 3819.0
15336.0 3813.0
15342.0 3808.0
15344.0 3799.0
15354.0 3788.0
15363.0 3787.0
15364.0 3779.0
15366.0 3777.0
15368.0 3776.0
15375.0 3773.0
15376.0 3768.0
15378.0 3765.0
15385.0 3764.0
15387.0 3763.0
15388.0 3755.0
15390.0 3754.0
15397.0 3752.0
15398.0 3746.0
15400.0 3743.0
15407.0 3741.0
15408.0 3737.0
15410.0 3734.0
15412.0 3732.0
15418.0 3728.0
15420.0 3726.0
15422.0 3721.0
15429.0 3719.0
15430.0 3715.0
15432.0 3712.0
15439.0 3710.0
15440.0 3706.0
15450.0 3702.0
15451.0 3701.0
15453.0 3698.0
15458.0 3697.0
15460.0 3694.0
15461.0 3692.0
15466.0 3690.0
15467.0 3689.0
15468.0 3687.0
15470.0 3683.0
15471.0 3681.0
15472.0 3675.0
15473.0 3673.0
15476.0 3672.0
15477.0 3670.0
15478.0 3669.0
15479.0 3667.0
15482.0 3665.0
15483.0 3663.0
15486.0 3660.0
15488.0 3658.0
15489.0 3656.0
15490.0 3654.0
15492.0 3627.0
15494.0 3622.0
15500.0 3609.0
15504.0 3602.0
15505.0 3588.0
15517.0 3586.0
15519.0 3585.0
15520.0 3579.0
15523.0 3574.0
15527.0 3559.0
15532.0 3555.0
15533.0 3550.0
15538.0 3546.0
15539.0 3535.0
15545.0 3526.0
15551.0 3525.0
15552.0 3520.0
15553.0 3519.0
15554.0 3515.0
15557.0 3514.0
15558.0 3511.0
15559.0 3510.0
15560.0 3499.0
15566.0 3490.0
15572.0 3489.0
15573.0 3484.0
15575.0 3479.0
15579.0 3475.0
15583.0 3473.0
15587.0 3469.0
15588.0 3464.0
15597.0 3460.0
15599.0 3455.0
15603.0 3451.0
15606.0 3450.0
15607.0 3449.0
15610.0 3442.0
15612.0 3440.0
15618.0 3436.0
15619.0 3435.0
15622.0 3432.0
15623.0 3427.0
15631.0 3422.0
15636.0 3419.0
15638.0 3415.0
15643.0 3410.0
15651.0 3405.0
15656.0 3402.0
15658.0 3398.0
15666.0 3393.0
15680.0 3390.0
15681.0 3389.0
15684.0 3388.0
15688.0 3385.0
15689.0 3384.0
15700.0 3380.0
15707.0 3379.0
15710.0 3376.0
15715.0 3371.0
15723.0 3369.0
15725.0 3367.0
15733.0 3365.0
15748.0 3358.0
15757.0 3357.0
15759.0 3351.0
15767.0 3349.0
15775.0 3348.0
15781.0 3344.0
15789.0 3342.0
15793.0 3339.0
15801.0 3337.0
15810.0 3336.0
15811.0 3334.0
15815.0 3332.0
15823.0 3330.0
15829.0 3329.0
15833.0 3326.0
15841.0 3325.0
15844.0 3324.0
15847.0 3323.0
15854.0 3321.0
15860.0 3320.0
15862.0 3319.0
15867.0 3317.0
15868.0 3315.0
15871.0 3312.0
15879.0 3311.0
15881.0 3310.0
15883.0 3306.0
15885.0 3305.0
15886.0 3303.0
15888.0 3302.0
15899.0 3300.0
15901.0 3299.0
15904.0 3297.0
15906.0 3296.0
15917.0 3294.0
15918.0 3293.0
15920.0 3292.0
15921.0 3290.0
15932.0 3288.0
15934.0 3287.0
15935.0 3285.0
15939.0 3284.0
15945.0 3283.0
15947.0 3282.0
15948.0 3280.0
15950.0 3279.0
15963.0 3277.0
15965.0 3275.0
15966.0 3274.0
15967.0 3272.0
15972.0 3270.0
15973.0 3266.0
15984.0 3263.0
15990.0 3262.0
15991.0 3258.0
15992.0 3255.0
15997.0 3253.0
15998.0 3249.0
16010.0 3247.0
16015.0 3245.0
16016.0 3241.0
16024.0 3240.0
16033.0 3237.0
16039.0 3235.0
16040.0 3233.0
16041.0 3232.0
16045.0 3230.0
16046.0 3226.0
16047.0 3224.0
16062.0 3222.0
16063.0 3220.0
16064.0 3218.0
16065.0 3216.0
16073.0 3215.0
16078.0 3213.0
16081.0 3212.0
16083.0 3210.0
16090.0 3209.0
16091.0 3207.0
16096.0 3205.0
16104.0 3204.0
16107.0 3202.0
16109.0 3201.0
16115.0 3198.0
16122.0 3196.0
16125.0 3194.0
16133.0 3193.0
16141.0 3189.0
16151.0 3185.0
16169.0 3183.0
16174.0 3182.0
16175.0 3180.0
16183.0 3178.0
16191.0 3177.0
16193.0 3176.0
16201.0 3171.0
16209.0 3169.0
16230.0 3168.0
16234.0 3164.0
16242.0 3162.0
16263.0 3161.0
16273.0 3160.0
16294.0 3159.0
16318.0 3158.0
16366.0 3157.0
16378.0 3156.0
16398.0 3155.0
16418.0 3154.0
16438.0 3153.0
16500.0 3151.0
16540.0 3149.0
16549.0 3148.0
16589.0 3146.0
