90.0 85.0
90.0 85.0
89.0 86.0
89.0 86.0
89.0 86.0
89.0 86.0
90.0 85.0
90.0 85.0
87.0 102.0
91.0 84.0
90.0 85.0
87.0 102.0
87.0 102.0
90.0 85.0
89.0 86.0
91.0 84.0
87.0 102.0
89.0 86.0
90.0 85.0
87.0 102.0
90.0 85.0
87.0 102.0
91.0 84.0
87.0 102.0
87.0 102.0
90.0 85.0
87.0 102.0
89.0 86.0
91.0 84.0
90.0 85.0
90.0 85.0
90.0 85.0
87.0 102.0
92.0 82.0
87.0 102.0
87.0 102.0
89.0 86.0
92.0 82.0
89.0 86.0
90.0 85.0
89.0 86.0
92.0 82.0
89.0 86.0
92.0 82.0
90.0 85.0
90.0 85.0
91.0 84.0
92.0 82.0
91.0 84.0
91.0 84.0
91.0 84.0
89.0 86.0
89.0 86.0
92.0 82.0
91.0 84.0
91.0 84.0
89.0 86.0
92.0 82.0
91.0 84.0
92.0 82.0
87.0 102.0
89.0 86.0
87.0 102.0
89.0 86.0
91.0 84.0
87.0 102.0
92.0 82.0
87.0 102.0
91.0 84.0
91.0 84.0
87.0 102.0
87.0 102.0
91.0 84.0
89.0 86.0
89.0 86.0
92.0 82.0
89.0 86.0
90.0 85.0
92.0 82.0
92.0 82.0
92.0 82.0
87.0 102.0
92.0 82.0
92.0 82.0
90.0 85.0
91.0 84.0
92.0 82.0
92.0 82.0
92.0 82.0
90.0 85.0
91.0 84.0
90.0 85.0
92.0 82.0
91.0 84.0
87.0 102.0
92.0 82.0
91.0 84.0
89.0 86.0
91.0 84.0
90.0 85.0
