55.0 141.0
50.0 157.0
49.0 158.0
49.0 158.0
50.0 157.0
61.0 130.0
54.0 147.0
61.0 130.0
54.0 147.0
61.0 130.0
50.0 157.0
54.0 147.0
57.0 136.0
49.0 158.0
54.0 147.0
54.0 147.0
54.0 147.0
48.0 165.0
61.0 130.0
57.0 136.0
58.0 135.0
53.0 148.0
57.0 136.0
49.0 158.0
49.0 158.0
50.0 157.0
53.0 148.0
53.0 148.0
48.0 165.0
52.0 149.0
48.0 165.0
58.0 135.0
48.0 165.0
51.0 150.0
61.0 130.0
51.0 150.0
57.0 136.0
52.0 149.0
48.0 165.0
50.0 157.0
57.0 136.0
57.0 136.0
59.0 134.0
47.0 166.0
47.0 166.0
52.0 149.0
57.0 136.0
51.0 150.0
54.0 147.0
47.0 166.0
60.0 133.0
53.0 148.0
52.0 149.0
61.0 130.0
51.0 150.0
50.0 157.0
58.0 135.0
58.0 135.0
53.0 148.0
47.0 166.0
57.0 136.0
58.0 135.0
59.0 134.0
48.0 165.0
53.0 148.0
47.0 166.0
59.0 134.0
51.0 150.0
48.0 165.0
48.0 165.0
60.0 133.0
49.0 158.0
49.0 158.0
54.0 147.0
52.0 149.0
60.0 133.0
59.0 134.0
53.0 148.0
47.0 166.0
61.0 130.0
60.0 133.0
59.0 134.0
61.0 130.0
60.0 133.0
50.0 157.0
52.0 149.0
59.0 134.0
58.0 135.0
60.0 133.0
58.0 135.0
60.0 133.0
50.0 157.0
51.0 150.0
60.0 133.0
47.0 166.0
52.0 149.0
47.0 166.0
59.0 134.0
51.0 150.0
51.0 150.0
