380.0 663.0
355.0 707.0
352.0 727.0
352.0 727.0
355.0 707.0
351.0 734.0
355.0 707.0
352.0 727.0
373.0 671.0
354.0 717.0
351.0 734.0
354.0 717.0
387.0 660.0
351.0 734.0
373.0 671.0
369.0 680.0
369.0 680.0
387.0 660.0
373.0 671.0
351.0 734.0
359.0 698.0
354.0 717.0
359.0 698.0
366.0 685.0
359.0 698.0
373.0 671.0
361.0 695.0
358.0 703.0
383.0 662.0
361.0 695.0
380.0 663.0
354.0 717.0
369.0 680.0
388.0 654.0
380.0 663.0
358.0 703.0
351.0 734.0
355.0 707.0
352.0 727.0
352.0 727.0
383.0 662.0
358.0 703.0
369.0 680.0
373.0 671.0
388.0 654.0
388.0 654.0
388.0 654.0
352.0 727.0
363.0 689.0
361.0 695.0
366.0 685.0
351.0 734.0
363.0 689.0
363.0 689.0
361.0 695.0
358.0 703.0
373.0 671.0
361.0 695.0
353.0 724.0
383.0 662.0
358.0 703.0
354.0 717.0
353.0 724.0
359.0 698.0
366.0 685.0
387.0 660.0
369.0 680.0
369.0 680.0
355.0 707.0
363.0 689.0
366.0 685.0
380.0 663.0
355.0 707.0
384.0 661.0
366.0 685.0
387.0 660.0
383.0 662.0
387.0 660.0
387.0 660.0
366.0 685.0
388.0 654.0
361.0 695.0
383.0 662.0
363.0 689.0
363.0 689.0
384.0 661.0
358.0 703.0
380.0 663.0
383.0 662.0
353.0 724.0
353.0 724.0
384.0 661.0
388.0 654.0
354.0 717.0
359.0 698.0
353.0 724.0
353.0 724.0
384.0 661.0
384.0 661.0
359.0 698.0
