6252.0 563.0
5916.0 664.0
5880.0 675.0
6196.0 569.0
6172.0 576.0
6252.0 563.0
5974.0 627.0
5974.0 627.0
6172.0 576.0
5992.0 613.0
6024.0 609.0
6438.0 539.0
6184.0 573.0
5880.0 675.0
6262.0 559.0
6302.0 553.0
6024.0 609.0
5864.0 690.0
6464.0 532.0
5822.0 730.0
5864.0 690.0
5838.0 706.0
6262.0 559.0
6240.0 565.0
6172.0 576.0
6302.0 553.0
5838.0 706.0
5822.0 730.0
5864.0 690.0
5864.0 690.0
5912.0 670.0
6078.0 590.0
6054.0 599.0
6262.0 559.0
5930.0 645.0
6464.0 532.0
6172.0 576.0
6078.0 590.0
6032.0 601.0
6024.0 609.0
5930.0 645.0
6302.0 553.0
6262.0 559.0
5974.0 627.0
5822.0 730.0
5838.0 706.0
6288.0 555.0
6078.0 590.0
6288.0 555.0
6240.0 565.0
6464.0 532.0
5822.0 730.0
6464.0 532.0
5912.0 670.0
5912.0 670.0
6054.0 599.0
6110.0 580.0
6110.0 580.0
5964.0 634.0
6196.0 569.0
6110.0 580.0
6024.0 609.0
5922.0 647.0
6100.0 588.0
6144.0 577.0
6288.0 555.0
6064.0 591.0
6100.0 588.0
5838.0 706.0
6438.0 539.0
6110.0 580.0
6032.0 601.0
6252.0 563.0
6064.0 591.0
6054.0 599.0
6240.0 565.0
5930.0 645.0
6144.0 577.0
6144.0 577.0
5930.0 645.0
6054.0 599.0
5980.0 619.0
5922.0 647.0
5964.0 634.0
5964.0 634.0
6144.0 577.0
6100.0 588.0
6064.0 591.0
5964.0 634.0
5880.0 675.0
6032.0 601.0
6276.0 557.0
5922.0 647.0
6302.0 553.0
6252.0 563.0
6100.0 588.0
5922.0 647.0
6078.0 590.0
6064.0 591.0
6240.0 565.0
