4645.0 350.0
4612.0 363.0
4612.0 363.0
4645.0 350.0
4716.0 332.0
4696.0 336.0
4716.0 332.0
4645.0 350.0
4696.0 336.0
4685.0 341.0
4636.0 362.0
4645.0 350.0
4636.0 362.0
4716.0 332.0
4573.0 379.0
4641.0 355.0
4579.0 373.0
4612.0 363.0
4579.0 373.0
4665.0 345.0
4716.0 332.0
4636.0 362.0
4579.0 373.0
4593.0 369.0
4716.0 332.0
4612.0 363.0
4573.0 379.0
4696.0 336.0
4571.0 385.0
4573.0 379.0
4645.0 350.0
4593.0 369.0
4641.0 355.0
4593.0 369.0
4696.0 336.0
4578.0 375.0
4573.0 379.0
4593.0 369.0
4665.0 345.0
4716.0 332.0
4571.0 385.0
4573.0 379.0
4612.0 363.0
4571.0 385.0
4665.0 345.0
4665.0 345.0
4641.0 355.0
4696.0 336.0
4578.0 375.0
4579.0 373.0
4636.0 362.0
4578.0 375.0
4645.0 350.0
4593.0 369.0
4571.0 385.0
4696.0 336.0
4612.0 363.0
4578.0 375.0
4696.0 336.0
4636.0 362.0
4573.0 379.0
4579.0 373.0
4641.0 355.0
4685.0 341.0
4636.0 362.0
4636.0 362.0
4573.0 379.0
4645.0 350.0
4578.0 375.0
4641.0 355.0
4716.0 332.0
4716.0 332.0
4578.0 375.0
4579.0 373.0
4641.0 355.0
4685.0 341.0
4612.0 363.0
4645.0 350.0
4685.0 341.0
4593.0 369.0
4665.0 345.0
4685.0 341.0
4593.0 369.0
4685.0 341.0
4665.0 345.0
4579.0 373.0
4593.0 369.0
4571.0 385.0
4665.0 345.0
4641.0 355.0
4636.0 362.0
4571.0 385.0
4612.0 363.0
4665.0 345.0
4571.0 385.0
4578.0 375.0
4641.0 355.0
4696.0 336.0
4685.0 341.0
4685.0 341.0
