9620.0 570.0
9524.0 626.0
9668.0 545.0
9780.0 515.0
9678.0 534.0
9620.0 570.0
9642.0 547.0
9642.0 547.0
9528.0 619.0
9642.0 547.0
9820.0 508.0
9702.0 533.0
9526.0 624.0
9780.0 515.0
9820.0 508.0
9668.0 545.0
9534.0 613.0
9554.0 592.0
9733.0 524.0
9544.0 602.0
9678.0 534.0
9835.0 505.0
9733.0 524.0
9616.0 574.0
9668.0 545.0
9779.0 519.0
9528.0 619.0
9518.0 629.0
9518.0 629.0
9642.0 547.0
9528.0 619.0
9718.0 527.0
9835.0 505.0
9780.0 515.0
9616.0 574.0
9757.0 523.0
9610.0 580.0
9610.0 580.0
9677.0 538.0
9534.0 613.0
9516.0 634.0
9526.0 624.0
9624.0 569.0
9532.0 618.0
9532.0 618.0
9757.0 523.0
9610.0 580.0
9835.0 505.0
9620.0 570.0
9779.0 519.0
9702.0 533.0
9820.0 508.0
9835.0 505.0
9541.0 612.0
9757.0 523.0
9668.0 545.0
9718.0 527.0
9518.0 629.0
9534.0 613.0
9541.0 612.0
9779.0 519.0
9544.0 602.0
9516.0 634.0
9554.0 592.0
9567.0 585.0
9677.0 538.0
9616.0 574.0
9733.0 524.0
9718.0 527.0
9610.0 580.0
9677.0 538.0
9632.0 558.0
9526.0 624.0
9541.0 612.0
9632.0 558.0
9542.0 607.0
9554.0 592.0
9616.0 574.0
9718.0 527.0
9632.0 558.0
9516.0 634.0
9624.0 569.0
9554.0 592.0
9596.0 583.0
9544.0 602.0
9702.0 533.0
9624.0 569.0
9542.0 607.0
9678.0 534.0
9632.0 558.0
9820.0 508.0
9871.0 504.0
9702.0 533.0
9757.0 523.0
9567.0 585.0
9567.0 585.0
9567.0 585.0
9733.0 524.0
9542.0 607.0
9532.0 618.0
