3903.0 319.0
3806.0 360.0
3873.0 335.0
3903.0 319.0
3883.0 325.0
3834.0 350.0
3790.0 371.0
3806.0 360.0
3915.0 315.0
3873.0 335.0
3873.0 335.0
3895.0 322.0
3798.0 368.0
3963.0 309.0
3895.0 322.0
3977.0 306.0
3820.0 356.0
3869.0 336.0
3763.0 390.0
3782.0 377.0
3790.0 371.0
3937.0 313.0
3763.0 390.0
3848.0 342.0
3963.0 309.0
3830.0 353.0
3761.0 400.0
3866.0 337.0
3818.0 357.0
3895.0 322.0
3848.0 342.0
3747.0 408.0
3747.0 408.0
3790.0 371.0
3763.0 390.0
3824.0 355.0
3820.0 356.0
3818.0 357.0
3824.0 355.0
3883.0 325.0
3937.0 313.0
3861.0 338.0
3796.0 369.0
3915.0 315.0
3761.0 400.0
3771.0 386.0
3836.0 345.0
3796.0 369.0
3771.0 386.0
3824.0 355.0
3775.0 383.0
3848.0 342.0
3879.0 331.0
3866.0 337.0
3977.0 306.0
3781.0 381.0
3977.0 306.0
3836.0 345.0
3830.0 353.0
3775.0 383.0
3830.0 353.0
3869.0 336.0
3834.0 350.0
3806.0 360.0
3851.0 341.0
3782.0 377.0
3947.0 310.0
3781.0 381.0
3798.0 368.0
3836.0 345.0
3833.0 351.0
3915.0 315.0
3947.0 310.0
3879.0 331.0
3937.0 313.0
3782.0 377.0
3761.0 400.0
3798.0 368.0
3861.0 338.0
3879.0 331.0
3771.0 386.0
3963.0 309.0
3781.0 381.0
3796.0 369.0
3820.0 356.0
3833.0 351.0
3854.0 340.0
3747.0 408.0
3866.0 337.0
3869.0 336.0
3851.0 341.0
3851.0 341.0
3775.0 383.0
3903.0 319.0
3818.0 357.0
3854.0 340.0
3854.0 340.0
3947.0 310.0
3883.0 325.0
3861.0 338.0
