10178.0 1705.0
10233.0 1664.0
10037.0 1860.0
10152.0 1730.0
10158.0 1720.0
10037.0 1860.0
10249.0 1652.0
10288.0 1633.0
10433.0 1580.0
10043.0 1848.0
10209.0 1679.0
10367.0 1600.0
10360.0 1604.0
10354.0 1606.0
10154.0 1721.0
10058.0 1815.0
10447.0 1576.0
10399.0 1589.0
10273.0 1640.0
10381.0 1592.0
10053.0 1827.0
10142.0 1740.0
10152.0 1730.0
10078.0 1783.0
10051.0 1828.0
10381.0 1592.0
10074.0 1789.0
10268.0 1644.0
10433.0 1580.0
10074.0 1789.0
10047.0 1829.0
10320.0 1618.0
10399.0 1589.0
10136.0 1745.0
10332.0 1611.0
10060.0 1802.0
10273.0 1640.0
10174.0 1713.0
10088.0 1777.0
10118.0 1747.0
10110.0 1757.0
10114.0 1756.0
10261.0 1647.0
10362.0 1601.0
10146.0 1735.0
10064.0 1801.0
10283.0 1634.0
10447.0 1576.0
10288.0 1633.0
10092.0 1773.0
10323.0 1615.0
10043.0 1848.0
10306.0 1626.0
10088.0 1777.0
10078.0 1783.0
10295.0 1630.0
10367.0 1600.0
10401.0 1582.0
10310.0 1620.0
10387.0 1590.0
10164.0 1718.0
10100.0 1766.0
10160.0 1719.0
10335.0 1608.0
10387.0 1590.0
10192.0 1682.0
10178.0 1705.0
10401.0 1582.0
10188.0 1683.0
10140.0 1743.0
10148.0 1733.0
10354.0 1606.0
10479.0 1574.0
10096.0 1767.0
10209.0 1679.0
10186.0 1692.0
10246.0 1654.0
10479.0 1574.0
10174.0 1713.0
10222.0 1666.0
10045.0 1842.0
10258.0 1650.0
10268.0 1644.0
10045.0 1842.0
10215.0 1669.0
10295.0 1630.0
10092.0 1773.0
10212.0 1673.0
10310.0 1620.0
10283.0 1634.0
10374.0 1596.0
10374.0 1596.0
10300.0 1627.0
10219.0 1668.0
10057.0 1816.0
10300.0 1627.0
10243.0 1657.0
10122.0 1746.0
10182.0 1693.0
10306.0 1626.0
