49.0 1268.0
50.0 1261.0
51.0 1173.0
52.0 1157.0
53.0 1148.0
54.0 1117.0
55.0 1115.0
57.0 1102.0
58.0 1090.0
59.0 1074.0
60.0 1072.0
61.0 1066.0
62.0 1064.0
63.0 1062.0
64.0 1060.0
65.0 1054.0
67.0 1047.0
68.0 1040.0
69.0 1039.0
70.0 1031.0
71.0 1030.0
72.0 1023.0
74.0 1021.0
75.0 1014.0
77.0 1002.0
79.0 1001.0
80.0 993.0
82.0 989.0
83.0 986.0
84.0 983.0
86.0 982.0
87.0 979.0
88.0 976.0
89.0 973.0
90.0 972.0
91.0 969.0
92.0 968.0
95.0 967.0
96.0 961.0
98.0 960.0
100.0 959.0
101.0 953.0
103.0 952.0
107.0 951.0
