328.0 1203.0
329.0 1153.0
330.0 1141.0
331.0 1134.0
332.0 1108.0
334.0 1078.0
336.0 1072.0
337.0 1062.0
338.0 1061.0
339.0 1049.0
340.0 1047.0
341.0 1042.0
342.0 1036.0
343.0 1026.0
345.0 1020.0
346.0 1018.0
347.0 1012.0
348.0 1002.0
349.0 996.0
350.0 986.0
352.0 980.0
353.0 977.0
354.0 973.0
355.0 970.0
356.0 966.0
357.0 954.0
360.0 946.0
361.0 944.0
362.0 928.0
363.0 926.0
364.0 922.0
365.0 920.0
366.0 918.0
367.0 914.0
368.0 912.0
370.0 905.0
371.0 904.0
372.0 898.0
373.0 897.0
374.0 894.0
375.0 892.0
376.0 886.0
377.0 885.0
379.0 882.0
380.0 878.0
381.0 877.0
383.0 874.0
384.0 873.0
385.0 872.0
386.0 871.0
387.0 870.0
390.0 866.0
391.0 861.0
394.0 859.0
395.0 853.0
398.0 851.0
399.0 847.0
402.0 845.0
405.0 841.0
407.0 839.0
409.0 836.0
414.0 835.0
423.0 834.0
426.0 833.0
427.0 832.0
429.0 830.0
432.0 829.0
434.0 822.0
437.0 821.0
439.0 820.0
442.0 819.0
446.0 818.0
450.0 817.0
451.0 816.0
456.0 815.0
