16457.0 1384.0
16460.0 1368.0
16468.0 1362.0
16469.0 1350.0
16475.0 1346.0
16477.0 1344.0
16483.0 1334.0
16486.0 1331.0
16492.0 1329.0
16493.0 1327.0
16494.0 1319.0
16499.0 1316.0
16501.0 1312.0
16507.0 1308.0
16509.0 1306.0
16510.0 1304.0
16513.0 1300.0
16515.0 1296.0
16518.0 1293.0
16521.0 1289.0
16526.0 1281.0
16535.0 1277.0
16536.0 1271.0
16538.0 1267.0
16539.0 1262.0
16541.0 1255.0
16542.0 1254.0
16543.0 1251.0
16544.0 1250.0
16547.0 1238.0
16548.0 1226.0
16550.0 1222.0
16558.0 1217.0
16560.0 1213.0
16567.0 1211.0
16571.0 1207.0
16573.0 1199.0
16582.0 1194.0
16588.0 1190.0
16590.0 1188.0
16597.0 1185.0
16605.0 1179.0
16614.0 1177.0
16621.0 1175.0
16630.0 1170.0
16637.0 1168.0
16639.0 1166.0
16642.0 1165.0
16643.0 1150.0
16659.0 1144.0
16663.0 1138.0
16677.0 1137.0
16679.0 1136.0
16692.0 1135.0
16693.0 1127.0
16697.0 1125.0
16711.0 1122.0
16715.0 1116.0
16727.0 1114.0
16735.0 1113.0
16744.0 1112.0
16745.0 1105.0
16764.0 1104.0
16767.0 1099.0
16778.0 1095.0
16787.0 1091.0
16800.0 1089.0
16811.0 1087.0
16820.0 1081.0
16854.0 1077.0
16894.0 1075.0
16912.0 1071.0
16919.0 1070.0
16930.0 1068.0
16942.0 1066.0
16953.0 1064.0
16955.0 1062.0
16966.0 1060.0
16974.0 1059.0
16978.0 1058.0
16989.0 1056.0
16996.0 1054.0
17007.0 1052.0
17010.0 1051.0
17032.0 1049.0
17039.0 1047.0
17043.0 1046.0
17050.0 1045.0
17053.0 1044.0
17076.0 1042.0
17096.0 1036.0
17134.0 1035.0
17184.0 1034.0
17198.0 1031.0
17206.0 1030.0
17207.0 1025.0
17279.0 1023.0
