29739.0 11464.0
29742.0 11446.0
29745.0 11443.0
29747.0 11439.0
29749.0 11424.0
29752.0 11420.0
29753.0 11416.0
29756.0 11384.0
29757.0 11383.0
29759.0 11381.0
29761.0 11377.0
29762.0 11375.0
29763.0 11362.0
29767.0 11354.0
29772.0 11345.0
29775.0 11336.0
29777.0 11335.0
29779.0 11328.0
29784.0 11321.0
29786.0 11318.0
29787.0 11313.0
29789.0 11309.0
29792.0 11306.0
29793.0 11304.0
29794.0 11302.0
29796.0 11301.0
29798.0 11297.0
29799.0 11295.0
29800.0 11282.0
29804.0 11274.0
29807.0 11272.0
29809.0 11264.0
29812.0 11256.0
29816.0 11248.0
29817.0 11243.0
29821.0 11241.0
29822.0 11236.0
29823.0 11228.0
29826.0 11212.0
29827.0 11193.0
29831.0 11188.0
29832.0 11186.0
29833.0 11170.0
29836.0 11160.0
29838.0 11138.0
29843.0 11131.0
29847.0 11113.0
29850.0 11104.0
29855.0 11085.0
29860.0 11078.0
29865.0 11061.0
29870.0 11054.0
29875.0 11047.0
29879.0 11045.0
29880.0 11030.0
29885.0 11023.0
29891.0 11018.0
29896.0 11001.0
29901.0 10994.0
29913.0 10986.0
29917.0 10977.0
29924.0 10973.0
29925.0 10967.0
29934.0 10962.0
29938.0 10961.0
29940.0 10952.0
29945.0 10945.0
29954.0 10944.0
29957.0 10937.0
29959.0 10931.0
29961.0 10926.0
29964.0 10924.0
29976.0 10916.0
29978.0 10911.0
29980.0 10907.0
29984.0 10905.0
29988.0 10897.0
29997.0 10892.0
30001.0 10890.0
30004.0 10888.0
30006.0 10885.0
30008.0 10883.0
30012.0 10878.0
30017.0 10874.0
30021.0 10872.0
30025.0 10871.0
30027.0 10870.0
30028.0 10865.0
30031.0 10862.0
30037.0 10856.0
30039.0 10852.0
30042.0 10846.0
30052.0 10843.0
30054.0 10841.0
30055.0 10832.0
30064.0 10825.0
30070.0 10824.0
30073.0 10820.0
30076.0 10818.0
30079.0 10816.0
30081.0 10815.0
30082.0 10813.0
30084.0 10809.0
30085.0 10801.0
30089.0 10800.0
30091.0 10795.0
30096.0 10791.0
30098.0 10786.0
30099.0 10781.0
30103.0 10779.0
30104.0 10774.0
30106.0 10773.0
30110.0 10770.0
30112.0 10759.0
30121.0 10751.0
30123.0 10748.0
30125.0 10747.0
30127.0 10744.0
30129.0 10734.0
30133.0 10732.0
30138.0 10725.0
30142.0 10722.0
30144.0 10721.0
30147.0 10720.0
30148.0 10714.0
30150.0 10707.0
30157.0 10705.0
30159.0 10697.0
30163.0 10695.0
30165.0 10689.0
30168.0 10688.0
30169.0 10687.0
30174.0 10680.0
30178.0 10677.0
30180.0 10670.0
30184.0 10669.0
30186.0 10662.0
30189.0 10661.0
30193.0 10659.0
30195.0 10652.0
30199.0 10650.0
30203.0 10646.0
30204.0 10643.0
30209.0 10642.0
30210.0 10638.0
30212.0 10637.0
30214.0 10632.0
30216.0 10625.0
30223.0 10623.0
30224.0 10619.0
30225.0 10616.0
30231.0 10614.0
30233.0 10610.0
30237.0 10605.0
30243.0 10603.0
30244.0 10600.0
30245.0 10599.0
30246.0 10593.0
30252.0 10587.0
30257.0 10586.0
30258.0 10585.0
30260.0 10581.0
30264.0 10580.0
30265.0 10579.0
30267.0 10572.0
30271.0 10567.0
30273.0 10560.0
30281.0 10554.0
30288.0 10549.0
30291.0 10547.0
30295.0 10545.0
30298.0 10541.0
30300.0 10540.0
30302.0 10539.0
30305.0 10538.0
30306.0 10535.0
30308.0 10534.0
30310.0 10533.0
30313.0 10530.0
30315.0 10529.0
30317.0 10528.0
30320.0 10526.0
30321.0 10522.0
30325.0 10520.0
30327.0 10510.0
30331.0 10509.0
30334.0 10504.0
30336.0 10503.0
30338.0 10502.0
30342.0 10499.0
30346.0 10498.0
30349.0 10493.0
30351.0 10492.0
30353.0 10491.0
30357.0 10490.0
30359.0 10488.0
30360.0 10485.0
30362.0 10484.0
30364.0 10483.0
30366.0 10481.0
30368.0 10480.0
30372.0 10477.0
30373.0 10475.0
30374.0 10467.0
30378.0 10466.0
30381.0 10461.0
30383.0 10460.0
30385.0 10459.0
30390.0 10458.0
30392.0 10453.0
30394.0 10452.0
30396.0 10449.0
30397.0 10447.0
30401.0 10446.0
30402.0 10441.0
30406.0 10440.0
30408.0 10439.0
30409.0 10435.0
30411.0 10434.0
30413.0 10433.0
30417.0 10432.0
30419.0 10429.0
30420.0 10427.0
30422.0 10426.0
30424.0 10423.0
30428.0 10422.0
30430.0 10421.0
30431.0 10417.0
30433.0 10416.0
30435.0 10415.0
30439.0 10414.0
30441.0 10411.0
30442.0 10409.0
30444.0 10408.0
30446.0 10407.0
30448.0 10406.0
30450.0 10405.0
30452.0 10404.0
30456.0 10403.0
30458.0 10400.0
30459.0 10398.0
30461.0 10397.0
30463.0 10396.0
30468.0 10395.0
30471.0 10394.0
30474.0 10391.0
30477.0 10390.0
30478.0 10389.0
30481.0 10385.0
30483.0 10383.0
30487.0 10382.0
30489.0 10381.0
30490.0 10377.0
30492.0 10376.0
30494.0 10375.0
30498.0 10374.0
30500.0 10371.0
30501.0 10369.0
30503.0 10368.0
30505.0 10365.0
30509.0 10364.0
30511.0 10363.0
30512.0 10359.0
30514.0 10358.0
30516.0 10357.0
30520.0 10356.0
30522.0 10353.0
30523.0 10351.0
30525.0 10350.0
30527.0 10349.0
30529.0 10348.0
30531.0 10347.0
30533.0 10346.0
30537.0 10345.0
30539.0 10342.0
30540.0 10340.0
30542.0 10339.0
30544.0 10338.0
30549.0 10337.0
30552.0 10336.0
30557.0 10334.0
30558.0 10332.0
30560.0 10331.0
30561.0 10326.0
30565.0 10325.0
30569.0 10323.0
30571.0 10320.0
30572.0 10318.0
30579.0 10317.0
30580.0 10315.0
30589.0 10311.0
30591.0 10305.0
30595.0 10304.0
30600.0 10303.0
30601.0 10299.0
30602.0 10297.0
30607.0 10296.0
30613.0 10294.0
30614.0 10292.0
30616.0 10289.0
30618.0 10288.0
30626.0 10283.0
30627.0 10281.0
30635.0 10280.0
30640.0 10278.0
30641.0 10275.0
30642.0 10273.0
30650.0 10270.0
30652.0 10269.0
30656.0 10265.0
30658.0 10264.0
30665.0 10262.0
30666.0 10259.0
30668.0 10258.0
30680.0 10254.0
30684.0 10251.0
30695.0 10246.0
30699.0 10243.0
30705.0 10238.0
30723.0 10237.0
30730.0 10235.0
30731.0 10232.0
30736.0 10227.0
30740.0 10226.0
30743.0 10214.0
30765.0 10209.0
30774.0 10204.0
30778.0 10203.0
30785.0 10200.0
30786.0 10199.0
30787.0 10198.0
30794.0 10197.0
30795.0 10194.0
30796.0 10193.0
30799.0 10191.0
30800.0 10186.0
30809.0 10181.0
30827.0 10178.0
30829.0 10177.0
30831.0 10176.0
30836.0 10175.0
30837.0 10173.0
30838.0 10172.0
30840.0 10171.0
30841.0 10167.0
30850.0 10162.0
30851.0 10160.0
30860.0 10155.0
30877.0 10154.0
30878.0 10152.0
30882.0 10150.0
30887.0 10147.0
30891.0 10145.0
30896.0 10144.0
30897.0 10142.0
30906.0 10137.0
30913.0 10134.0
30914.0 10133.0
30919.0 10132.0
30921.0 10126.0
30927.0 10125.0
30930.0 10123.0
30933.0 10119.0
30935.0 10117.0
30938.0 10115.0
30941.0 10111.0
30943.0 10106.0
30949.0 10104.0
30951.0 10098.0
30962.0 10096.0
30963.0 10094.0
30964.0 10093.0
30967.0 10090.0
30970.0 10089.0
30973.0 10086.0
30975.0 10082.0
30981.0 10081.0
30984.0 10078.0
30986.0 10073.0
30992.0 10069.0
30994.0 10065.0
31000.0 10061.0
31010.0 10060.0
31011.0 10059.0
31012.0 10057.0
31016.0 10053.0
31019.0 10051.0
31022.0 10049.0
31024.0 10048.0
31025.0 10047.0
31028.0 10045.0
31030.0 10044.0
31032.0 10040.0
31038.0 10036.0
31044.0 10032.0
31050.0 10029.0
31054.0 10028.0
31057.0 10026.0
31060.0 10024.0
31062.0 10023.0
31063.0 10022.0
31065.0 10020.0
31066.0 10017.0
31072.0 10013.0
31076.0 10011.0
31082.0 10007.0
31084.0 10003.0
31090.0 9999.0
31097.0 9998.0
31102.0 9995.0
31106.0 9991.0
31109.0 9989.0
31112.0 9987.0
31115.0 9985.0
31116.0 9982.0
31122.0 9981.0
31124.0 9979.0
31128.0 9974.0
31134.0 9970.0
31140.0 9967.0
31146.0 9965.0
31147.0 9962.0
31149.0 9961.0
31153.0 9960.0
31156.0 9959.0
31158.0 9956.0
31162.0 9955.0
31164.0 9952.0
31166.0 9949.0
31168.0 9945.0
31172.0 9944.0
31175.0 9940.0
31181.0 9939.0
31188.0 9936.0
31189.0 9935.0
31190.0 9933.0
31192.0 9930.0
31194.0 9924.0
31200.0 9923.0
31208.0 9919.0
31214.0 9918.0
31224.0 9917.0
31225.0 9915.0
31226.0 9913.0
31227.0 9912.0
31229.0 9906.0
31235.0 9905.0
31243.0 9901.0
31248.0 9898.0
31254.0 9897.0
31257.0 9893.0
31263.0 9892.0
31265.0 9888.0
31267.0 9882.0
31273.0 9881.0
31283.0 9880.0
31286.0 9878.0
31292.0 9875.0
31298.0 9874.0
31300.0 9870.0
31301.0 9868.0
31302.0 9864.0
31308.0 9863.0
31321.0 9862.0
31326.0 9861.0
31332.0 9860.0
31333.0 9857.0
31334.0 9856.0
31335.0 9853.0
31336.0 9850.0
31342.0 9849.0
31352.0 9848.0
31358.0 9847.0
31363.0 9845.0
31368.0 9843.0
31369.0 9839.0
31375.0 9838.0
31380.0 9836.0
31386.0 9835.0
31391.0 9834.0
31394.0 9828.0
31402.0 9826.0
31408.0 9825.0
31416.0 9824.0
31419.0 9822.0
31421.0 9820.0
31425.0 9816.0
31430.0 9814.0
31436.0 9813.0
31452.0 9811.0
31454.0 9809.0
31458.0 9805.0
31463.0 9803.0
31469.0 9802.0
31486.0 9801.0
31490.0 9800.0
31495.0 9798.0
31501.0 9797.0
31518.0 9796.0
31528.0 9795.0
31534.0 9794.0
31541.0 9793.0
31544.0 9792.0
31550.0 9791.0
31563.0 9790.0
31577.0 9789.0
31583.0 9788.0
31584.0 9787.0
31598.0 9786.0
31607.0 9785.0
31611.0 9784.0
31616.0 9782.0
31622.0 9781.0
31632.0 9780.0
31636.0 9776.0
31644.0 9773.0
31650.0 9772.0
31667.0 9771.0
31673.0 9770.0
31676.0 9768.0
31682.0 9767.0
31692.0 9765.0
31693.0 9763.0
31709.0 9761.0
31714.0 9759.0
31716.0 9758.0
31717.0 9756.0
31726.0 9755.0
31729.0 9753.0
31734.0 9750.0
31735.0 9748.0
31744.0 9747.0
31754.0 9746.0
31755.0 9744.0
31764.0 9743.0
31767.0 9741.0
31772.0 9738.0
31773.0 9736.0
31782.0 9735.0
31792.0 9734.0
31794.0 9733.0
31795.0 9731.0
31808.0 9730.0
31810.0 9729.0
31811.0 9728.0
31812.0 9725.0
31813.0 9723.0
31830.0 9722.0
31832.0 9721.0
31833.0 9719.0
31835.0 9717.0
31850.0 9713.0
31851.0 9711.0
31869.0 9710.0
31872.0 9707.0
31873.0 9705.0
31889.0 9703.0
31904.0 9701.0
31908.0 9699.0
31911.0 9697.0
31926.0 9695.0
31938.0 9694.0
31949.0 9689.0
31961.0 9687.0
31973.0 9686.0
31979.0 9679.0
31991.0 9678.0
32035.0 9676.0
32047.0 9674.0
32059.0 9673.0
32065.0 9666.0
32077.0 9665.0
32102.0 9663.0
32106.0 9662.0
32116.0 9661.0
32117.0 9660.0
32121.0 9658.0
32126.0 9657.0
32130.0 9655.0
32136.0 9654.0
32144.0 9653.0
32147.0 9650.0
32151.0 9649.0
32160.0 9647.0
32162.0 9646.0
32166.0 9645.0
32176.0 9644.0
32177.0 9642.0
32181.0 9641.0
32186.0 9639.0
32190.0 9638.0
32196.0 9637.0
32204.0 9636.0
32214.0 9635.0
32216.0 9631.0
32220.0 9630.0
32228.0 9629.0
32241.0 9628.0
32249.0 9627.0
32258.0 9625.0
32271.0 9623.0
32282.0 9620.0
32294.0 9619.0
32295.0 9618.0
32299.0 9616.0
32306.0 9613.0
32319.0 9611.0
32330.0 9608.0
32342.0 9607.0
32343.0 9606.0
32347.0 9604.0
32360.0 9602.0
32371.0 9599.0
32384.0 9597.0
32397.0 9595.0
32422.0 9593.0
32437.0 9592.0
32466.0 9591.0
32491.0 9589.0
32506.0 9588.0
32563.0 9586.0
32580.0 9584.0
32581.0 9583.0
32591.0 9581.0
32592.0 9580.0
32606.0 9577.0
32607.0 9576.0
32617.0 9574.0
32618.0 9573.0
32638.0 9570.0
32639.0 9569.0
32649.0 9567.0
32650.0 9566.0
32662.0 9565.0
32663.0 9564.0
32673.0 9562.0
32674.0 9561.0
32708.0 9560.0
32720.0 9559.0
32721.0 9558.0
32731.0 9556.0
32732.0 9555.0
32778.0 9554.0
32787.0 9553.0
32788.0 9552.0
32801.0 9550.0
32802.0 9549.0
32859.0 9548.0
32871.0 9545.0
