16475.0 1390.0
16481.0 1372.0
16492.0 1357.0
16501.0 1265.0
16507.0 1254.0
16512.0 1250.0
16518.0 1239.0
16529.0 1237.0
16530.0 1230.0
16541.0 1228.0
16548.0 1222.0
16565.0 1213.0
16574.0 1212.0
16576.0 1211.0
16578.0 1210.0
16583.0 1205.0
16596.0 1202.0
16601.0 1198.0
16606.0 1196.0
16608.0 1194.0
16617.0 1193.0
16620.0 1192.0
16622.0 1191.0
16625.0 1189.0
16626.0 1187.0
16628.0 1185.0
16633.0 1182.0
16639.0 1178.0
16648.0 1172.0
16650.0 1170.0
16657.0 1169.0
16671.0 1165.0
16673.0 1163.0
16675.0 1158.0
16682.0 1157.0
16697.0 1155.0
16698.0 1151.0
16704.0 1148.0
16705.0 1144.0
16722.0 1141.0
16723.0 1137.0
16738.0 1133.0
16739.0 1129.0
16756.0 1126.0
16757.0 1122.0
16765.0 1114.0
16776.0 1107.0
16787.0 1104.0
16797.0 1095.0
16808.0 1088.0
16813.0 1087.0
16824.0 1080.0
16853.0 1079.0
16855.0 1075.0
16857.0 1071.0
16868.0 1064.0
16884.0 1061.0
16899.0 1059.0
16904.0 1056.0
16927.0 1055.0
16944.0 1054.0
16951.0 1051.0
16954.0 1049.0
16975.0 1046.0
16990.0 1044.0
16991.0 1040.0
17007.0 1039.0
17012.0 1038.0
17025.0 1034.0
17027.0 1032.0
17041.0 1028.0
17081.0 1026.0
17099.0 1025.0
17139.0 1023.0
17241.0 1022.0
