5358.0 753.0
5360.0 733.0
5362.0 717.0
5367.0 700.0
5380.0 689.0
5389.0 684.0
5395.0 678.0
5401.0 664.0
5419.0 658.0
5425.0 656.0
5427.0 652.0
5433.0 648.0
5434.0 645.0
5438.0 644.0
5439.0 639.0
5440.0 638.0
5443.0 636.0
5451.0 625.0
5456.0 619.0
5461.0 618.0
5468.0 617.0
5475.0 611.0
5482.0 610.0
5486.0 608.0
5490.0 605.0
5494.0 599.0
5502.0 596.0
5513.0 593.0
5519.0 589.0
5525.0 584.0
5535.0 582.0
5538.0 580.0
5545.0 577.0
5550.0 571.0
5570.0 567.0
5577.0 566.0
5579.0 563.0
5591.0 562.0
5595.0 560.0
5599.0 556.0
5636.0 553.0
5651.0 546.0
5674.0 545.0
5689.0 539.0
5696.0 534.0
5720.0 532.0
5724.0 527.0
5750.0 526.0
5757.0 523.0
5778.0 522.0
5784.0 521.0
5794.0 520.0
5797.0 518.0
5806.0 516.0
5819.0 513.0
5847.0 512.0
5875.0 508.0
