442.0 1161.0
443.0 1147.0
444.0 1085.0
445.0 1078.0
446.0 1061.0
447.0 1058.0
448.0 1049.0
449.0 1046.0
450.0 1038.0
451.0 1033.0
452.0 1030.0
453.0 1023.0
454.0 1022.0
455.0 1017.0
457.0 1011.0
458.0 1010.0
459.0 1007.0
460.0 1006.0
461.0 1001.0
462.0 1000.0
463.0 999.0
464.0 996.0
465.0 992.0
467.0 981.0
469.0 973.0
471.0 965.0
472.0 963.0
473.0 959.0
474.0 955.0
475.0 951.0
478.0 947.0
479.0 945.0
480.0 942.0
481.0 939.0
482.0 936.0
483.0 934.0
484.0 933.0
486.0 927.0
488.0 922.0
490.0 916.0
492.0 911.0
494.0 909.0
495.0 902.0
497.0 899.0
498.0 896.0
500.0 891.0
502.0 888.0
503.0 885.0
505.0 884.0
507.0 882.0
508.0 880.0
509.0 876.0
511.0 873.0
514.0 871.0
515.0 868.0
517.0 866.0
519.0 864.0
520.0 861.0
522.0 859.0
524.0 858.0
525.0 856.0
528.0 854.0
529.0 851.0
531.0 849.0
533.0 848.0
534.0 846.0
538.0 843.0
