9469.0 669.0
9473.0 668.0
9480.0 658.0
9481.0 628.0
9482.0 612.0
9486.0 609.0
9487.0 604.0
9490.0 595.0
9507.0 594.0
9517.0 586.0
9524.0 584.0
9533.0 579.0
9536.0 570.0
9563.0 561.0
9570.0 559.0
9580.0 557.0
9585.0 554.0
9600.0 551.0
9611.0 548.0
9617.0 545.0
9628.0 543.0
9629.0 541.0
9640.0 539.0
9656.0 532.0
9680.0 530.0
9682.0 527.0
9688.0 525.0
9696.0 523.0
9717.0 520.0
9719.0 518.0
9743.0 515.0
9745.0 513.0
9751.0 511.0
9759.0 509.0
9785.0 504.0
9956.0 501.0
9975.0 499.0
9998.0 493.0
10037.0 492.0
10065.0 490.0
10104.0 489.0
10150.0 488.0
