12944.0 3466.0
12945.0 3453.0
12952.0 3442.0
12953.0 3429.0
12955.0 3410.0
12958.0 3400.0
12963.0 3386.0
12966.0 3376.0
12967.0 3369.0
12970.0 3359.0
12975.0 3345.0
12977.0 3327.0
12982.0 3317.0
12985.0 3303.0
12990.0 3293.0
12993.0 3287.0
12996.0 3279.0
12998.0 3263.0
13002.0 3251.0
13008.0 3242.0
13010.0 3226.0
13012.0 3223.0
13014.0 3214.0
13016.0 3211.0
13020.0 3209.0
13021.0 3207.0
13022.0 3206.0
13023.0 3204.0
13024.0 3198.0
13025.0 3193.0
13027.0 3190.0
13029.0 3185.0
13031.0 3182.0
13038.0 3174.0
13041.0 3171.0
13043.0 3166.0
13045.0 3163.0
13048.0 3158.0
13049.0 3153.0
13053.0 3145.0
13066.0 3141.0
13069.0 3137.0
13070.0 3133.0
13076.0 3129.0
13080.0 3121.0
13087.0 3120.0
13091.0 3119.0
13092.0 3118.0
13093.0 3117.0
13094.0 3112.0
13096.0 3108.0
13097.0 3107.0
13098.0 3103.0
13099.0 3101.0
13102.0 3097.0
13104.0 3091.0
13108.0 3088.0
13112.0 3085.0
13113.0 3079.0
13118.0 3074.0
13119.0 3071.0
13126.0 3068.0
13127.0 3062.0
13130.0 3061.0
13138.0 3060.0
13139.0 3059.0
13141.0 3058.0
13144.0 3053.0
13146.0 3051.0
13152.0 3047.0
13154.0 3045.0
13156.0 3039.0
13159.0 3029.0
13160.0 3022.0
13164.0 3017.0
13167.0 3016.0
13168.0 3009.0
13172.0 3004.0
13179.0 3002.0
13181.0 2996.0
13185.0 2991.0
13189.0 2983.0
13193.0 2978.0
13195.0 2977.0
13198.0 2969.0
13202.0 2967.0
13211.0 2966.0
13212.0 2961.0
13214.0 2957.0
13218.0 2953.0
13220.0 2951.0
13221.0 2936.0
13228.0 2935.0
13232.0 2925.0
13236.0 2923.0
13243.0 2918.0
13250.0 2917.0
13253.0 2914.0
13254.0 2907.0
13258.0 2905.0
13275.0 2901.0
13277.0 2894.0
13286.0 2890.0
13290.0 2888.0
13298.0 2883.0
13299.0 2876.0
13317.0 2870.0
13330.0 2866.0
13331.0 2859.0
13346.0 2856.0
13349.0 2853.0
13352.0 2851.0
13353.0 2844.0
13371.0 2838.0
13384.0 2834.0
13385.0 2827.0
13400.0 2824.0
13403.0 2821.0
13412.0 2815.0
13428.0 2809.0
13432.0 2807.0
13446.0 2803.0
13450.0 2801.0
13464.0 2799.0
13469.0 2794.0
13480.0 2793.0
13484.0 2791.0
13487.0 2788.0
13493.0 2786.0
13497.0 2779.0
13501.0 2775.0
13509.0 2773.0
13511.0 2771.0
13515.0 2764.0
13519.0 2760.0
13525.0 2758.0
13533.0 2756.0
13535.0 2755.0
13536.0 2753.0
13539.0 2750.0
13543.0 2743.0
13559.0 2738.0
13567.0 2735.0
13574.0 2731.0
13578.0 2724.0
13585.0 2720.0
13597.0 2717.0
13604.0 2716.0
13610.0 2714.0
13612.0 2713.0
13615.0 2712.0
13617.0 2710.0
13623.0 2702.0
13630.0 2698.0
13642.0 2695.0
13655.0 2692.0
13662.0 2688.0
13670.0 2684.0
13677.0 2682.0
13690.0 2680.0
13697.0 2678.0
13698.0 2675.0
13704.0 2674.0
13705.0 2671.0
13724.0 2669.0
13732.0 2665.0
13739.0 2661.0
13752.0 2658.0
13759.0 2656.0
13770.0 2655.0
13771.0 2653.0
13777.0 2651.0
13780.0 2649.0
13787.0 2645.0
13805.0 2643.0
13816.0 2641.0
13818.0 2639.0
13825.0 2635.0
13836.0 2634.0
13843.0 2633.0
13847.0 2632.0
13854.0 2631.0
13857.0 2629.0
13861.0 2628.0
13863.0 2626.0
13864.0 2623.0
13875.0 2621.0
13887.0 2619.0
13898.0 2617.0
13902.0 2616.0
13913.0 2614.0
13921.0 2611.0
13927.0 2610.0
13929.0 2608.0
13930.0 2605.0
13941.0 2603.0
13953.0 2601.0
13964.0 2599.0
13972.0 2598.0
13983.0 2596.0
13993.0 2592.0
14004.0 2590.0
14021.0 2588.0
14035.0 2586.0
14046.0 2584.0
