845.0 1028.0
846.0 1014.0
847.0 1007.0
848.0 997.0
849.0 993.0
850.0 983.0
851.0 927.0
852.0 909.0
853.0 903.0
854.0 898.0
855.0 889.0
856.0 880.0
857.0 874.0
858.0 869.0
859.0 862.0
860.0 856.0
861.0 853.0
862.0 844.0
863.0 842.0
864.0 833.0
865.0 826.0
868.0 824.0
869.0 820.0
870.0 816.0
871.0 815.0
872.0 810.0
874.0 808.0
875.0 806.0
876.0 799.0
877.0 796.0
878.0 795.0
879.0 792.0
880.0 788.0
882.0 784.0
884.0 779.0
885.0 777.0
886.0 775.0
887.0 771.0
889.0 767.0
891.0 760.0
893.0 758.0
895.0 756.0
899.0 754.0
900.0 752.0
901.0 750.0
903.0 748.0
904.0 746.0
