325.0 1161.0
326.0 1158.0
327.0 1147.0
328.0 1135.0
329.0 1132.0
330.0 1130.0
331.0 1119.0
332.0 1115.0
333.0 1102.0
334.0 1098.0
335.0 1093.0
337.0 1076.0
338.0 1059.0
339.0 1049.0
340.0 1041.0
342.0 1033.0
343.0 1028.0
344.0 1011.0
346.0 1005.0
347.0 994.0
348.0 989.0
349.0 978.0
351.0 973.0
353.0 968.0
354.0 964.0
355.0 960.0
357.0 957.0
358.0 955.0
359.0 951.0
360.0 948.0
361.0 944.0
362.0 940.0
364.0 936.0
365.0 932.0
368.0 927.0
369.0 917.0
370.0 911.0
372.0 904.0
373.0 897.0
374.0 888.0
376.0 887.0
377.0 886.0
378.0 874.0
380.0 873.0
382.0 867.0
384.0 866.0
385.0 862.0
386.0 853.0
392.0 844.0
393.0 842.0
397.0 840.0
398.0 836.0
399.0 834.0
400.0 833.0
404.0 831.0
406.0 825.0
410.0 823.0
414.0 820.0
418.0 817.0
