7956.0 1294.0
7958.0 1284.0
7965.0 1280.0
7966.0 1272.0
7969.0 1268.0
7970.0 1262.0
7971.0 1261.0
7972.0 1252.0
7973.0 1251.0
7979.0 1248.0
7980.0 1240.0
7981.0 1239.0
7983.0 1236.0
7984.0 1234.0
7985.0 1233.0
7987.0 1228.0
7988.0 1227.0
7989.0 1226.0
7990.0 1225.0
7994.0 1220.0
7995.0 1219.0
7996.0 1218.0
7997.0 1217.0
7999.0 1206.0
8000.0 1205.0
8005.0 1204.0
8006.0 1203.0
8009.0 1199.0
8010.0 1194.0
8012.0 1188.0
8016.0 1185.0
8018.0 1181.0
8024.0 1174.0
8030.0 1172.0
8031.0 1167.0
8033.0 1164.0
8037.0 1163.0
8039.0 1157.0
8043.0 1154.0
8045.0 1150.0
8046.0 1149.0
8048.0 1143.0
8054.0 1136.0
8059.0 1130.0
8062.0 1129.0
8064.0 1124.0
8067.0 1118.0
8068.0 1113.0
8077.0 1109.0
8078.0 1108.0
8079.0 1106.0
8085.0 1104.0
8086.0 1102.0
8088.0 1095.0
8090.0 1093.0
8097.0 1092.0
8099.0 1085.0
8101.0 1083.0
8107.0 1079.0
8109.0 1077.0
8112.0 1075.0
8115.0 1074.0
8118.0 1069.0
8120.0 1067.0
8123.0 1065.0
8129.0 1061.0
8131.0 1059.0
8135.0 1058.0
8137.0 1056.0
8140.0 1051.0
8142.0 1049.0
8151.0 1047.0
8152.0 1044.0
8154.0 1043.0
8163.0 1040.0
8164.0 1037.0
8166.0 1036.0
8175.0 1030.0
8180.0 1029.0
8182.0 1028.0
8186.0 1026.0
8187.0 1023.0
8194.0 1022.0
8198.0 1019.0
8199.0 1016.0
8208.0 1015.0
8209.0 1011.0
8211.0 1009.0
8215.0 1008.0
8218.0 1007.0
8220.0 1001.0
8231.0 997.0
8237.0 995.0
8245.0 992.0
8256.0 988.0
8265.0 987.0
8270.0 985.0
8275.0 984.0
8277.0 983.0
8281.0 981.0
8283.0 979.0
8295.0 976.0
8302.0 975.0
8306.0 972.0
8310.0 971.0
8316.0 968.0
8327.0 967.0
8328.0 966.0
8333.0 963.0
8339.0 962.0
8344.0 960.0
8347.0 958.0
8353.0 953.0
8359.0 951.0
8375.0 950.0
8377.0 948.0
8381.0 945.0
8387.0 943.0
8399.0 942.0
8405.0 940.0
8419.0 939.0
8425.0 937.0
8427.0 934.0
8436.0 933.0
8442.0 932.0
8447.0 931.0
8448.0 927.0
8463.0 926.0
8475.0 925.0
8479.0 924.0
8480.0 921.0
8487.0 919.0
8492.0 917.0
8654.0 916.0
8681.0 913.0
