12923.0 3313.0
12931.0 3292.0
12937.0 3286.0
12939.0 3284.0
12945.0 3278.0
12950.0 3274.0
12951.0 3255.0
12955.0 3246.0
12956.0 3244.0
12959.0 3222.0
12967.0 3214.0
12973.0 3205.0
12979.0 3203.0
12981.0 3197.0
12982.0 3195.0
12991.0 3186.0
12995.0 3184.0
12997.0 3178.0
12999.0 3176.0
13001.0 3174.0
13005.0 3152.0
13009.0 3129.0
13015.0 3114.0
13021.0 3104.0
13031.0 3100.0
13033.0 3096.0
13039.0 3093.0
13040.0 3091.0
13043.0 3090.0
13046.0 3081.0
13049.0 3080.0
13054.0 3079.0
13055.0 3072.0
13063.0 3070.0
13067.0 3064.0
13072.0 3059.0
13075.0 3057.0
13081.0 3050.0
13085.0 3049.0
13091.0 3048.0
13093.0 3046.0
13097.0 3045.0
13098.0 3042.0
13099.0 3035.0
13103.0 3033.0
13104.0 3032.0
13110.0 3026.0
13117.0 3025.0
13122.0 3021.0
13123.0 3016.0
13128.0 3015.0
13129.0 3009.0
13142.0 3008.0
13147.0 2998.0
13148.0 2993.0
13162.0 2992.0
13166.0 2991.0
13167.0 2990.0
13169.0 2985.0
13173.0 2984.0
13182.0 2980.0
13187.0 2974.0
13188.0 2969.0
13192.0 2967.0
13206.0 2961.0
13207.0 2957.0
13221.0 2951.0
13228.0 2947.0
13232.0 2943.0
13243.0 2942.0
13244.0 2935.0
13247.0 2933.0
13258.0 2929.0
13261.0 2927.0
13269.0 2923.0
13272.0 2921.0
13275.0 2920.0
13280.0 2919.0
13281.0 2912.0
13284.0 2911.0
13292.0 2910.0
13294.0 2905.0
13298.0 2901.0
13300.0 2900.0
13302.0 2897.0
13303.0 2895.0
13305.0 2890.0
13311.0 2886.0
13316.0 2883.0
13320.0 2882.0
13324.0 2880.0
13325.0 2879.0
13326.0 2878.0
13329.0 2874.0
13333.0 2870.0
13336.0 2868.0
13339.0 2867.0
13342.0 2864.0
13347.0 2861.0
13352.0 2860.0
13353.0 2859.0
13356.0 2857.0
13359.0 2853.0
13361.0 2852.0
13362.0 2849.0
13364.0 2848.0
13366.0 2847.0
13368.0 2841.0
13371.0 2837.0
13377.0 2835.0
13381.0 2833.0
13387.0 2831.0
13392.0 2830.0
13393.0 2827.0
13398.0 2826.0
13399.0 2825.0
13400.0 2823.0
13405.0 2822.0
13406.0 2821.0
13408.0 2819.0
13412.0 2817.0
13415.0 2815.0
13416.0 2814.0
13417.0 2811.0
13418.0 2806.0
13423.0 2803.0
13425.0 2799.0
13431.0 2798.0
13433.0 2796.0
13434.0 2792.0
13440.0 2787.0
13444.0 2780.0
13451.0 2779.0
13455.0 2777.0
13459.0 2775.0
13462.0 2768.0
13477.0 2764.0
13481.0 2757.0
13488.0 2756.0
13492.0 2754.0
13496.0 2752.0
13499.0 2745.0
13506.0 2744.0
13519.0 2738.0
13524.0 2735.0
13535.0 2734.0
13536.0 2730.0
13539.0 2727.0
13543.0 2721.0
13560.0 2720.0
13561.0 2712.0
13578.0 2711.0
13582.0 2703.0
13599.0 2702.0
13617.0 2700.0
13622.0 2696.0
13628.0 2694.0
13635.0 2693.0
13636.0 2692.0
13640.0 2691.0
13641.0 2687.0
13649.0 2685.0
13653.0 2683.0
13654.0 2680.0
13662.0 2678.0
13666.0 2677.0
13670.0 2673.0
13672.0 2672.0
13679.0 2670.0
13683.0 2666.0
13685.0 2665.0
13692.0 2661.0
13696.0 2659.0
13698.0 2658.0
13702.0 2657.0
13706.0 2652.0
13710.0 2650.0
13723.0 2648.0
13729.0 2644.0
13736.0 2641.0
13751.0 2639.0
13754.0 2638.0
13758.0 2636.0
13764.0 2635.0
13765.0 2634.0
13779.0 2633.0
13780.0 2632.0
13783.0 2631.0
13786.0 2630.0
13787.0 2629.0
13806.0 2628.0
13811.0 2625.0
13813.0 2624.0
13822.0 2620.0
13826.0 2618.0
13839.0 2617.0
13845.0 2616.0
13848.0 2613.0
13867.0 2612.0
13874.0 2610.0
13884.0 2609.0
13890.0 2608.0
13893.0 2605.0
13912.0 2604.0
