413.0 1316.0
414.0 1298.0
415.0 1285.0
416.0 1239.0
418.0 1227.0
419.0 1211.0
421.0 1202.0
422.0 1191.0
423.0 1189.0
424.0 1182.0
425.0 1180.0
426.0 1176.0
427.0 1174.0
428.0 1165.0
429.0 1163.0
430.0 1155.0
431.0 1154.0
432.0 1150.0
433.0 1149.0
434.0 1137.0
436.0 1132.0
437.0 1129.0
438.0 1122.0
439.0 1120.0
440.0 1113.0
441.0 1110.0
442.0 1105.0
443.0 1101.0
444.0 1095.0
446.0 1090.0
447.0 1083.0
449.0 1078.0
452.0 1074.0
453.0 1072.0
455.0 1067.0
457.0 1065.0
458.0 1063.0
460.0 1061.0
464.0 1060.0
465.0 1053.0
469.0 1052.0
470.0 1049.0
471.0 1045.0
472.0 1042.0
473.0 1041.0
474.0 1037.0
476.0 1032.0
478.0 1027.0
480.0 1019.0
484.0 1014.0
487.0 1011.0
489.0 1010.0
490.0 1009.0
492.0 1008.0
493.0 1004.0
495.0 1003.0
496.0 1002.0
498.0 1001.0
499.0 1000.0
501.0 999.0
508.0 998.0
510.0 997.0
511.0 996.0
512.0 993.0
515.0 988.0
518.0 986.0
523.0 982.0
526.0 980.0
