522.0 1472.0
523.0 1444.0
525.0 1437.0
526.0 1320.0
529.0 1307.0
530.0 1296.0
531.0 1290.0
532.0 1289.0
534.0 1272.0
535.0 1261.0
536.0 1255.0
537.0 1247.0
538.0 1241.0
539.0 1234.0
541.0 1229.0
542.0 1219.0
543.0 1213.0
544.0 1206.0
545.0 1203.0
546.0 1197.0
548.0 1194.0
550.0 1188.0
551.0 1183.0
552.0 1181.0
553.0 1177.0
555.0 1172.0
556.0 1166.0
559.0 1164.0
560.0 1159.0
562.0 1155.0
564.0 1153.0
565.0 1148.0
566.0 1144.0
567.0 1137.0
570.0 1136.0
571.0 1131.0
572.0 1126.0
575.0 1125.0
577.0 1123.0
578.0 1118.0
579.0 1117.0
584.0 1116.0
585.0 1113.0
586.0 1112.0
587.0 1105.0
588.0 1102.0
589.0 1099.0
592.0 1091.0
594.0 1087.0
597.0 1078.0
601.0 1076.0
603.0 1068.0
622.0 1064.0
624.0 1062.0
626.0 1061.0
627.0 1059.0
628.0 1057.0
632.0 1056.0
