9928.0 1909.0
9932.0 1884.0
9938.0 1878.0
9945.0 1877.0
9948.0 1869.0
9954.0 1863.0
9958.0 1858.0
9963.0 1843.0
9969.0 1830.0
9975.0 1824.0
9981.0 1816.0
9987.0 1810.0
9996.0 1800.0
9999.0 1798.0
10002.0 1794.0
10005.0 1785.0
10011.0 1779.0
10021.0 1777.0
10022.0 1775.0
10027.0 1768.0
10033.0 1762.0
10039.0 1757.0
10041.0 1746.0
10043.0 1734.0
10045.0 1732.0
10049.0 1725.0
10051.0 1723.0
10059.0 1714.0
10061.0 1712.0
10063.0 1694.0
10074.0 1693.0
10076.0 1684.0
10080.0 1683.0
10083.0 1681.0
10089.0 1670.0
10100.0 1669.0
10102.0 1660.0
10106.0 1659.0
10109.0 1657.0
10117.0 1655.0
10119.0 1649.0
10126.0 1646.0
10134.0 1643.0
10139.0 1640.0
10145.0 1639.0
10146.0 1637.0
10147.0 1633.0
10154.0 1630.0
10162.0 1627.0
10167.0 1624.0
10174.0 1621.0
10182.0 1616.0
10189.0 1613.0
10197.0 1610.0
10202.0 1607.0
10208.0 1606.0
10209.0 1604.0
10210.0 1600.0
10217.0 1597.0
10225.0 1594.0
10230.0 1591.0
10237.0 1588.0
10247.0 1584.0
10253.0 1582.0
10262.0 1581.0
10263.0 1577.0
10270.0 1574.0
10276.0 1572.0
10286.0 1567.0
10302.0 1566.0
10303.0 1565.0
10306.0 1563.0
10310.0 1561.0
10314.0 1560.0
10317.0 1559.0
10321.0 1556.0
10325.0 1553.0
10328.0 1546.0
10332.0 1545.0
10336.0 1542.0
10340.0 1541.0
10351.0 1538.0
10353.0 1537.0
10357.0 1536.0
10361.0 1533.0
10365.0 1532.0
10378.0 1531.0
10382.0 1530.0
10386.0 1522.0
10390.0 1521.0
10401.0 1518.0
10405.0 1517.0
10411.0 1513.0
10415.0 1512.0
10429.0 1511.0
10437.0 1510.0
10443.0 1507.0
10447.0 1506.0
10453.0 1504.0
10464.0 1503.0
10470.0 1500.0
10474.0 1498.0
10492.0 1497.0
10496.0 1493.0
10510.0 1491.0
10518.0 1489.0
10531.0 1488.0
10532.0 1487.0
10533.0 1485.0
10543.0 1483.0
10545.0 1482.0
10554.0 1480.0
10566.0 1478.0
10569.0 1476.0
10577.0 1475.0
10578.0 1472.0
10581.0 1471.0
10589.0 1469.0
10592.0 1467.0
10598.0 1460.0
10609.0 1457.0
10631.0 1456.0
10644.0 1451.0
10662.0 1449.0
10758.0 1448.0
10822.0 1446.0
