464.0 752.0
484.0 661.0
464.0 752.0
464.0 752.0
466.0 729.0
487.0 653.0
487.0 653.0
466.0 729.0
464.0 752.0
467.0 719.0
477.0 675.0
467.0 719.0
493.0 648.0
487.0 653.0
491.0 650.0
493.0 648.0
464.0 752.0
466.0 729.0
484.0 661.0
480.0 671.0
477.0 675.0
465.0 738.0
477.0 675.0
487.0 653.0
466.0 729.0
487.0 653.0
491.0 650.0
470.0 698.0
485.0 658.0
493.0 648.0
467.0 719.0
480.0 671.0
476.0 680.0
465.0 738.0
484.0 661.0
480.0 671.0
469.0 703.0
467.0 719.0
469.0 703.0
477.0 675.0
473.0 685.0
467.0 719.0
469.0 703.0
471.0 697.0
480.0 671.0
470.0 698.0
487.0 653.0
469.0 703.0
471.0 697.0
465.0 738.0
485.0 658.0
470.0 698.0
471.0 697.0
470.0 698.0
472.0 689.0
491.0 650.0
473.0 685.0
480.0 671.0
485.0 658.0
491.0 650.0
466.0 729.0
468.0 707.0
491.0 650.0
471.0 697.0
480.0 671.0
470.0 698.0
487.0 653.0
491.0 650.0
471.0 697.0
477.0 675.0
465.0 738.0
468.0 707.0
466.0 729.0
466.0 729.0
468.0 707.0
493.0 648.0
471.0 697.0
485.0 658.0
469.0 703.0
473.0 685.0
470.0 698.0
480.0 671.0
485.0 658.0
469.0 703.0
467.0 719.0
467.0 719.0
493.0 648.0
473.0 685.0
493.0 648.0
477.0 675.0
473.0 685.0
465.0 738.0
464.0 752.0
473.0 685.0
468.0 707.0
485.0 658.0
468.0 707.0
465.0 738.0
465.0 738.0
468.0 707.0
