40.0 646.0
25.0 759.0
30.0 690.0
40.0 646.0
33.0 675.0
40.0 646.0
30.0 690.0
27.0 698.0
33.0 675.0
37.0 649.0
40.0 646.0
37.0 649.0
35.0 667.0
26.0 710.0
28.0 696.0
33.0 675.0
35.0 667.0
29.0 691.0
28.0 696.0
37.0 649.0
29.0 691.0
26.0 710.0
30.0 690.0
25.0 759.0
37.0 649.0
37.0 649.0
36.0 660.0
26.0 710.0
35.0 667.0
25.0 759.0
31.0 687.0
31.0 687.0
28.0 696.0
29.0 691.0
31.0 687.0
26.0 710.0
26.0 710.0
36.0 660.0
33.0 675.0
27.0 698.0
32.0 685.0
40.0 646.0
37.0 649.0
31.0 687.0
31.0 687.0
27.0 698.0
25.0 759.0
35.0 667.0
30.0 690.0
36.0 660.0
33.0 675.0
25.0 759.0
28.0 696.0
33.0 675.0
40.0 646.0
29.0 691.0
35.0 667.0
26.0 710.0
27.0 698.0
32.0 685.0
27.0 698.0
35.0 667.0
33.0 675.0
32.0 685.0
30.0 690.0
26.0 710.0
40.0 646.0
40.0 646.0
31.0 687.0
27.0 698.0
28.0 696.0
29.0 691.0
35.0 667.0
32.0 685.0
37.0 649.0
27.0 698.0
36.0 660.0
33.0 675.0
28.0 696.0
28.0 696.0
26.0 710.0
32.0 685.0
32.0 685.0
32.0 685.0
36.0 660.0
25.0 759.0
30.0 690.0
29.0 691.0
36.0 660.0
25.0 759.0
31.0 687.0
36.0 660.0
25.0 759.0
35.0 667.0
36.0 660.0
37.0 649.0
32.0 685.0
27.0 698.0
29.0 691.0
30.0 690.0
