360.0 694.0
378.0 670.0
378.0 670.0
359.0 721.0
352.0 774.0
352.0 774.0
378.0 670.0
359.0 721.0
354.0 748.0
360.0 694.0
361.0 685.0
352.0 774.0
377.0 675.0
378.0 670.0
360.0 694.0
361.0 685.0
352.0 774.0
361.0 685.0
354.0 748.0
361.0 685.0
377.0 675.0
377.0 675.0
354.0 748.0
378.0 670.0
377.0 675.0
352.0 774.0
359.0 721.0
352.0 774.0
360.0 694.0
353.0 757.0
353.0 757.0
359.0 721.0
359.0 721.0
352.0 774.0
361.0 685.0
355.0 739.0
377.0 675.0
353.0 757.0
370.0 683.0
354.0 748.0
377.0 675.0
361.0 685.0
377.0 675.0
370.0 683.0
358.0 728.0
354.0 748.0
358.0 728.0
359.0 721.0
359.0 721.0
358.0 728.0
371.0 678.0
370.0 683.0
354.0 748.0
359.0 721.0
370.0 683.0
354.0 748.0
353.0 757.0
361.0 685.0
377.0 675.0
378.0 670.0
358.0 728.0
370.0 683.0
378.0 670.0
371.0 678.0
352.0 774.0
353.0 757.0
360.0 694.0
354.0 748.0
361.0 685.0
370.0 683.0
353.0 757.0
358.0 728.0
354.0 748.0
371.0 678.0
370.0 683.0
353.0 757.0
378.0 670.0
361.0 685.0
356.0 736.0
352.0 774.0
358.0 728.0
358.0 728.0
358.0 728.0
371.0 678.0
378.0 670.0
353.0 757.0
370.0 683.0
370.0 683.0
371.0 678.0
358.0 728.0
353.0 757.0
371.0 678.0
352.0 774.0
371.0 678.0
371.0 678.0
354.0 748.0
377.0 675.0
371.0 678.0
357.0 731.0
353.0 757.0
