162.0 489.0
170.0 441.0
162.0 489.0
170.0 441.0
162.0 489.0
170.0 441.0
170.0 441.0
162.0 489.0
162.0 489.0
182.0 437.0
182.0 437.0
183.0 433.0
183.0 433.0
182.0 437.0
178.0 440.0
183.0 433.0
169.0 448.0
178.0 440.0
169.0 448.0
183.0 433.0
178.0 440.0
182.0 437.0
169.0 448.0
183.0 433.0
178.0 440.0
169.0 448.0
168.0 460.0
178.0 440.0
169.0 448.0
178.0 440.0
169.0 448.0
168.0 460.0
169.0 448.0
169.0 448.0
183.0 433.0
163.0 479.0
183.0 433.0
182.0 437.0
166.0 464.0
182.0 437.0
163.0 479.0
164.0 471.0
168.0 460.0
168.0 460.0
182.0 437.0
161.0 497.0
163.0 479.0
164.0 471.0
166.0 464.0
168.0 460.0
166.0 464.0
164.0 471.0
182.0 437.0
178.0 440.0
163.0 479.0
163.0 479.0
182.0 437.0
170.0 441.0
164.0 471.0
183.0 433.0
164.0 471.0
166.0 464.0
162.0 489.0
169.0 448.0
178.0 440.0
170.0 441.0
168.0 460.0
183.0 433.0
170.0 441.0
178.0 440.0
169.0 448.0
164.0 471.0
170.0 441.0
168.0 460.0
164.0 471.0
162.0 489.0
166.0 464.0
164.0 471.0
163.0 479.0
163.0 479.0
168.0 460.0
166.0 464.0
182.0 437.0
163.0 479.0
164.0 471.0
166.0 464.0
168.0 460.0
163.0 479.0
166.0 464.0
162.0 489.0
162.0 489.0
166.0 464.0
178.0 440.0
166.0 464.0
170.0 441.0
163.0 479.0
183.0 433.0
163.0 479.0
164.0 471.0
168.0 460.0
