420.0 525.0
422.0 524.0
389.0 601.0
389.0 601.0
394.0 581.0
422.0 524.0
422.0 524.0
394.0 581.0
404.0 562.0
394.0 581.0
389.0 601.0
394.0 581.0
405.0 551.0
405.0 551.0
405.0 551.0
394.0 581.0
424.0 516.0
394.0 581.0
424.0 516.0
405.0 551.0
417.0 528.0
417.0 528.0
417.0 528.0
423.0 518.0
404.0 562.0
389.0 601.0
409.0 542.0
409.0 542.0
423.0 518.0
401.0 568.0
417.0 528.0
390.0 582.0
423.0 518.0
422.0 524.0
390.0 582.0
424.0 516.0
404.0 562.0
407.0 545.0
416.0 535.0
407.0 545.0
389.0 601.0
416.0 535.0
390.0 582.0
405.0 551.0
416.0 535.0
409.0 542.0
405.0 551.0
424.0 516.0
407.0 545.0
409.0 542.0
422.0 524.0
395.0 571.0
395.0 571.0
401.0 568.0
403.0 563.0
407.0 545.0
409.0 542.0
416.0 535.0
407.0 545.0
401.0 568.0
403.0 563.0
401.0 568.0
411.0 536.0
423.0 518.0
404.0 562.0
416.0 535.0
403.0 563.0
405.0 551.0
407.0 545.0
403.0 563.0
390.0 582.0
411.0 536.0
423.0 518.0
423.0 518.0
401.0 568.0
404.0 562.0
417.0 528.0
403.0 563.0
395.0 571.0
395.0 571.0
390.0 582.0
395.0 571.0
411.0 536.0
416.0 535.0
424.0 516.0
403.0 563.0
395.0 571.0
417.0 528.0
389.0 601.0
411.0 536.0
404.0 562.0
395.0 571.0
424.0 516.0
389.0 601.0
411.0 536.0
411.0 536.0
422.0 524.0
390.0 582.0
401.0 568.0
409.0 542.0
