229.0 1118.0
211.0 1209.0
229.0 1118.0
235.0 1106.0
263.0 1026.0
223.0 1136.0
254.0 1045.0
263.0 1026.0
213.0 1184.0
223.0 1136.0
229.0 1118.0
222.0 1143.0
213.0 1184.0
213.0 1184.0
260.0 1033.0
211.0 1209.0
222.0 1143.0
240.0 1087.0
267.0 1022.0
232.0 1111.0
244.0 1067.0
235.0 1106.0
232.0 1111.0
213.0 1184.0
247.0 1063.0
267.0 1022.0
255.0 1039.0
222.0 1143.0
267.0 1022.0
250.0 1050.0
211.0 1209.0
250.0 1050.0
240.0 1087.0
254.0 1045.0
224.0 1133.0
215.0 1172.0
226.0 1123.0
222.0 1143.0
232.0 1111.0
220.0 1152.0
218.0 1167.0
221.0 1149.0
262.0 1031.0
215.0 1172.0
221.0 1149.0
218.0 1167.0
245.0 1065.0
224.0 1133.0
242.0 1073.0
263.0 1026.0
250.0 1050.0
239.0 1105.0
220.0 1152.0
214.0 1180.0
211.0 1209.0
226.0 1123.0
239.0 1105.0
254.0 1045.0
262.0 1031.0
242.0 1073.0
226.0 1123.0
214.0 1180.0
214.0 1180.0
245.0 1065.0
267.0 1022.0
262.0 1031.0
260.0 1033.0
224.0 1133.0
232.0 1111.0
244.0 1067.0
257.0 1037.0
255.0 1039.0
244.0 1067.0
221.0 1149.0
218.0 1167.0
257.0 1037.0
248.0 1061.0
242.0 1073.0
263.0 1026.0
248.0 1061.0
240.0 1087.0
250.0 1050.0
245.0 1065.0
257.0 1037.0
242.0 1073.0
229.0 1118.0
255.0 1039.0
215.0 1172.0
240.0 1087.0
218.0 1167.0
223.0 1136.0
235.0 1106.0
239.0 1105.0
247.0 1063.0
247.0 1063.0
215.0 1172.0
220.0 1152.0
254.0 1045.0
226.0 1123.0
248.0 1061.0
