2948.0 521.0
2948.0 521.0
2894.0 536.0
2758.0 568.0
2714.0 606.0
2714.0 606.0
2758.0 568.0
2894.0 536.0
2704.0 612.0
2704.0 612.0
2758.0 568.0
2714.0 606.0
2842.0 540.0
2894.0 536.0
2758.0 568.0
3174.0 497.0
2714.0 606.0
3174.0 497.0
2842.0 540.0
3124.0 499.0
3174.0 497.0
2758.0 568.0
2842.0 540.0
2758.0 568.0
3006.0 518.0
2704.0 612.0
2704.0 612.0
3006.0 518.0
2898.0 529.0
3230.0 490.0
2948.0 521.0
2948.0 521.0
3124.0 499.0
3006.0 518.0
2842.0 540.0
2842.0 540.0
2898.0 529.0
2898.0 529.0
2732.0 588.0
2714.0 606.0
2732.0 588.0
3230.0 490.0
3230.0 490.0
3006.0 518.0
3124.0 499.0
3180.0 492.0
3180.0 492.0
2948.0 521.0
3124.0 499.0
2814.0 557.0
3124.0 499.0
2898.0 529.0
3180.0 492.0
2898.0 529.0
3180.0 492.0
3230.0 490.0
2732.0 588.0
2814.0 557.0
3060.0 512.0
3174.0 497.0
2948.0 521.0
3180.0 492.0
3048.0 515.0
3048.0 515.0
3124.0 499.0
2714.0 606.0
3180.0 492.0
3174.0 497.0
3006.0 518.0
2948.0 521.0
3060.0 512.0
3230.0 490.0
2732.0 588.0
2814.0 557.0
2814.0 557.0
2732.0 588.0
2704.0 612.0
3048.0 515.0
3230.0 490.0
2814.0 557.0
3060.0 512.0
3094.0 505.0
3006.0 518.0
3060.0 512.0
3048.0 515.0
2704.0 612.0
3094.0 505.0
3060.0 512.0
3094.0 505.0
3094.0 505.0
2898.0 529.0
3094.0 505.0
2732.0 588.0
3174.0 497.0
3060.0 512.0
3048.0 515.0
2814.0 557.0
3094.0 505.0
2842.0 540.0
3048.0 515.0
