2888.0 174.0
2718.0 220.0
2888.0 174.0
2888.0 174.0
3032.0 170.0
2834.0 183.0
2696.0 230.0
2706.0 224.0
2820.0 189.0
3032.0 170.0
2834.0 183.0
2696.0 230.0
2734.0 210.0
2782.0 197.0
2696.0 230.0
2774.0 200.0
2688.0 236.0
2820.0 189.0
2706.0 224.0
2928.0 172.0
2856.0 176.0
2718.0 220.0
2732.0 211.0
2856.0 176.0
2696.0 230.0
2786.0 196.0
2734.0 210.0
2700.0 228.0
2762.0 206.0
2782.0 197.0
2718.0 220.0
2810.0 193.0
2856.0 176.0
2708.0 222.0
2772.0 201.0
2700.0 228.0
2762.0 206.0
2772.0 201.0
2700.0 228.0
2774.0 200.0
2688.0 236.0
2782.0 197.0
2928.0 172.0
3032.0 170.0
2928.0 172.0
2786.0 196.0
2732.0 211.0
2772.0 201.0
2708.0 222.0
2706.0 224.0
2762.0 206.0
3044.0 167.0
2786.0 196.0
2688.0 236.0
2834.0 183.0
2834.0 183.0
2772.0 201.0
2810.0 193.0
2764.0 204.0
2724.0 214.0
2688.0 236.0
2774.0 200.0
2774.0 200.0
2856.0 176.0
2724.0 214.0
2810.0 193.0
3044.0 167.0
2810.0 193.0
2820.0 189.0
2706.0 224.0
3044.0 167.0
2732.0 211.0
2762.0 206.0
2928.0 172.0
3044.0 167.0
2718.0 220.0
2822.0 187.0
2764.0 204.0
2812.0 191.0
2812.0 191.0
2764.0 204.0
2764.0 204.0
3032.0 170.0
2888.0 174.0
2734.0 210.0
2820.0 189.0
2708.0 222.0
2732.0 211.0
2812.0 191.0
2724.0 214.0
2724.0 214.0
2700.0 228.0
2822.0 187.0
2786.0 196.0
2822.0 187.0
2822.0 187.0
2708.0 222.0
2812.0 191.0
2782.0 197.0
2734.0 210.0
