10291.0 1586.0
10070.0 1839.0
10081.0 1779.0
10081.0 1779.0
10250.0 1607.0
10263.0 1601.0
10479.0 1500.0
10199.0 1638.0
10217.0 1624.0
10479.0 1500.0
10423.0 1523.0
10397.0 1530.0
10152.0 1670.0
10349.0 1553.0
10267.0 1597.0
10176.0 1654.0
10263.0 1601.0
10417.0 1526.0
10325.0 1568.0
10323.0 1569.0
10425.0 1522.0
10245.0 1611.0
10086.0 1764.0
10417.0 1526.0
10453.0 1507.0
10285.0 1587.0
10073.0 1803.0
10279.0 1591.0
10168.0 1662.0
10086.0 1764.0
10333.0 1562.0
10209.0 1634.0
10171.0 1660.0
10091.0 1755.0
10217.0 1624.0
10377.0 1540.0
10453.0 1507.0
10121.0 1684.0
10285.0 1587.0
10459.0 1506.0
10167.0 1664.0
10391.0 1533.0
10295.0 1583.0
10267.0 1597.0
10355.0 1550.0
10391.0 1533.0
10214.0 1628.0
10077.0 1798.0
10096.0 1708.0
10361.0 1547.0
10375.0 1542.0
10071.0 1837.0
10357.0 1549.0
10072.0 1805.0
10093.0 1750.0
10188.0 1645.0
10111.0 1697.0
10211.0 1633.0
10385.0 1534.0
10427.0 1514.0
10235.0 1614.0
10253.0 1603.0
10313.0 1573.0
10433.0 1513.0
10199.0 1638.0
10232.0 1618.0
10317.0 1570.0
10299.0 1581.0
10427.0 1514.0
10249.0 1608.0
10232.0 1618.0
10459.0 1506.0
10082.0 1769.0
10116.0 1691.0
10369.0 1545.0
10121.0 1684.0
10369.0 1545.0
10303.0 1576.0
10077.0 1798.0
10095.0 1710.0
10116.0 1691.0
10179.0 1650.0
10335.0 1560.0
10089.0 1756.0
10399.0 1529.0
10422.0 1525.0
10188.0 1645.0
10345.0 1556.0
10403.0 1527.0
10303.0 1576.0
10093.0 1750.0
10243.0 1612.0
10271.0 1593.0
10279.0 1591.0
10433.0 1513.0
10327.0 1565.0
10082.0 1769.0
10111.0 1697.0
10271.0 1593.0
10385.0 1534.0
