50.0 1344.0
51.0 1241.0
52.0 1225.0
53.0 1213.0
54.0 1159.0
55.0 1143.0
56.0 1139.0
57.0 1135.0
58.0 1120.0
59.0 1116.0
60.0 1112.0
61.0 1108.0
62.0 1096.0
63.0 1081.0
64.0 1077.0
65.0 1068.0
66.0 1060.0
67.0 1056.0
69.0 1054.0
70.0 1046.0
71.0 1039.0
72.0 1028.0
74.0 1020.0
76.0 1014.0
77.0 1009.0
78.0 1002.0
79.0 1001.0
80.0 996.0
81.0 992.0
82.0 987.0
83.0 980.0
85.0 974.0
87.0 970.0
90.0 966.0
91.0 965.0
92.0 962.0
94.0 957.0
96.0 956.0
97.0 954.0
98.0 950.0
99.0 949.0
100.0 946.0
101.0 943.0
103.0 942.0
104.0 941.0
105.0 938.0
106.0 935.0
110.0 934.0
