97.0 1264.0
99.0 1225.0
100.0 1210.0
101.0 1205.0
102.0 1140.0
104.0 1114.0
105.0 1086.0
106.0 1079.0
108.0 1051.0
110.0 1048.0
111.0 1024.0
112.0 1011.0
114.0 1000.0
115.0 987.0
116.0 981.0
118.0 971.0
120.0 968.0
121.0 965.0
122.0 958.0
123.0 956.0
124.0 951.0
125.0 950.0
126.0 939.0
128.0 935.0
129.0 926.0
130.0 921.0
131.0 919.0
132.0 910.0
133.0 909.0
134.0 906.0
136.0 901.0
138.0 896.0
140.0 893.0
142.0 890.0
143.0 887.0
144.0 885.0
145.0 882.0
146.0 880.0
148.0 877.0
149.0 876.0
150.0 874.0
151.0 872.0
152.0 868.0
154.0 866.0
156.0 864.0
157.0 860.0
160.0 852.0
166.0 848.0
