713.0 1149.0
714.0 1130.0
715.0 1115.0
716.0 1110.0
717.0 1095.0
718.0 1091.0
719.0 1086.0
720.0 1076.0
721.0 1067.0
722.0 1046.0
723.0 1027.0
724.0 1018.0
725.0 1011.0
726.0 1006.0
727.0 999.0
728.0 993.0
729.0 988.0
730.0 981.0
731.0 976.0
732.0 970.0
733.0 964.0
734.0 959.0
735.0 949.0
736.0 947.0
737.0 935.0
738.0 929.0
739.0 912.0
741.0 896.0
743.0 882.0
744.0 880.0
745.0 875.0
746.0 864.0
748.0 857.0
749.0 853.0
750.0 850.0
751.0 846.0
752.0 837.0
754.0 830.0
756.0 823.0
758.0 814.0
760.0 807.0
762.0 800.0
764.0 793.0
767.0 791.0
770.0 785.0
773.0 782.0
776.0 780.0
780.0 776.0
