525.0 1425.0
526.0 1396.0
527.0 1376.0
529.0 1370.0
530.0 1349.0
532.0 1339.0
533.0 1302.0
534.0 1295.0
535.0 1294.0
536.0 1287.0
537.0 1283.0
538.0 1264.0
539.0 1262.0
540.0 1236.0
541.0 1221.0
543.0 1205.0
545.0 1200.0
546.0 1198.0
547.0 1193.0
549.0 1188.0
551.0 1183.0
552.0 1178.0
554.0 1173.0
555.0 1172.0
556.0 1167.0
558.0 1162.0
560.0 1157.0
561.0 1152.0
563.0 1147.0
565.0 1144.0
567.0 1140.0
568.0 1139.0
569.0 1132.0
572.0 1129.0
573.0 1128.0
574.0 1127.0
576.0 1125.0
577.0 1124.0
578.0 1123.0
579.0 1118.0
580.0 1115.0
584.0 1111.0
588.0 1108.0
589.0 1105.0
592.0 1101.0
593.0 1098.0
599.0 1088.0
603.0 1086.0
605.0 1079.0
609.0 1077.0
614.0 1075.0
615.0 1071.0
619.0 1068.0
621.0 1066.0
622.0 1060.0
628.0 1059.0
631.0 1051.0
