2602.0 724.0
2612.0 712.0
2622.0 698.0
2630.0 684.0
2644.0 683.0
2646.0 676.0
2648.0 675.0
2650.0 671.0
2660.0 668.0
2664.0 658.0
2672.0 644.0
2676.0 631.0
2688.0 623.0
2692.0 614.0
2694.0 612.0
2698.0 610.0
2700.0 608.0
2712.0 585.0
2734.0 579.0
2736.0 577.0
2750.0 575.0
2752.0 573.0
2756.0 571.0
2758.0 569.0
2760.0 565.0
2772.0 557.0
2782.0 555.0
2784.0 551.0
2806.0 547.0
2810.0 546.0
2812.0 542.0
2820.0 539.0
2832.0 534.0
2836.0 528.0
2846.0 527.0
2856.0 526.0
2862.0 522.0
2876.0 518.0
2884.0 516.0
2910.0 511.0
2930.0 509.0
2938.0 507.0
2982.0 503.0
2990.0 501.0
3014.0 499.0
3042.0 498.0
3068.0 497.0
3080.0 493.0
3088.0 491.0
3112.0 489.0
3200.0 486.0
3218.0 484.0
3242.0 482.0
