9933.0 1852.0
9940.0 1844.0
9947.0 1829.0
9954.0 1821.0
9961.0 1818.0
9963.0 1811.0
9970.0 1808.0
9971.0 1807.0
9974.0 1806.0
9978.0 1797.0
9983.0 1796.0
9985.0 1794.0
9990.0 1787.0
9997.0 1784.0
9998.0 1782.0
10007.0 1781.0
10008.0 1780.0
10009.0 1775.0
10010.0 1772.0
10016.0 1769.0
10019.0 1768.0
10020.0 1767.0
10021.0 1764.0
10022.0 1763.0
10023.0 1762.0
10026.0 1758.0
10030.0 1756.0
10031.0 1753.0
10035.0 1751.0
10036.0 1747.0
10040.0 1745.0
10045.0 1740.0
10050.0 1734.0
10053.0 1729.0
10059.0 1726.0
10060.0 1725.0
10064.0 1724.0
10067.0 1715.0
10069.0 1714.0
10073.0 1713.0
10075.0 1709.0
10077.0 1703.0
10079.0 1702.0
10082.0 1693.0
10087.0 1691.0
10090.0 1682.0
10104.0 1681.0
10105.0 1677.0
10110.0 1675.0
10115.0 1674.0
10116.0 1672.0
10120.0 1668.0
10123.0 1663.0
10128.0 1661.0
10136.0 1660.0
10138.0 1658.0
10144.0 1654.0
10146.0 1653.0
10150.0 1651.0
10152.0 1648.0
10158.0 1646.0
10162.0 1645.0
10164.0 1639.0
10172.0 1638.0
10180.0 1632.0
10184.0 1626.0
10191.0 1625.0
10192.0 1621.0
10196.0 1620.0
10204.0 1619.0
10208.0 1616.0
10210.0 1613.0
10217.0 1608.0
10221.0 1605.0
10230.0 1595.0
10249.0 1592.0
10254.0 1591.0
10256.0 1589.0
10257.0 1588.0
10260.0 1587.0
10263.0 1582.0
10264.0 1579.0
10270.0 1575.0
10274.0 1574.0
10275.0 1571.0
10281.0 1570.0
10282.0 1565.0
10289.0 1564.0
10290.0 1560.0
10297.0 1557.0
10304.0 1556.0
10310.0 1553.0
10314.0 1548.0
10321.0 1547.0
10322.0 1543.0
10329.0 1540.0
10336.0 1539.0
10346.0 1536.0
10353.0 1533.0
10369.0 1529.0
10372.0 1528.0
10379.0 1525.0
10391.0 1521.0
10399.0 1518.0
10413.0 1517.0
10415.0 1515.0
10431.0 1512.0
10441.0 1508.0
10449.0 1505.0
10463.0 1504.0
10465.0 1502.0
10467.0 1501.0
10475.0 1498.0
10489.0 1497.0
10491.0 1495.0
10507.0 1492.0
10517.0 1490.0
10538.0 1486.0
10541.0 1485.0
10548.0 1484.0
10556.0 1481.0
10566.0 1479.0
10585.0 1478.0
10590.0 1474.0
10609.0 1473.0
10624.0 1470.0
10646.0 1469.0
10648.0 1466.0
10665.0 1461.0
10680.0 1460.0
10697.0 1455.0
10767.0 1454.0
10788.0 1449.0
