19415.0 6105.0
19417.0 6097.0
19419.0 6083.0
19420.0 6071.0
19421.0 6064.0
19422.0 6023.0
19424.0 6022.0
19425.0 6005.0
19427.0 6004.0
19429.0 5977.0
19430.0 5961.0
19433.0 5952.0
19434.0 5939.0
19437.0 5930.0
19442.0 5926.0
19444.0 5906.0
19448.0 5884.0
19457.0 5881.0
19459.0 5871.0
19461.0 5859.0
19472.0 5846.0
19475.0 5838.0
19483.0 5830.0
19486.0 5825.0
19489.0 5781.0
19491.0 5776.0
19493.0 5769.0
19495.0 5747.0
19497.0 5742.0
19501.0 5727.0
19502.0 5725.0
19503.0 5722.0
19505.0 5716.0
19507.0 5707.0
19508.0 5691.0
19509.0 5689.0
19512.0 5680.0
19514.0 5674.0
19515.0 5663.0
19516.0 5658.0
19517.0 5647.0
19518.0 5636.0
19520.0 5630.0
19521.0 5626.0
19522.0 5622.0
19523.0 5619.0
19524.0 5616.0
19525.0 5613.0
19531.0 5608.0
19533.0 5599.0
19535.0 5596.0
19536.0 5588.0
19538.0 5579.0
19540.0 5566.0
19542.0 5555.0
19546.0 5545.0
19550.0 5540.0
19552.0 5532.0
19559.0 5525.0
19561.0 5514.0
19564.0 5509.0
19566.0 5506.0
19568.0 5499.0
19570.0 5496.0
19571.0 5490.0
19574.0 5486.0
19576.0 5483.0
19578.0 5466.0
19585.0 5465.0
19587.0 5448.0
19597.0 5447.0
19599.0 5446.0
19600.0 5441.0
19601.0 5437.0
19606.0 5429.0
19609.0 5423.0
19617.0 5415.0
19625.0 5414.0
19628.0 5404.0
19636.0 5396.0
19639.0 5390.0
19645.0 5385.0
19653.0 5384.0
19655.0 5379.0
19658.0 5371.0
19661.0 5370.0
19664.0 5366.0
19666.0 5364.0
19667.0 5360.0
19668.0 5356.0
19677.0 5353.0
19678.0 5351.0
19681.0 5348.0
19682.0 5345.0
19685.0 5342.0
19686.0 5341.0
19687.0 5334.0
19690.0 5331.0
19698.0 5324.0
19699.0 5323.0
19705.0 5320.0
19706.0 5315.0
19709.0 5312.0
19717.0 5305.0
19718.0 5304.0
19720.0 5299.0
19721.0 5298.0
19728.0 5295.0
19731.0 5294.0
19732.0 5293.0
19736.0 5288.0
19737.0 5287.0
19739.0 5280.0
19740.0 5279.0
19748.0 5277.0
19749.0 5276.0
19752.0 5275.0
19753.0 5274.0
19756.0 5271.0
19757.0 5270.0
19758.0 5263.0
19759.0 5262.0
19767.0 5260.0
19768.0 5259.0
19771.0 5258.0
19772.0 5257.0
19776.0 5256.0
19777.0 5255.0
19780.0 5251.0
19781.0 5250.0
19786.0 5249.0
19789.0 5247.0
19792.0 5245.0
19793.0 5244.0
19795.0 5242.0
19796.0 5241.0
19798.0 5237.0
19801.0 5229.0
19804.0 5227.0
19816.0 5220.0
19821.0 5219.0
19822.0 5212.0
19826.0 5211.0
19828.0 5202.0
19837.0 5199.0
19838.0 5198.0
19840.0 5197.0
19846.0 5195.0
19849.0 5192.0
19852.0 5185.0
19857.0 5184.0
19861.0 5182.0
19862.0 5181.0
19864.0 5180.0
19873.0 5175.0
19878.0 5174.0
19881.0 5167.0
19894.0 5161.0
19899.0 5160.0
19902.0 5156.0
19907.0 5155.0
19911.0 5154.0
19912.0 5153.0
19913.0 5146.0
19922.0 5145.0
19929.0 5140.0
19939.0 5137.0
19941.0 5136.0
19942.0 5132.0
19947.0 5131.0
19948.0 5129.0
19951.0 5123.0
19959.0 5121.0
19963.0 5111.0
19977.0 5110.0
19979.0 5105.0
19984.0 5100.0
19992.0 5098.0
19996.0 5097.0
20000.0 5092.0
20004.0 5086.0
20018.0 5085.0
20020.0 5080.0
20026.0 5078.0
20027.0 5076.0
20035.0 5075.0
20036.0 5074.0
20040.0 5071.0
20042.0 5069.0
20044.0 5067.0
20047.0 5065.0
20049.0 5063.0
20053.0 5062.0
20055.0 5060.0
20056.0 5057.0
20058.0 5055.0
20063.0 5051.0
20074.0 5050.0
20079.0 5046.0
20086.0 5045.0
20089.0 5044.0
20091.0 5041.0
20094.0 5040.0
20104.0 5039.0
20105.0 5036.0
20108.0 5032.0
20110.0 5030.0
20115.0 5026.0
20122.0 5024.0
20130.0 5020.0
20142.0 5018.0
20149.0 5016.0
20150.0 5014.0
20151.0 5010.0
20153.0 5008.0
20158.0 5004.0
20176.0 5003.0
20178.0 5002.0
20181.0 4999.0
20188.0 4996.0
20194.0 4993.0
20199.0 4992.0
20202.0 4991.0
20207.0 4987.0
20219.0 4986.0
20220.0 4983.0
20224.0 4982.0
20235.0 4981.0
20237.0 4979.0
20243.0 4976.0
20252.0 4975.0
20253.0 4972.0
20260.0 4971.0
20264.0 4970.0
20269.0 4966.0
20283.0 4964.0
20284.0 4962.0
20289.0 4961.0
20303.0 4959.0
20307.0 4958.0
20308.0 4957.0
20310.0 4955.0
20314.0 4954.0
20315.0 4951.0
20319.0 4950.0
20329.0 4948.0
20331.0 4946.0
20336.0 4942.0
20355.0 4939.0
20360.0 4938.0
20362.0 4937.0
20366.0 4934.0
20371.0 4933.0
20372.0 4931.0
20381.0 4929.0
20383.0 4924.0
20387.0 4923.0
20393.0 4922.0
20396.0 4921.0
20400.0 4920.0
20403.0 4912.0
20411.0 4911.0
20412.0 4910.0
20418.0 4907.0
20421.0 4901.0
20425.0 4900.0
20430.0 4899.0
20434.0 4898.0
20439.0 4892.0
20443.0 4889.0
20452.0 4887.0
20457.0 4881.0
20477.0 4878.0
20478.0 4875.0
20482.0 4872.0
20491.0 4870.0
20496.0 4864.0
20516.0 4861.0
20518.0 4860.0
20522.0 4857.0
20544.0 4853.0
20557.0 4849.0
20566.0 4847.0
20576.0 4846.0
20579.0 4845.0
20585.0 4844.0
20586.0 4842.0
20587.0 4839.0
20590.0 4838.0
20602.0 4836.0
20604.0 4833.0
20608.0 4830.0
20615.0 4829.0
20617.0 4828.0
20620.0 4825.0
20622.0 4822.0
20629.0 4821.0
20640.0 4820.0
20644.0 4818.0
20651.0 4817.0
20654.0 4812.0
20663.0 4811.0
20676.0 4808.0
20682.0 4805.0
20686.0 4803.0
20691.0 4801.0
20696.0 4797.0
20705.0 4793.0
20711.0 4792.0
20720.0 4788.0
20740.0 4785.0
20742.0 4784.0
20749.0 4783.0
20755.0 4780.0
20764.0 4778.0
20777.0 4776.0
20778.0 4775.0
20785.0 4774.0
20787.0 4771.0
20793.0 4770.0
20801.0 4769.0
20802.0 4766.0
20809.0 4765.0
20813.0 4763.0
20815.0 4762.0
20818.0 4761.0
20824.0 4758.0
20830.0 4757.0
20836.0 4755.0
20839.0 4753.0
20844.0 4751.0
20851.0 4750.0
20852.0 4749.0
20853.0 4747.0
20859.0 4746.0
20866.0 4745.0
20867.0 4744.0
20868.0 4742.0
20874.0 4741.0
20881.0 4738.0
20883.0 4737.0
20896.0 4733.0
20902.0 4732.0
20911.0 4728.0
20927.0 4727.0
20949.0 4726.0
20952.0 4724.0
20964.0 4721.0
20990.0 4720.0
21019.0 4719.0
21025.0 4717.0
21041.0 4715.0
21066.0 4713.0
21078.0 4710.0
21091.0 4709.0
21117.0 4708.0
21146.0 4707.0
21152.0 4705.0
21178.0 4704.0
21196.0 4703.0
21208.0 4700.0
21234.0 4699.0
