411.0 1344.0
412.0 1336.0
413.0 1332.0
414.0 1325.0
415.0 1315.0
416.0 1290.0
417.0 1277.0
418.0 1221.0
420.0 1197.0
422.0 1182.0
424.0 1170.0
426.0 1166.0
427.0 1158.0
428.0 1154.0
430.0 1150.0
431.0 1149.0
432.0 1147.0
433.0 1143.0
434.0 1138.0
436.0 1136.0
437.0 1132.0
438.0 1127.0
440.0 1121.0
441.0 1120.0
442.0 1116.0
443.0 1105.0
445.0 1104.0
446.0 1102.0
447.0 1097.0
449.0 1096.0
451.0 1091.0
453.0 1086.0
454.0 1083.0
455.0 1082.0
456.0 1068.0
460.0 1062.0
462.0 1060.0
463.0 1057.0
464.0 1056.0
465.0 1050.0
467.0 1046.0
468.0 1041.0
472.0 1040.0
473.0 1039.0
474.0 1036.0
475.0 1031.0
477.0 1029.0
478.0 1024.0
479.0 1023.0
483.0 1021.0
484.0 1019.0
486.0 1016.0
487.0 1015.0
490.0 1012.0
491.0 1011.0
493.0 1006.0
495.0 1000.0
496.0 999.0
497.0 998.0
498.0 991.0
500.0 990.0
502.0 988.0
506.0 983.0
508.0 981.0
529.0 979.0
530.0 978.0
533.0 977.0
540.0 976.0
542.0 975.0
543.0 972.0
546.0 971.0
549.0 969.0
550.0 966.0
557.0 961.0
