2628.0 672.0
2632.0 668.0
2650.0 666.0
2654.0 662.0
2666.0 657.0
2668.0 653.0
2672.0 642.0
2678.0 634.0
2682.0 630.0
2688.0 622.0
2694.0 616.0
2696.0 614.0
2698.0 610.0
2706.0 602.0
2722.0 592.0
2730.0 587.0
2732.0 583.0
2744.0 572.0
2752.0 567.0
2754.0 563.0
2766.0 561.0
2774.0 556.0
2776.0 552.0
2796.0 539.0
2798.0 535.0
2818.0 528.0
2820.0 524.0
2848.0 522.0
2856.0 520.0
2866.0 517.0
2870.0 511.0
2900.0 510.0
2906.0 507.0
2942.0 505.0
2946.0 503.0
2980.0 499.0
3004.0 496.0
3036.0 494.0
3056.0 493.0
3068.0 490.0
