9933.0 1852.0
9940.0 1844.0
9947.0 1829.0
9954.0 1821.0
9961.0 1818.0
9963.0 1811.0
9966.0 1792.0
9972.0 1790.0
9976.0 1788.0
9978.0 1784.0
9980.0 1769.0
9986.0 1767.0
9990.0 1765.0
9992.0 1761.0
9997.0 1753.0
10005.0 1749.0
10009.0 1744.0
10010.0 1742.0
10012.0 1740.0
10021.0 1736.0
10026.0 1728.0
10034.0 1724.0
10039.0 1717.0
10041.0 1715.0
10051.0 1714.0
10058.0 1713.0
10063.0 1706.0
10065.0 1704.0
10069.0 1702.0
10077.0 1697.0
10081.0 1696.0
10083.0 1690.0
10085.0 1689.0
10089.0 1688.0
10093.0 1684.0
10095.0 1679.0
10099.0 1678.0
10111.0 1676.0
10113.0 1671.0
10117.0 1670.0
10119.0 1668.0
10123.0 1667.0
10133.0 1666.0
10136.0 1665.0
10137.0 1660.0
10141.0 1659.0
10146.0 1658.0
10150.0 1657.0
10157.0 1655.0
10161.0 1654.0
10165.0 1653.0
10168.0 1649.0
10170.0 1647.0
10174.0 1646.0
10184.0 1645.0
10185.0 1643.0
10188.0 1639.0
10192.0 1638.0
10196.0 1637.0
10198.0 1635.0
10199.0 1634.0
10201.0 1632.0
10204.0 1629.0
10208.0 1628.0
10209.0 1627.0
10210.0 1622.0
10216.0 1618.0
10221.0 1612.0
10226.0 1606.0
10228.0 1604.0
10236.0 1599.0
10238.0 1593.0
10240.0 1591.0
10248.0 1586.0
10253.0 1585.0
10260.0 1583.0
10261.0 1580.0
10263.0 1579.0
10268.0 1578.0
10270.0 1576.0
10274.0 1572.0
10276.0 1570.0
10284.0 1565.0
10289.0 1564.0
10296.0 1562.0
10297.0 1559.0
10299.0 1558.0
10304.0 1557.0
10306.0 1556.0
10314.0 1554.0
10320.0 1553.0
10321.0 1552.0
10329.0 1550.0
10330.0 1547.0
10332.0 1546.0
10335.0 1545.0
10339.0 1544.0
10343.0 1540.0
10348.0 1539.0
10355.0 1537.0
10356.0 1534.0
10358.0 1533.0
10363.0 1532.0
10365.0 1531.0
10370.0 1530.0
10373.0 1529.0
10379.0 1528.0
10380.0 1527.0
10383.0 1524.0
10389.0 1522.0
10391.0 1521.0
10396.0 1520.0
10398.0 1519.0
10406.0 1517.0
10413.0 1515.0
10416.0 1512.0
10423.0 1510.0
10432.0 1507.0
10436.0 1506.0
10448.0 1504.0
10452.0 1503.0
10455.0 1501.0
10459.0 1499.0
10463.0 1498.0
10465.0 1495.0
10469.0 1494.0
10489.0 1493.0
10503.0 1489.0
10520.0 1488.0
10522.0 1487.0
10524.0 1485.0
10530.0 1483.0
10540.0 1482.0
10542.0 1480.0
10546.0 1475.0
10557.0 1472.0
10570.0 1471.0
10577.0 1469.0
10590.0 1468.0
10600.0 1464.0
10643.0 1461.0
10650.0 1460.0
10678.0 1459.0
10680.0 1457.0
10683.0 1455.0
10723.0 1454.0
10726.0 1452.0
10745.0 1451.0
10757.0 1450.0
10767.0 1447.0
10790.0 1445.0
10794.0 1444.0
