12960.0 3293.0
12961.0 3286.0
12962.0 3272.0
12963.0 3250.0
12965.0 3241.0
12966.0 3219.0
12969.0 3190.0
12976.0 3181.0
12977.0 3172.0
12984.0 3163.0
12989.0 3159.0
12991.0 3158.0
12996.0 3150.0
13004.0 3135.0
13007.0 3132.0
13011.0 3130.0
13014.0 3127.0
13016.0 3122.0
13019.0 3119.0
13029.0 3110.0
13036.0 3105.0
13041.0 3097.0
13055.0 3096.0
13058.0 3091.0
13063.0 3086.0
13067.0 3083.0
13070.0 3081.0
13073.0 3079.0
13075.0 3073.0
13088.0 3068.0
13089.0 3061.0
13092.0 3058.0
13094.0 3056.0
13095.0 3048.0
13097.0 3037.0
13102.0 3036.0
13103.0 3017.0
13107.0 3015.0
13111.0 3012.0
13115.0 3010.0
13126.0 3007.0
13129.0 3006.0
13130.0 3005.0
13131.0 3003.0
13135.0 3001.0
13139.0 2998.0
13142.0 2994.0
13147.0 2989.0
13148.0 2986.0
13155.0 2984.0
13156.0 2981.0
13165.0 2979.0
13166.0 2977.0
13168.0 2974.0
13176.0 2969.0
13184.0 2967.0
13185.0 2966.0
13189.0 2962.0
13190.0 2956.0
13198.0 2951.0
13202.0 2950.0
13204.0 2948.0
13206.0 2944.0
13210.0 2942.0
13213.0 2937.0
13219.0 2931.0
13227.0 2926.0
13234.0 2922.0
13240.0 2916.0
13248.0 2911.0
13263.0 2906.0
13266.0 2904.0
13274.0 2903.0
13276.0 2902.0
13281.0 2901.0
13282.0 2898.0
13284.0 2897.0
13285.0 2895.0
13288.0 2894.0
13291.0 2893.0
13293.0 2890.0
13298.0 2889.0
13299.0 2888.0
13303.0 2887.0
13306.0 2882.0
13313.0 2879.0
13316.0 2876.0
13324.0 2870.0
13335.0 2867.0
13343.0 2861.0
13358.0 2860.0
13360.0 2856.0
13364.0 2854.0
13365.0 2853.0
13368.0 2852.0
13370.0 2850.0
13371.0 2843.0
13380.0 2836.0
13388.0 2831.0
13391.0 2825.0
13400.0 2819.0
13403.0 2816.0
13408.0 2813.0
13413.0 2809.0
13420.0 2804.0
13423.0 2799.0
13433.0 2792.0
13440.0 2787.0
13450.0 2784.0
13451.0 2781.0
13460.0 2779.0
13463.0 2772.0
13472.0 2770.0
13476.0 2768.0
13482.0 2764.0
13483.0 2763.0
13495.0 2755.0
13501.0 2750.0
13509.0 2748.0
13513.0 2747.0
13514.0 2743.0
13524.0 2737.0
13529.0 2732.0
13535.0 2729.0
13547.0 2727.0
13554.0 2725.0
13555.0 2723.0
13556.0 2722.0
13560.0 2721.0
13565.0 2715.0
13568.0 2711.0
13585.0 2704.0
13588.0 2700.0
13601.0 2699.0
13610.0 2698.0
13624.0 2695.0
13631.0 2692.0
13632.0 2691.0
13634.0 2688.0
13635.0 2687.0
13652.0 2680.0
13655.0 2676.0
13668.0 2675.0
13677.0 2674.0
13687.0 2673.0
13697.0 2672.0
13698.0 2671.0
13701.0 2667.0
13714.0 2666.0
13716.0 2663.0
13723.0 2661.0
13727.0 2660.0
13729.0 2658.0
13730.0 2656.0
13740.0 2654.0
13753.0 2650.0
13766.0 2649.0
13770.0 2648.0
13773.0 2647.0
13776.0 2645.0
13777.0 2644.0
13778.0 2643.0
13784.0 2642.0
13785.0 2638.0
13791.0 2637.0
13797.0 2633.0
13799.0 2631.0
13810.0 2628.0
13811.0 2626.0
13820.0 2624.0
13832.0 2619.0
13863.0 2618.0
13873.0 2615.0
13882.0 2613.0
13894.0 2608.0
13925.0 2607.0
13950.0 2605.0
13974.0 2604.0
14028.0 2602.0
14030.0 2601.0
14036.0 2600.0
14048.0 2595.0
14078.0 2594.0
14098.0 2589.0
14110.0 2584.0
14140.0 2583.0
