15.0 117.0
15.0 117.0
17.0 108.0
17.0 108.0
17.0 108.0
17.0 108.0
14.0 124.0
14.0 124.0
14.0 124.0
14.0 124.0
14.0 124.0
14.0 124.0
14.0 124.0
14.0 124.0
27.0 77.0
14.0 124.0
27.0 77.0
17.0 108.0
15.0 117.0
15.0 117.0
27.0 77.0
17.0 108.0
16.0 111.0
18.0 101.0
14.0 124.0
16.0 111.0
27.0 77.0
27.0 77.0
16.0 111.0
22.0 83.0
22.0 83.0
18.0 101.0
16.0 111.0
27.0 77.0
16.0 111.0
22.0 83.0
16.0 111.0
17.0 108.0
14.0 124.0
20.0 91.0
27.0 77.0
24.0 78.0
24.0 78.0
24.0 78.0
16.0 111.0
22.0 83.0
18.0 101.0
20.0 91.0
18.0 101.0
20.0 91.0
20.0 91.0
16.0 111.0
24.0 78.0
17.0 108.0
22.0 83.0
17.0 108.0
22.0 83.0
27.0 77.0
24.0 78.0
18.0 101.0
18.0 101.0
20.0 91.0
18.0 101.0
24.0 78.0
24.0 78.0
22.0 83.0
20.0 91.0
17.0 108.0
27.0 77.0
15.0 117.0
22.0 83.0
20.0 91.0
16.0 111.0
16.0 111.0
24.0 78.0
27.0 77.0
20.0 91.0
18.0 101.0
22.0 83.0
27.0 77.0
24.0 78.0
20.0 91.0
16.0 111.0
17.0 108.0
17.0 108.0
18.0 101.0
14.0 124.0
16.0 111.0
20.0 91.0
18.0 101.0
18.0 101.0
20.0 91.0
24.0 78.0
18.0 101.0
22.0 83.0
27.0 77.0
22.0 83.0
22.0 83.0
24.0 78.0
20.0 91.0
