60.0 51.0
60.0 51.0
60.0 51.0
58.0 53.0
52.0 54.0
44.0 76.0
52.0 54.0
42.0 83.0
52.0 54.0
44.0 76.0
42.0 83.0
45.0 70.0
42.0 83.0
44.0 76.0
60.0 51.0
58.0 53.0
44.0 76.0
46.0 67.0
41.0 89.0
52.0 54.0
41.0 89.0
52.0 54.0
49.0 59.0
41.0 89.0
60.0 51.0
45.0 70.0
45.0 70.0
44.0 76.0
60.0 51.0
44.0 76.0
58.0 53.0
43.0 79.0
42.0 83.0
46.0 67.0
52.0 54.0
41.0 89.0
42.0 83.0
43.0 79.0
50.0 56.0
52.0 54.0
41.0 89.0
58.0 53.0
49.0 59.0
46.0 67.0
42.0 83.0
58.0 53.0
46.0 67.0
42.0 83.0
43.0 79.0
49.0 59.0
60.0 51.0
45.0 70.0
43.0 79.0
44.0 76.0
58.0 53.0
46.0 67.0
60.0 51.0
50.0 56.0
47.0 61.0
50.0 56.0
49.0 59.0
45.0 70.0
50.0 56.0
49.0 59.0
45.0 70.0
50.0 56.0
50.0 56.0
43.0 79.0
47.0 61.0
50.0 56.0
47.0 61.0
43.0 79.0
49.0 59.0
47.0 61.0
46.0 67.0
45.0 70.0
46.0 67.0
43.0 79.0
58.0 53.0
45.0 70.0
46.0 67.0
46.0 67.0
49.0 59.0
42.0 83.0
44.0 76.0
47.0 61.0
43.0 79.0
58.0 53.0
49.0 59.0
41.0 89.0
47.0 61.0
47.0 61.0
41.0 89.0
42.0 83.0
41.0 89.0
44.0 76.0
47.0 61.0
41.0 89.0
52.0 54.0
50.0 56.0
