21.0 136.0
19.0 143.0
18.0 144.0
18.0 144.0
18.0 144.0
17.0 149.0
18.0 144.0
17.0 149.0
17.0 149.0
19.0 143.0
19.0 143.0
21.0 136.0
18.0 144.0
19.0 143.0
27.0 124.0
27.0 124.0
21.0 136.0
19.0 143.0
18.0 144.0
21.0 136.0
25.0 127.0
22.0 135.0
25.0 127.0
22.0 135.0
17.0 149.0
22.0 135.0
19.0 143.0
17.0 149.0
27.0 124.0
22.0 135.0
27.0 124.0
27.0 124.0
17.0 149.0
27.0 124.0
21.0 136.0
22.0 135.0
19.0 143.0
17.0 149.0
25.0 127.0
18.0 144.0
27.0 124.0
19.0 143.0
19.0 143.0
22.0 135.0
17.0 149.0
23.0 132.0
22.0 135.0
23.0 132.0
20.0 138.0
20.0 138.0
23.0 132.0
27.0 124.0
21.0 136.0
19.0 143.0
20.0 138.0
20.0 138.0
22.0 135.0
21.0 136.0
17.0 149.0
19.0 143.0
20.0 138.0
21.0 136.0
25.0 127.0
23.0 132.0
22.0 135.0
20.0 138.0
25.0 127.0
23.0 132.0
21.0 136.0
20.0 138.0
25.0 127.0
22.0 135.0
25.0 127.0
25.0 127.0
25.0 127.0
23.0 132.0
27.0 124.0
18.0 144.0
17.0 149.0
21.0 136.0
25.0 127.0
23.0 132.0
27.0 124.0
20.0 138.0
20.0 138.0
17.0 149.0
20.0 138.0
27.0 124.0
25.0 127.0
23.0 132.0
17.0 149.0
21.0 136.0
22.0 135.0
23.0 132.0
20.0 138.0
23.0 132.0
18.0 144.0
23.0 132.0
18.0 144.0
18.0 144.0
