73.0 108.0
73.0 108.0
71.0 112.0
71.0 112.0
73.0 108.0
71.0 112.0
73.0 108.0
71.0 112.0
71.0 112.0
71.0 112.0
73.0 108.0
66.0 133.0
66.0 133.0
66.0 133.0
73.0 108.0
71.0 112.0
67.0 119.0
73.0 108.0
71.0 112.0
71.0 112.0
73.0 108.0
73.0 108.0
67.0 119.0
66.0 133.0
66.0 133.0
66.0 133.0
71.0 112.0
66.0 133.0
67.0 119.0
66.0 133.0
64.0 135.0
67.0 119.0
71.0 112.0
64.0 135.0
73.0 108.0
73.0 108.0
64.0 135.0
66.0 133.0
66.0 133.0
71.0 112.0
64.0 135.0
67.0 119.0
64.0 135.0
67.0 119.0
71.0 112.0
67.0 119.0
69.0 117.0
69.0 117.0
67.0 119.0
71.0 112.0
66.0 133.0
64.0 135.0
69.0 117.0
64.0 135.0
69.0 117.0
69.0 117.0
73.0 108.0
69.0 117.0
69.0 117.0
66.0 133.0
64.0 135.0
69.0 117.0
64.0 135.0
64.0 135.0
64.0 135.0
66.0 133.0
67.0 119.0
73.0 108.0
67.0 119.0
69.0 117.0
73.0 108.0
73.0 108.0
64.0 135.0
73.0 108.0
71.0 112.0
64.0 135.0
71.0 112.0
64.0 135.0
67.0 119.0
69.0 117.0
66.0 133.0
67.0 119.0
71.0 112.0
69.0 117.0
67.0 119.0
66.0 133.0
64.0 135.0
67.0 119.0
69.0 117.0
64.0 135.0
69.0 117.0
67.0 119.0
64.0 135.0
67.0 119.0
67.0 119.0
66.0 133.0
69.0 117.0
69.0 117.0
69.0 117.0
73.0 108.0
