867.0 850.0
867.0 850.0
867.0 850.0
867.0 850.0
867.0 850.0
884.0 799.0
884.0 799.0
871.0 824.0
871.0 824.0
877.0 805.0
865.0 858.0
864.0 868.0
871.0 824.0
868.0 840.0
864.0 868.0
868.0 840.0
865.0 858.0
877.0 805.0
864.0 868.0
868.0 840.0
864.0 868.0
876.0 807.0
878.0 802.0
884.0 799.0
878.0 802.0
865.0 858.0
876.0 807.0
877.0 805.0
884.0 799.0
864.0 868.0
876.0 807.0
884.0 799.0
867.0 850.0
876.0 807.0
873.0 809.0
865.0 858.0
878.0 802.0
873.0 809.0
878.0 802.0
866.0 853.0
871.0 824.0
881.0 801.0
866.0 853.0
873.0 809.0
866.0 853.0
869.0 830.0
870.0 825.0
865.0 858.0
865.0 858.0
878.0 802.0
871.0 824.0
865.0 858.0
867.0 850.0
872.0 814.0
870.0 825.0
884.0 799.0
881.0 801.0
870.0 825.0
871.0 824.0
877.0 805.0
884.0 799.0
870.0 825.0
864.0 868.0
868.0 840.0
876.0 807.0
877.0 805.0
873.0 809.0
881.0 801.0
869.0 830.0
881.0 801.0
870.0 825.0
881.0 801.0
866.0 853.0
872.0 814.0
868.0 840.0
876.0 807.0
872.0 814.0
868.0 840.0
872.0 814.0
872.0 814.0
869.0 830.0
872.0 814.0
873.0 809.0
873.0 809.0
873.0 809.0
868.0 840.0
866.0 853.0
869.0 830.0
869.0 830.0
870.0 825.0
878.0 802.0
869.0 830.0
881.0 801.0
877.0 805.0
866.0 853.0
866.0 853.0
869.0 830.0
872.0 814.0
881.0 801.0
864.0 868.0
