544.0 1264.0
543.0 1309.0
546.0 1251.0
567.0 1167.0
546.0 1251.0
542.0 1313.0
548.0 1219.0
552.0 1204.0
550.0 1206.0
581.0 1131.0
587.0 1113.0
556.0 1196.0
555.0 1201.0
555.0 1201.0
580.0 1132.0
560.0 1180.0
587.0 1113.0
552.0 1204.0
573.0 1149.0
556.0 1196.0
573.0 1149.0
543.0 1309.0
556.0 1196.0
572.0 1157.0
564.0 1176.0
581.0 1131.0
565.0 1174.0
546.0 1251.0
580.0 1132.0
550.0 1206.0
560.0 1180.0
560.0 1180.0
565.0 1174.0
581.0 1131.0
579.0 1136.0
559.0 1187.0
567.0 1167.0
567.0 1167.0
576.0 1145.0
549.0 1213.0
547.0 1226.0
555.0 1201.0
580.0 1132.0
548.0 1219.0
583.0 1125.0
572.0 1157.0
542.0 1313.0
557.0 1189.0
579.0 1136.0
550.0 1206.0
584.0 1120.0
566.0 1171.0
557.0 1189.0
564.0 1176.0
573.0 1149.0
547.0 1226.0
583.0 1125.0
548.0 1219.0
583.0 1125.0
579.0 1136.0
584.0 1120.0
546.0 1251.0
560.0 1180.0
566.0 1171.0
570.0 1160.0
566.0 1171.0
559.0 1187.0
559.0 1187.0
574.0 1148.0
584.0 1120.0
576.0 1145.0
587.0 1113.0
549.0 1213.0
556.0 1196.0
587.0 1113.0
542.0 1313.0
570.0 1160.0
572.0 1157.0
547.0 1226.0
565.0 1174.0
557.0 1189.0
544.0 1264.0
543.0 1309.0
569.0 1162.0
549.0 1213.0
574.0 1148.0
564.0 1176.0
577.0 1137.0
576.0 1145.0
549.0 1213.0
548.0 1219.0
577.0 1137.0
577.0 1137.0
574.0 1148.0
584.0 1120.0
569.0 1162.0
569.0 1162.0
547.0 1226.0
570.0 1160.0
552.0 1204.0
