124.0 998.0
163.0 906.0
165.0 904.0
165.0 904.0
165.0 904.0
163.0 906.0
167.0 894.0
167.0 894.0
165.0 904.0
171.0 893.0
127.0 984.0
127.0 984.0
143.0 921.0
143.0 921.0
171.0 893.0
165.0 904.0
127.0 984.0
126.0 987.0
127.0 984.0
167.0 894.0
171.0 893.0
143.0 921.0
171.0 893.0
173.0 888.0
125.0 992.0
126.0 987.0
126.0 987.0
126.0 987.0
163.0 906.0
173.0 888.0
122.0 1010.0
125.0 992.0
123.0 1007.0
118.0 1029.0
140.0 929.0
173.0 888.0
171.0 893.0
118.0 1029.0
118.0 1029.0
122.0 1010.0
143.0 921.0
118.0 1029.0
167.0 894.0
137.0 937.0
123.0 1007.0
122.0 1010.0
125.0 992.0
128.0 964.0
118.0 1029.0
167.0 894.0
137.0 937.0
132.0 959.0
125.0 992.0
137.0 937.0
140.0 929.0
123.0 1007.0
124.0 998.0
123.0 1007.0
141.0 922.0
116.0 1044.0
116.0 1044.0
118.0 1029.0
173.0 888.0
116.0 1044.0
121.0 1013.0
126.0 987.0
132.0 959.0
132.0 959.0
121.0 1013.0
127.0 984.0
132.0 959.0
163.0 906.0
128.0 964.0
141.0 922.0
121.0 1013.0
133.0 942.0
137.0 937.0
116.0 1044.0
122.0 1010.0
141.0 922.0
133.0 942.0
143.0 921.0
123.0 1007.0
122.0 1010.0
132.0 959.0
128.0 964.0
121.0 1013.0
128.0 964.0
116.0 1044.0
141.0 922.0
116.0 1044.0
133.0 942.0
125.0 992.0
133.0 942.0
128.0 964.0
137.0 937.0
133.0 942.0
121.0 1013.0
173.0 888.0
141.0 922.0
