460.0 1130.0
432.0 1219.0
466.0 1125.0
432.0 1219.0
466.0 1125.0
451.0 1139.0
451.0 1139.0
451.0 1139.0
447.0 1147.0
509.0 1041.0
447.0 1147.0
475.0 1099.0
459.0 1132.0
475.0 1099.0
443.0 1167.0
443.0 1167.0
455.0 1135.0
436.0 1186.0
446.0 1154.0
432.0 1219.0
498.0 1067.0
498.0 1067.0
474.0 1103.0
482.0 1085.0
446.0 1154.0
455.0 1135.0
467.0 1120.0
445.0 1159.0
446.0 1154.0
482.0 1085.0
509.0 1041.0
505.0 1049.0
508.0 1043.0
505.0 1049.0
495.0 1069.0
447.0 1147.0
432.0 1219.0
482.0 1085.0
474.0 1103.0
470.0 1109.0
479.0 1087.0
436.0 1186.0
467.0 1120.0
494.0 1071.0
509.0 1041.0
498.0 1067.0
503.0 1055.0
470.0 1109.0
504.0 1053.0
505.0 1049.0
437.0 1177.0
444.0 1166.0
484.0 1077.0
466.0 1125.0
474.0 1103.0
479.0 1087.0
504.0 1053.0
503.0 1055.0
494.0 1071.0
506.0 1047.0
445.0 1159.0
470.0 1109.0
459.0 1132.0
475.0 1099.0
499.0 1059.0
499.0 1059.0
467.0 1120.0
499.0 1059.0
503.0 1055.0
495.0 1069.0
495.0 1069.0
504.0 1053.0
445.0 1159.0
484.0 1077.0
433.0 1197.0
436.0 1186.0
444.0 1166.0
470.0 1109.0
441.0 1169.0
508.0 1043.0
459.0 1132.0
445.0 1159.0
444.0 1166.0
508.0 1043.0
500.0 1057.0
500.0 1057.0
484.0 1077.0
476.0 1098.0
476.0 1098.0
443.0 1167.0
436.0 1186.0
466.0 1125.0
479.0 1087.0
500.0 1057.0
476.0 1098.0
455.0 1135.0
506.0 1047.0
484.0 1077.0
494.0 1071.0
506.0 1047.0
