9542.0 645.0
9656.0 532.0
9550.0 595.0
9550.0 595.0
9598.0 560.0
9550.0 595.0
9600.0 551.0
9665.0 529.0
9593.0 562.0
9682.0 528.0
9598.0 560.0
9550.0 595.0
9593.0 562.0
9550.0 595.0
9682.0 528.0
9665.0 529.0
9550.0 595.0
9665.0 529.0
9593.0 562.0
9598.0 560.0
9656.0 532.0
9600.0 551.0
9600.0 551.0
9781.0 511.0
9696.0 523.0
9702.0 520.0
9581.0 563.0
9600.0 551.0
9781.0 511.0
9728.0 515.0
9581.0 563.0
9551.0 576.0
9609.0 547.0
9593.0 562.0
9581.0 563.0
9665.0 529.0
9581.0 563.0
9581.0 563.0
9728.0 515.0
9781.0 511.0
9570.0 564.0
9665.0 529.0
9609.0 547.0
9593.0 562.0
9609.0 547.0
9570.0 564.0
9682.0 528.0
9542.0 645.0
9598.0 560.0
9682.0 528.0
9728.0 515.0
9626.0 546.0
9702.0 520.0
9542.0 645.0
9728.0 515.0
9598.0 560.0
9569.0 573.0
9570.0 564.0
9702.0 520.0
9600.0 551.0
9682.0 528.0
9609.0 547.0
9600.0 551.0
9626.0 546.0
9593.0 562.0
9626.0 546.0
9551.0 576.0
9569.0 573.0
9581.0 563.0
9539.0 649.0
9781.0 511.0
9570.0 564.0
9639.0 534.0
9609.0 547.0
9551.0 576.0
9682.0 528.0
9781.0 511.0
9728.0 515.0
9702.0 520.0
9598.0 560.0
9639.0 534.0
9781.0 511.0
9639.0 534.0
9728.0 515.0
9569.0 573.0
9639.0 534.0
9639.0 534.0
9569.0 573.0
9665.0 529.0
9570.0 564.0
9570.0 564.0
9609.0 547.0
9639.0 534.0
9551.0 576.0
9702.0 520.0
9551.0 576.0
9551.0 576.0
9569.0 573.0
9702.0 520.0
9569.0 573.0
