16685.0 1191.0
16800.0 1123.0
16669.0 1213.0
16612.0 1275.0
16680.0 1205.0
16976.0 1066.0
16680.0 1205.0
16697.0 1180.0
16669.0 1213.0
16639.0 1244.0
16749.0 1138.0
16624.0 1253.0
17004.0 1055.0
16612.0 1275.0
16617.0 1257.0
16612.0 1275.0
16624.0 1253.0
16792.0 1126.0
16792.0 1126.0
16956.0 1067.0
17004.0 1055.0
16956.0 1067.0
16628.0 1247.0
16669.0 1213.0
16800.0 1123.0
16915.0 1068.0
16790.0 1130.0
16707.0 1166.0
16735.0 1148.0
16800.0 1123.0
16697.0 1180.0
16814.0 1105.0
16639.0 1244.0
16642.0 1217.0
16976.0 1066.0
16608.0 1281.0
16804.0 1119.0
16976.0 1066.0
16765.0 1134.0
16828.0 1102.0
16735.0 1148.0
16735.0 1148.0
16976.0 1066.0
16658.0 1215.0
16601.0 1285.0
16869.0 1087.0
16814.0 1105.0
16642.0 1217.0
16628.0 1247.0
16915.0 1068.0
16792.0 1126.0
16639.0 1244.0
16869.0 1087.0
16658.0 1215.0
16804.0 1119.0
16707.0 1166.0
16790.0 1130.0
16956.0 1067.0
16642.0 1217.0
16814.0 1105.0
16658.0 1215.0
16879.0 1074.0
16628.0 1247.0
16697.0 1180.0
16680.0 1205.0
16601.0 1285.0
16685.0 1191.0
17004.0 1055.0
16735.0 1148.0
16765.0 1134.0
16707.0 1166.0
16765.0 1134.0
16842.0 1094.0
16915.0 1068.0
16608.0 1281.0
16956.0 1067.0
16828.0 1102.0
16749.0 1138.0
16617.0 1257.0
16608.0 1281.0
16697.0 1180.0
16842.0 1094.0
16915.0 1068.0
16828.0 1102.0
16869.0 1087.0
16707.0 1166.0
16685.0 1191.0
16749.0 1138.0
16790.0 1130.0
16828.0 1102.0
16749.0 1138.0
16842.0 1094.0
16804.0 1119.0
16869.0 1087.0
16601.0 1285.0
16814.0 1105.0
16765.0 1134.0
16842.0 1094.0
16617.0 1257.0
17004.0 1055.0
