10642.0 1538.0
10587.0 1548.0
10646.0 1535.0
10587.0 1548.0
10541.0 1559.0
10067.0 1728.0
10541.0 1559.0
10324.0 1590.0
10495.0 1571.0
10162.0 1657.0
10646.0 1535.0
10279.0 1608.0
10555.0 1555.0
10210.0 1633.0
10118.0 1686.0
10067.0 1728.0
10568.0 1550.0
10495.0 1571.0
10146.0 1666.0
10151.0 1658.0
10205.0 1639.0
10324.0 1590.0
10130.0 1674.0
10042.0 1752.0
10261.0 1611.0
10037.0 1781.0
10194.0 1642.0
10555.0 1555.0
10221.0 1631.0
10225.0 1628.0
10596.0 1542.0
10189.0 1643.0
10107.0 1687.0
10094.0 1700.0
10040.0 1762.0
10118.0 1686.0
10119.0 1675.0
10185.0 1655.0
10194.0 1642.0
10365.0 1576.0
10104.0 1692.0
10531.0 1561.0
10261.0 1611.0
10243.0 1624.0
10146.0 1666.0
10531.0 1561.0
10066.0 1738.0
10094.0 1700.0
10135.0 1667.0
10501.0 1569.0
10303.0 1595.0
10189.0 1643.0
10210.0 1633.0
10365.0 1576.0
10173.0 1656.0
10566.0 1554.0
10246.0 1621.0
10151.0 1658.0
10374.0 1573.0
10258.0 1616.0
10374.0 1573.0
10040.0 1762.0
10501.0 1569.0
10287.0 1605.0
10303.0 1595.0
10258.0 1616.0
10135.0 1667.0
10209.0 1638.0
10162.0 1657.0
10511.0 1567.0
10340.0 1580.0
10107.0 1687.0
10294.0 1598.0
10185.0 1655.0
10173.0 1656.0
10600.0 1539.0
10079.0 1717.0
10287.0 1605.0
10104.0 1692.0
10591.0 1545.0
10055.0 1742.0
10221.0 1631.0
10331.0 1583.0
10340.0 1580.0
10083.0 1701.0
10066.0 1738.0
10331.0 1583.0
10068.0 1718.0
10083.0 1701.0
10130.0 1674.0
10079.0 1717.0
10600.0 1539.0
10119.0 1675.0
10513.0 1564.0
10068.0 1718.0
10045.0 1749.0
10038.0 1778.0
10055.0 1742.0
10225.0 1628.0
10294.0 1598.0
