13114.0 3098.0
13207.0 2997.0
13246.0 2964.0
13075.0 3138.0
13321.0 2908.0
13089.0 3120.0
13688.0 2729.0
13162.0 3060.0
13326.0 2907.0
13460.0 2818.0
13729.0 2721.0
13348.0 2890.0
13463.0 2812.0
13666.0 2739.0
13635.0 2744.0
13367.0 2881.0
13719.0 2722.0
13291.0 2926.0
13192.0 3021.0
13166.0 3052.0
13491.0 2801.0
13177.0 3047.0
13331.0 2902.0
13136.0 3079.0
13572.0 2762.0
13509.0 2788.0
13709.0 2726.0
13060.0 3149.0
13439.0 2836.0
13563.0 2766.0
13792.0 2718.0
13152.0 3066.0
13265.0 2946.0
13098.0 3104.0
13523.0 2784.0
13773.0 2719.0
13614.0 2750.0
13310.0 2913.0
13082.0 3125.0
13124.0 3085.0
13529.0 2778.0
13625.0 2747.0
13147.0 3070.0
13375.0 2877.0
13472.0 2808.0
13413.0 2855.0
13091.0 3112.0
13059.0 3165.0
13316.0 2909.0
13604.0 2751.0
13261.0 2951.0
13513.0 2785.0
13394.0 2865.0
13498.0 2792.0
13284.0 2931.0
13532.0 2773.0
13354.0 2887.0
13340.0 2894.0
13645.0 2743.0
13117.0 3093.0
13202.0 3005.0
13272.0 2942.0
13193.0 3010.0
13551.0 2768.0
13337.0 2899.0
13656.0 2740.0
13424.0 2846.0
13179.0 3036.0
13494.0 2795.0
13503.0 2791.0
13186.0 3025.0
13234.0 2976.0
13172.0 3051.0
13678.0 2733.0
13453.0 2821.0
13155.0 3061.0
13302.0 2917.0
13239.0 2970.0
13140.0 3071.0
13541.0 2769.0
13386.0 2868.0
13109.0 3102.0
13227.0 2983.0
13253.0 2957.0
13405.0 2860.0
13596.0 2759.0
13400.0 2861.0
13444.0 2828.0
13220.0 2989.0
13602.0 2757.0
13298.0 2923.0
13213.0 2993.0
13432.0 2842.0
13582.0 2761.0
13378.0 2872.0
13129.0 3080.0
13359.0 2886.0
13279.0 2938.0
13420.0 2852.0
13482.0 2802.0
