15702.0 3484.0
16100.0 3292.0
15554.0 3621.0
15669.0 3511.0
15470.0 3837.0
16050.0 3303.0
15662.0 3517.0
15674.0 3507.0
15623.0 3553.0
15473.0 3758.0
15520.0 3668.0
15640.0 3537.0
15610.0 3565.0
16041.0 3304.0
15964.0 3321.0
16106.0 3291.0
15550.0 3631.0
15576.0 3597.0
15840.0 3384.0
15934.0 3333.0
15767.0 3443.0
15884.0 3357.0
16071.0 3296.0
15831.0 3387.0
15774.0 3434.0
15685.0 3500.0
15918.0 3342.0
15498.0 3695.0
15472.0 3827.0
15515.0 3675.0
15733.0 3468.0
15841.0 3379.0
15941.0 3330.0
15580.0 3593.0
15714.0 3482.0
15791.0 3419.0
16126.0 3288.0
15505.0 3689.0
16091.0 3293.0
15571.0 3601.0
15561.0 3615.0
15547.0 3636.0
15849.0 3376.0
15895.0 3349.0
15633.0 3543.0
15508.0 3681.0
15527.0 3662.0
15614.0 3561.0
15924.0 3340.0
15491.0 3714.0
16021.0 3307.0
15954.0 3325.0
15812.0 3406.0
15724.0 3476.0
16013.0 3309.0
15755.0 3453.0
15597.0 3577.0
15698.0 3488.0
15564.0 3607.0
15820.0 3397.0
15619.0 3557.0
15854.0 3372.0
15782.0 3432.0
15754.0 3459.0
15539.0 3646.0
16135.0 3287.0
15889.0 3353.0
15656.0 3523.0
15480.0 3739.0
15605.0 3569.0
15587.0 3587.0
15762.0 3451.0
15487.0 3724.0
15693.0 3492.0
15494.0 3705.0
15907.0 3345.0
15645.0 3533.0
15801.0 3413.0
15627.0 3549.0
15877.0 3360.0
15745.0 3466.0
15925.0 3334.0
15980.0 3317.0
15601.0 3573.0
15678.0 3503.0
15818.0 3404.0
15790.0 3425.0
15773.0 3440.0
15532.0 3652.0
15973.0 3320.0
15591.0 3583.0
15802.0 3408.0
15652.0 3527.0
15993.0 3312.0
16058.0 3301.0
15825.0 3393.0
15689.0 3496.0
15868.0 3367.0
15859.0 3368.0
15542.0 3638.0
