523.0 1480.0
524.0 1411.0
525.0 1392.0
526.0 1375.0
527.0 1344.0
528.0 1332.0
529.0 1322.0
530.0 1319.0
531.0 1309.0
532.0 1305.0
533.0 1300.0
534.0 1292.0
535.0 1261.0
536.0 1255.0
537.0 1254.0
538.0 1249.0
539.0 1238.0
540.0 1232.0
541.0 1231.0
542.0 1230.0
543.0 1224.0
544.0 1220.0
545.0 1219.0
546.0 1215.0
547.0 1209.0
548.0 1208.0
549.0 1206.0
550.0 1198.0
551.0 1195.0
553.0 1193.0
554.0 1188.0
555.0 1185.0
556.0 1181.0
557.0 1178.0
558.0 1176.0
559.0 1173.0
560.0 1168.0
561.0 1167.0
562.0 1164.0
563.0 1156.0
564.0 1149.0
566.0 1146.0
567.0 1140.0
571.0 1135.0
572.0 1131.0
573.0 1128.0
574.0 1126.0
576.0 1117.0
578.0 1112.0
580.0 1110.0
581.0 1100.0
585.0 1098.0
586.0 1091.0
588.0 1086.0
597.0 1084.0
598.0 1079.0
606.0 1077.0
612.0 1075.0
614.0 1070.0
616.0 1069.0
619.0 1067.0
621.0 1066.0
622.0 1063.0
632.0 1061.0
640.0 1059.0
