99.0 1134.0
101.0 1108.0
102.0 1100.0
103.0 1095.0
104.0 1091.0
105.0 1064.0
106.0 1053.0
108.0 1039.0
109.0 1029.0
110.0 1019.0
111.0 1015.0
112.0 1005.0
114.0 997.0
116.0 990.0
117.0 979.0
118.0 972.0
119.0 971.0
120.0 966.0
121.0 959.0
122.0 956.0
123.0 946.0
125.0 941.0
126.0 940.0
127.0 935.0
128.0 926.0
130.0 920.0
132.0 916.0
133.0 909.0
135.0 901.0
137.0 895.0
138.0 894.0
139.0 891.0
140.0 889.0
141.0 886.0
142.0 878.0
144.0 872.0
145.0 870.0
146.0 868.0
147.0 866.0
149.0 864.0
150.0 862.0
151.0 860.0
154.0 856.0
157.0 855.0
159.0 853.0
170.0 852.0
171.0 851.0
