29755.0 11722.0
29756.0 11703.0
29757.0 11679.0
29759.0 11671.0
29760.0 11647.0
29763.0 11639.0
29765.0 11637.0
29767.0 11628.0
29769.0 11617.0
29770.0 11598.0
29773.0 11590.0
29775.0 11588.0
29776.0 11586.0
29777.0 11579.0
29778.0 11571.0
29779.0 11568.0
29781.0 11563.0
29782.0 11560.0
29784.0 11559.0
29785.0 11552.0
29786.0 11549.0
29787.0 11541.0
29789.0 11537.0
29790.0 11533.0
29793.0 11529.0
29794.0 11522.0
29795.0 11520.0
29796.0 11515.0
29797.0 11511.0
29798.0 11507.0
29799.0 11505.0
29802.0 11501.0
29803.0 11496.0
29804.0 11490.0
29805.0 11486.0
29809.0 11484.0
29810.0 11477.0
29811.0 11471.0
29812.0 11467.0
29813.0 11465.0
29814.0 11461.0
29815.0 11459.0
29818.0 11455.0
29819.0 11452.0
29820.0 11446.0
29821.0 11442.0
29822.0 11440.0
29826.0 11434.0
29827.0 11430.0
29828.0 11428.0
29829.0 11427.0
29830.0 11423.0
29834.0 11421.0
29835.0 11415.0
29836.0 11411.0
29840.0 11410.0
29841.0 11406.0
29843.0 11405.0
29844.0 11404.0
29845.0 11400.0
29849.0 11396.0
29850.0 11392.0
29851.0 11388.0
29855.0 11384.0
29856.0 11383.0
29860.0 11382.0
29861.0 11378.0
29863.0 11377.0
29864.0 11373.0
29865.0 11371.0
29866.0 11370.0
29867.0 11366.0
29869.0 11365.0
29870.0 11361.0
29872.0 11359.0
29875.0 11357.0
29876.0 11355.0
29877.0 11351.0
29878.0 11347.0
29883.0 11344.0
29884.0 11343.0
29885.0 11341.0
29886.0 11337.0
29887.0 11336.0
29889.0 11335.0
29891.0 11326.0
29893.0 11324.0
29896.0 11321.0
29897.0 11320.0
29898.0 11317.0
29900.0 11313.0
29903.0 11306.0
29906.0 11305.0
29907.0 11304.0
29908.0 11303.0
29909.0 11300.0
29910.0 11299.0
29911.0 11297.0
29914.0 11294.0
29915.0 11288.0
29917.0 11287.0
29918.0 11285.0
29919.0 11279.0
29920.0 11273.0
29923.0 11272.0
29924.0 11268.0
29925.0 11262.0
29928.0 11261.0
29930.0 11257.0
29932.0 11253.0
29935.0 11252.0
29936.0 11248.0
29937.0 11242.0
29940.0 11241.0
29941.0 11238.0
29942.0 11235.0
29943.0 11232.0
29945.0 11229.0
29948.0 11223.0
29950.0 11213.0
29952.0 11208.0
29954.0 11198.0
29956.0 11195.0
29957.0 11193.0
29958.0 11188.0
29960.0 11187.0
29961.0 11178.0
29963.0 11173.0
29964.0 11172.0
29965.0 11164.0
29968.0 11157.0
29969.0 11154.0
29970.0 11152.0
29972.0 11142.0
29974.0 11139.0
29975.0 11137.0
29976.0 11132.0
29978.0 11131.0
29979.0 11122.0
29981.0 11118.0
29982.0 11116.0
29983.0 11108.0
29986.0 11103.0
29987.0 11098.0
29989.0 11096.0
29990.0 11088.0
29993.0 11083.0
29994.0 11078.0
29997.0 11068.0
29999.0 11064.0
30001.0 11054.0
30004.0 11049.0
30005.0 11044.0
30008.0 11034.0
30012.0 11024.0
30016.0 11019.0
30017.0 11017.0
30020.0 11007.0
30024.0 10997.0
30028.0 10992.0
30033.0 10985.0
30041.0 10982.0
30043.0 10977.0
30047.0 10972.0
30049.0 10969.0
30051.0 10967.0
30052.0 10965.0
30053.0 10964.0
30055.0 10962.0
30058.0 10957.0
30059.0 10955.0
30062.0 10953.0
30063.0 10950.0
30064.0 10946.0
30067.0 10944.0
30068.0 10939.0
30070.0 10936.0
30075.0 10933.0
30076.0 10929.0
30077.0 10927.0
30079.0 10925.0
30081.0 10916.0
30083.0 10915.0
30085.0 10914.0
30087.0 10911.0
30088.0 10904.0
30090.0 10902.0
30092.0 10897.0
30093.0 10896.0
30097.0 10888.0
30098.0 10887.0
30102.0 10881.0
30103.0 10880.0
30106.0 10877.0
30107.0 10872.0
30108.0 10871.0
30109.0 10867.0
30112.0 10865.0
30114.0 10858.0
30115.0 10857.0
30119.0 10851.0
30120.0 10848.0
30122.0 10845.0
30126.0 10839.0
30128.0 10837.0
30129.0 10836.0
30130.0 10832.0
30131.0 10828.0
30135.0 10823.0
30136.0 10822.0
30137.0 10821.0
30138.0 10816.0
30140.0 10814.0
30141.0 10813.0
30142.0 10809.0
30143.0 10808.0
30145.0 10807.0
30146.0 10804.0
30147.0 10800.0
30148.0 10790.0
30149.0 10783.0
30151.0 10773.0
30156.0 10763.0
30157.0 10754.0
30164.0 10742.0
30168.0 10734.0
30171.0 10725.0
30173.0 10719.0
30176.0 10715.0
30181.0 10709.0
30183.0 10703.0
30189.0 10702.0
30190.0 10696.0
30192.0 10691.0
30197.0 10689.0
30199.0 10684.0
30203.0 10682.0
30206.0 10677.0
30208.0 10674.0
30211.0 10671.0
30212.0 10670.0
30215.0 10667.0
30218.0 10665.0
30220.0 10659.0
30226.0 10656.0
30227.0 10652.0
30231.0 10650.0
30233.0 10649.0
30234.0 10647.0
30236.0 10642.0
30240.0 10638.0
30243.0 10635.0
30247.0 10633.0
30250.0 10628.0
30254.0 10627.0
30255.0 10625.0
30256.0 10621.0
30261.0 10617.0
30266.0 10611.0
30270.0 10607.0
30273.0 10604.0
30277.0 10602.0
30280.0 10600.0
30282.0 10597.0
30284.0 10596.0
30285.0 10594.0
30286.0 10590.0
30291.0 10586.0
30295.0 10585.0
30301.0 10583.0
30302.0 10576.0
30305.0 10573.0
30309.0 10572.0
30313.0 10570.0
30315.0 10568.0
30318.0 10551.0
30322.0 10548.0
30325.0 10546.0
30329.0 10542.0
30332.0 10540.0
30334.0 10534.0
30338.0 10530.0
30341.0 10527.0
30345.0 10525.0
30352.0 10519.0
30353.0 10517.0
30354.0 10513.0
30359.0 10509.0
30364.0 10508.0
30371.0 10502.0
30373.0 10496.0
30380.0 10495.0
30382.0 10493.0
30383.0 10491.0
30386.0 10490.0
30387.0 10485.0
30391.0 10482.0
30394.0 10478.0
30396.0 10477.0
30399.0 10475.0
30403.0 10471.0
30405.0 10470.0
30406.0 10468.0
30407.0 10464.0
30411.0 10462.0
30415.0 10460.0
30416.0 10457.0
30419.0 10454.0
30424.0 10451.0
30426.0 10447.0
30430.0 10445.0
30435.0 10440.0
30438.0 10437.0
30443.0 10434.0
30447.0 10430.0
30451.0 10428.0
30456.0 10417.0
30461.0 10415.0
30463.0 10410.0
30468.0 10402.0
30473.0 10400.0
30475.0 10395.0
30480.0 10393.0
30484.0 10390.0
30487.0 10385.0
30492.0 10383.0
30496.0 10380.0
30501.0 10378.0
30502.0 10374.0
30507.0 10372.0
30510.0 10369.0
30513.0 10368.0
30515.0 10366.0
30520.0 10361.0
30525.0 10359.0
30526.0 10355.0
30529.0 10352.0
30532.0 10351.0
30536.0 10350.0
30537.0 10349.0
30538.0 10347.0
30539.0 10345.0
30540.0 10342.0
30545.0 10340.0
30549.0 10337.0
30554.0 10335.0
30555.0 10333.0
30556.0 10332.0
30557.0 10330.0
30559.0 10325.0
30563.0 10323.0
30568.0 10320.0
30569.0 10317.0
30576.0 10315.0
30579.0 10309.0
30582.0 10306.0
30586.0 10305.0
30588.0 10300.0
30593.0 10297.0
30594.0 10294.0
30601.0 10292.0
30602.0 10290.0
30605.0 10288.0
30610.0 10284.0
30611.0 10282.0
30613.0 10277.0
30614.0 10275.0
30621.0 10273.0
30626.0 10270.0
30627.0 10267.0
30630.0 10265.0
30633.0 10258.0
30638.0 10255.0
30639.0 10252.0
30646.0 10250.0
30652.0 10248.0
30655.0 10242.0
30658.0 10235.0
30665.0 10234.0
30668.0 10232.0
30671.0 10231.0
30675.0 10226.0
30682.0 10225.0
30683.0 10219.0
30690.0 10218.0
30696.0 10215.0
30700.0 10210.0
30707.0 10209.0
30713.0 10208.0
30717.0 10206.0
30718.0 10204.0
30722.0 10203.0
30727.0 10202.0
30728.0 10201.0
30731.0 10199.0
30734.0 10197.0
30735.0 10195.0
30738.0 10192.0
30743.0 10188.0
30746.0 10186.0
30753.0 10185.0
30756.0 10184.0
30759.0 10182.0
30760.0 10179.0
30763.0 10177.0
30770.0 10176.0
30775.0 10172.0
30782.0 10171.0
30785.0 10170.0
30787.0 10168.0
30792.0 10163.0
30798.0 10161.0
30801.0 10159.0
30806.0 10155.0
30812.0 10152.0
30819.0 10147.0
30823.0 10146.0
30830.0 10145.0
30831.0 10143.0
30835.0 10141.0
30842.0 10140.0
30844.0 10139.0
30848.0 10137.0
30850.0 10135.0
30852.0 10132.0
30859.0 10131.0
30861.0 10128.0
30867.0 10127.0
30871.0 10124.0
30875.0 10119.0
30882.0 10114.0
30889.0 10113.0
30894.0 10110.0
30901.0 10109.0
30904.0 10105.0
30911.0 10100.0
30923.0 10096.0
30930.0 10095.0
30936.0 10092.0
30943.0 10091.0
30945.0 10089.0
30952.0 10088.0
30956.0 10083.0
30964.0 10082.0
30968.0 10079.0
30977.0 10078.0
30982.0 10077.0
30985.0 10075.0
30990.0 10070.0
31002.0 10066.0
31009.0 10065.0
31012.0 10063.0
31019.0 10062.0
31024.0 10059.0
31031.0 10058.0
31035.0 10056.0
31041.0 10055.0
31043.0 10052.0
31053.0 10051.0
31059.0 10049.0
31060.0 10048.0
31065.0 10045.0
31072.0 10044.0
31078.0 10042.0
31081.0 10041.0
31083.0 10040.0
31084.0 10038.0
31085.0 10036.0
31090.0 10035.0
31092.0 10034.0
31094.0 10032.0
31095.0 10030.0
31096.0 10028.0
31099.0 10026.0
31104.0 10025.0
31105.0 10024.0
31106.0 10022.0
31107.0 10020.0
31110.0 10019.0
31114.0 10012.0
31119.0 10011.0
31123.0 10008.0
31124.0 10006.0
31125.0 10004.0
31130.0 10003.0
31134.0 10000.0
31135.0 9998.0
31140.0 9997.0
31146.0 9996.0
31149.0 9995.0
31150.0 9992.0
31151.0 9991.0
31153.0 9990.0
31156.0 9989.0
31160.0 9988.0
31161.0 9984.0
31165.0 9982.0
31167.0 9980.0
31172.0 9979.0
31174.0 9976.0
31175.0 9974.0
31179.0 9972.0
31182.0 9966.0
31187.0 9965.0
31190.0 9964.0
31191.0 9962.0
31192.0 9960.0
31193.0 9958.0
31198.0 9957.0
31202.0 9954.0
31203.0 9952.0
31208.0 9950.0
31214.0 9949.0
31216.0 9948.0
31218.0 9946.0
31219.0 9942.0
31229.0 9937.0
31231.0 9936.0
31235.0 9927.0
31246.0 9921.0
31252.0 9920.0
31253.0 9919.0
31257.0 9913.0
31269.0 9910.0
31273.0 9906.0
31285.0 9903.0
31288.0 9899.0
31301.0 9896.0
31304.0 9892.0
31305.0 9891.0
31312.0 9887.0
31316.0 9883.0
31318.0 9880.0
31323.0 9879.0
31329.0 9878.0
31333.0 9871.0
31341.0 9870.0
31350.0 9864.0
31353.0 9862.0
31356.0 9860.0
31368.0 9853.0
31376.0 9852.0
31388.0 9848.0
31394.0 9846.0
31402.0 9843.0
31404.0 9841.0
31412.0 9840.0
31418.0 9836.0
31424.0 9831.0
31430.0 9825.0
31450.0 9820.0
31458.0 9819.0
31464.0 9815.0
31466.0 9813.0
31474.0 9812.0
31480.0 9808.0
31502.0 9807.0
31508.0 9805.0
31510.0 9803.0
31523.0 9798.0
31533.0 9797.0
31541.0 9791.0
31551.0 9790.0
31559.0 9786.0
31569.0 9785.0
31573.0 9781.0
31575.0 9779.0
31609.0 9775.0
31615.0 9769.0
31625.0 9768.0
31661.0 9766.0
31663.0 9764.0
31700.0 9762.0
31714.0 9761.0
31715.0 9758.0
31718.0 9757.0
31733.0 9756.0
31734.0 9753.0
31737.0 9752.0
31746.0 9750.0
31754.0 9748.0
31760.0 9745.0
31770.0 9744.0
31779.0 9740.0
31789.0 9739.0
31795.0 9738.0
31799.0 9736.0
31809.0 9735.0
31811.0 9734.0
31814.0 9733.0
31817.0 9731.0
31827.0 9730.0
31834.0 9729.0
31836.0 9726.0
31846.0 9724.0
31858.0 9720.0
31870.0 9719.0
31876.0 9718.0
31877.0 9715.0
31892.0 9712.0
31894.0 9711.0
31901.0 9710.0
31911.0 9707.0
31915.0 9706.0
31920.0 9705.0
31934.0 9701.0
31960.0 9700.0
32007.0 9699.0
32011.0 9697.0
32023.0 9695.0
32045.0 9692.0
32053.0 9690.0
32061.0 9688.0
32074.0 9687.0
32079.0 9684.0
32088.0 9681.0
32095.0 9680.0
32099.0 9679.0
32102.0 9678.0
32105.0 9677.0
32109.0 9676.0
32114.0 9671.0
32123.0 9668.0
32135.0 9666.0
32137.0 9665.0
32141.0 9663.0
32148.0 9660.0
32160.0 9658.0
32162.0 9657.0
32167.0 9656.0
32169.0 9655.0
32175.0 9652.0
32182.0 9648.0
32191.0 9645.0
32203.0 9643.0
32209.0 9640.0
32216.0 9637.0
32228.0 9635.0
32242.0 9634.0
32243.0 9629.0
32257.0 9628.0
32289.0 9627.0
32467.0 9626.0
32485.0 9624.0
32488.0 9621.0
32489.0 9620.0
32521.0 9619.0
32531.0 9618.0
32553.0 9617.0
32561.0 9616.0
32563.0 9615.0
32568.0 9614.0
32570.0 9613.0
32572.0 9612.0
32580.0 9611.0
32582.0 9610.0
32585.0 9609.0
32587.0 9608.0
32589.0 9607.0
32597.0 9606.0
32599.0 9605.0
32607.0 9604.0
32616.0 9603.0
32618.0 9602.0
32623.0 9600.0
32625.0 9599.0
32633.0 9598.0
32635.0 9597.0
32642.0 9595.0
32644.0 9594.0
32652.0 9593.0
32659.0 9590.0
32661.0 9589.0
32669.0 9588.0
32696.0 9587.0
32698.0 9586.0
32706.0 9585.0
32718.0 9584.0
32720.0 9583.0
32728.0 9582.0
32748.0 9581.0
32756.0 9580.0
32772.0 9574.0
32774.0 9573.0
32782.0 9572.0
