195.0 1265.0
196.0 1256.0
197.0 1231.0
198.0 1224.0
199.0 1218.0
200.0 1211.0
202.0 1200.0
203.0 1191.0
204.0 1185.0
205.0 1178.0
206.0 1172.0
207.0 1166.0
208.0 1159.0
209.0 1153.0
210.0 1144.0
211.0 1139.0
212.0 1136.0
213.0 1132.0
214.0 1129.0
215.0 1122.0
216.0 1119.0
217.0 1114.0
218.0 1111.0
219.0 1110.0
220.0 1105.0
221.0 1099.0
223.0 1098.0
224.0 1092.0
225.0 1091.0
226.0 1084.0
227.0 1083.0
229.0 1082.0
230.0 1080.0
231.0 1075.0
233.0 1069.0
234.0 1067.0
235.0 1066.0
236.0 1063.0
237.0 1059.0
238.0 1057.0
239.0 1047.0
241.0 1044.0
243.0 1037.0
244.0 1031.0
246.0 1030.0
247.0 1028.0
248.0 1023.0
250.0 1022.0
251.0 1020.0
252.0 1019.0
254.0 1015.0
255.0 1014.0
256.0 1011.0
258.0 1009.0
260.0 1007.0
261.0 1006.0
262.0 1005.0
264.0 1001.0
265.0 998.0
266.0 997.0
269.0 994.0
270.0 993.0
273.0 991.0
274.0 987.0
275.0 984.0
285.0 980.0
287.0 976.0
291.0 975.0
292.0 973.0
293.0 968.0
295.0 964.0
299.0 963.0
302.0 958.0
306.0 957.0
310.0 956.0
314.0 955.0
