9945.0 1932.0
9947.0 1927.0
9952.0 1919.0
9954.0 1901.0
9956.0 1896.0
9961.0 1892.0
9962.0 1888.0
9965.0 1882.0
9966.0 1880.0
9967.0 1877.0
9969.0 1862.0
9973.0 1858.0
9975.0 1854.0
9978.0 1836.0
9981.0 1825.0
9984.0 1817.0
9989.0 1813.0
9992.0 1806.0
9995.0 1798.0
10000.0 1794.0
10006.0 1792.0
10007.0 1790.0
10008.0 1786.0
10011.0 1775.0
10022.0 1770.0
10023.0 1766.0
10025.0 1759.0
10032.0 1757.0
10033.0 1754.0
10037.0 1744.0
10044.0 1742.0
10046.0 1741.0
10050.0 1736.0
10051.0 1732.0
10058.0 1726.0
10063.0 1724.0
10066.0 1717.0
10072.0 1714.0
10079.0 1709.0
10080.0 1705.0
10092.0 1697.0
10100.0 1690.0
10110.0 1688.0
10112.0 1685.0
10115.0 1683.0
10122.0 1680.0
10126.0 1679.0
10127.0 1678.0
10130.0 1673.0
10134.0 1672.0
10140.0 1666.0
10146.0 1664.0
10149.0 1661.0
10154.0 1657.0
10161.0 1656.0
10163.0 1654.0
10166.0 1652.0
10168.0 1651.0
10169.0 1650.0
10170.0 1643.0
10181.0 1641.0
10182.0 1638.0
10185.0 1637.0
10193.0 1636.0
10196.0 1635.0
10198.0 1632.0
10200.0 1626.0
10211.0 1624.0
10212.0 1621.0
10215.0 1620.0
10222.0 1618.0
10224.0 1610.0
10235.0 1608.0
10236.0 1605.0
10239.0 1604.0
10247.0 1603.0
10248.0 1599.0
10255.0 1597.0
10259.0 1593.0
10263.0 1584.0
10275.0 1578.0
10280.0 1573.0
10286.0 1572.0
10287.0 1571.0
10290.0 1563.0
10295.0 1558.0
10316.0 1556.0
10328.0 1550.0
10333.0 1545.0
10341.0 1544.0
10345.0 1540.0
10352.0 1534.0
10357.0 1529.0
10369.0 1524.0
10390.0 1522.0
10410.0 1517.0
10425.0 1516.0
10429.0 1514.0
10445.0 1511.0
10449.0 1509.0
10481.0 1508.0
10486.0 1507.0
10493.0 1506.0
10494.0 1505.0
10497.0 1504.0
10506.0 1502.0
10509.0 1501.0
10513.0 1499.0
10554.0 1497.0
10558.0 1495.0
10566.0 1494.0
10570.0 1492.0
10624.0 1491.0
10631.0 1490.0
10637.0 1487.0
10652.0 1486.0
10657.0 1485.0
10662.0 1483.0
10674.0 1481.0
10683.0 1480.0
10700.0 1479.0
10708.0 1476.0
10719.0 1475.0
10736.0 1474.0
10744.0 1471.0
10767.0 1468.0
10782.0 1467.0
10792.0 1464.0
