12941.0 3416.0
12942.0 3369.0
12946.0 3350.0
12950.0 3346.0
12952.0 3337.0
12956.0 3336.0
12958.0 3331.0
12962.0 3324.0
12964.0 3319.0
12968.0 3310.0
12970.0 3305.0
12971.0 3293.0
12975.0 3279.0
12979.0 3273.0
12981.0 3268.0
12982.0 3256.0
12984.0 3255.0
12986.0 3251.0
12988.0 3241.0
12990.0 3236.0
12991.0 3230.0
12993.0 3228.0
12994.0 3218.0
12999.0 3217.0
13000.0 3207.0
13007.0 3202.0
13009.0 3201.0
13011.0 3199.0
13013.0 3196.0
13015.0 3190.0
13019.0 3188.0
13020.0 3187.0
13022.0 3185.0
13024.0 3181.0
13027.0 3178.0
13032.0 3174.0
13034.0 3170.0
13036.0 3168.0
13038.0 3164.0
13041.0 3160.0
13045.0 3154.0
13048.0 3150.0
13052.0 3144.0
13057.0 3141.0
13060.0 3137.0
13064.0 3131.0
13068.0 3130.0
13071.0 3129.0
13073.0 3126.0
13074.0 3125.0
13075.0 3123.0
13077.0 3120.0
13078.0 3119.0
13083.0 3116.0
13086.0 3112.0
13090.0 3106.0
13094.0 3105.0
13097.0 3104.0
13099.0 3101.0
13101.0 3098.0
13103.0 3095.0
13107.0 3094.0
13108.0 3092.0
13110.0 3089.0
13114.0 3086.0
13117.0 3079.0
13125.0 3071.0
13128.0 3069.0
13132.0 3061.0
13140.0 3060.0
13141.0 3058.0
13144.0 3054.0
13148.0 3052.0
13151.0 3049.0
13155.0 3042.0
13167.0 3035.0
13174.0 3030.0
13184.0 3028.0
13185.0 3025.0
13186.0 3023.0
13187.0 3020.0
13189.0 3018.0
13191.0 3016.0
13193.0 3014.0
13195.0 3006.0
13197.0 3004.0
13203.0 3002.0
13204.0 2999.0
13205.0 2994.0
13207.0 2992.0
13211.0 2990.0
13212.0 2989.0
13214.0 2987.0
13215.0 2980.0
13221.0 2977.0
13225.0 2968.0
13231.0 2965.0
13235.0 2960.0
13236.0 2959.0
13237.0 2956.0
13243.0 2953.0
13244.0 2952.0
13246.0 2947.0
13252.0 2944.0
13253.0 2940.0
13255.0 2939.0
13256.0 2938.0
13257.0 2930.0
13263.0 2927.0
13268.0 2923.0
13269.0 2918.0
13275.0 2915.0
13278.0 2909.0
13284.0 2906.0
13288.0 2900.0
13293.0 2899.0
13294.0 2893.0
13297.0 2889.0
13300.0 2885.0
13304.0 2883.0
13306.0 2882.0
13310.0 2880.0
13315.0 2878.0
13317.0 2877.0
13321.0 2875.0
13323.0 2873.0
13327.0 2871.0
13330.0 2862.0
13332.0 2858.0
13336.0 2854.0
13338.0 2850.0
13344.0 2847.0
13349.0 2845.0
13355.0 2842.0
13361.0 2838.0
13373.0 2835.0
13375.0 2831.0
13377.0 2827.0
13379.0 2823.0
13385.0 2821.0
13399.0 2818.0
13405.0 2814.0
13407.0 2808.0
13417.0 2802.0
13429.0 2797.0
13430.0 2795.0
13440.0 2794.0
13444.0 2792.0
13450.0 2789.0
13458.0 2787.0
13462.0 2784.0
13469.0 2781.0
13473.0 2776.0
13483.0 2775.0
13494.0 2774.0
13495.0 2770.0
13501.0 2768.0
13503.0 2765.0
13508.0 2762.0
13514.0 2759.0
13518.0 2757.0
13521.0 2754.0
13526.0 2752.0
13533.0 2749.0
13537.0 2746.0
13544.0 2741.0
13554.0 2740.0
13565.0 2738.0
13570.0 2736.0
13572.0 2733.0
13581.0 2730.0
13588.0 2725.0
13607.0 2724.0
13609.0 2722.0
13616.0 2717.0
13635.0 2716.0
13641.0 2713.0
13655.0 2712.0
13662.0 2709.0
13666.0 2706.0
13669.0 2705.0
13673.0 2701.0
13683.0 2698.0
13696.0 2697.0
13701.0 2695.0
13704.0 2694.0
13706.0 2693.0
13714.0 2687.0
13717.0 2686.0
13721.0 2680.0
13724.0 2679.0
13729.0 2677.0
13732.0 2676.0
13750.0 2670.0
13753.0 2669.0
13756.0 2667.0
13759.0 2666.0
13762.0 2665.0
13764.0 2664.0
13767.0 2663.0
13770.0 2662.0
13773.0 2661.0
13785.0 2660.0
13788.0 2656.0
13791.0 2655.0
13796.0 2653.0
13799.0 2652.0
13821.0 2650.0
13827.0 2649.0
13828.0 2644.0
13847.0 2641.0
13857.0 2639.0
13893.0 2638.0
13896.0 2634.0
13915.0 2631.0
13925.0 2629.0
13934.0 2628.0
13953.0 2625.0
13963.0 2623.0
13982.0 2622.0
13992.0 2620.0
14039.0 2619.0
14057.0 2618.0
14060.0 2617.0
14065.0 2616.0
14072.0 2615.0
14077.0 2613.0
14087.0 2611.0
14095.0 2609.0
14123.0 2608.0
14131.0 2606.0
14145.0 2604.0
14153.0 2602.0
