61.0 48.0
41.0 89.0
61.0 48.0
41.0 89.0
54.0 50.0
59.0 49.0
47.0 61.0
44.0 76.0
46.0 67.0
42.0 83.0
45.0 70.0
49.0 59.0
42.0 83.0
52.0 54.0
43.0 79.0
54.0 50.0
59.0 49.0
52.0 54.0
45.0 70.0
43.0 79.0
44.0 76.0
46.0 67.0
50.0 56.0
47.0 61.0
49.0 59.0
50.0 56.0
51.0 55.0
51.0 55.0
41.0 89.0
61.0 48.0
42.0 83.0
54.0 50.0
52.0 54.0
59.0 49.0
45.0 70.0
43.0 79.0
44.0 76.0
46.0 67.0
47.0 61.0
49.0 59.0
50.0 56.0
51.0 55.0
61.0 48.0
41.0 89.0
42.0 83.0
54.0 50.0
59.0 49.0
52.0 54.0
45.0 70.0
43.0 79.0
46.0 67.0
44.0 76.0
47.0 61.0
49.0 59.0
50.0 56.0
51.0 55.0
41.0 89.0
61.0 48.0
42.0 83.0
54.0 50.0
52.0 54.0
59.0 49.0
45.0 70.0
43.0 79.0
44.0 76.0
46.0 67.0
47.0 61.0
49.0 59.0
50.0 56.0
51.0 55.0
41.0 89.0
61.0 48.0
42.0 83.0
54.0 50.0
59.0 49.0
52.0 54.0
45.0 70.0
43.0 79.0
46.0 67.0
44.0 76.0
47.0 61.0
49.0 59.0
50.0 56.0
51.0 55.0
61.0 48.0
41.0 89.0
42.0 83.0
54.0 50.0
52.0 54.0
59.0 49.0
45.0 70.0
43.0 79.0
46.0 67.0
44.0 76.0
47.0 61.0
49.0 59.0
50.0 56.0
51.0 55.0
61.0 48.0
41.0 89.0
