67.0 124.0
45.0 177.0
45.0 177.0
67.0 124.0
57.0 135.0
59.0 129.0
55.0 138.0
48.0 169.0
50.0 157.0
51.0 150.0
49.0 162.0
64.0 125.0
61.0 127.0
47.0 173.0
53.0 143.0
64.0 125.0
55.0 138.0
57.0 135.0
49.0 162.0
53.0 143.0
50.0 157.0
59.0 129.0
61.0 127.0
52.0 147.0
48.0 169.0
47.0 173.0
51.0 150.0
52.0 147.0
67.0 124.0
45.0 177.0
64.0 125.0
55.0 138.0
57.0 135.0
49.0 162.0
53.0 143.0
50.0 157.0
59.0 129.0
61.0 127.0
47.0 173.0
48.0 169.0
51.0 150.0
52.0 147.0
45.0 177.0
67.0 124.0
64.0 125.0
55.0 138.0
57.0 135.0
49.0 162.0
53.0 143.0
50.0 157.0
59.0 129.0
61.0 127.0
47.0 173.0
48.0 169.0
51.0 150.0
52.0 147.0
67.0 124.0
45.0 177.0
64.0 125.0
55.0 138.0
57.0 135.0
49.0 162.0
53.0 143.0
50.0 157.0
59.0 129.0
61.0 127.0
48.0 169.0
47.0 173.0
51.0 150.0
52.0 147.0
67.0 124.0
45.0 177.0
64.0 125.0
55.0 138.0
57.0 135.0
49.0 162.0
53.0 143.0
50.0 157.0
59.0 129.0
61.0 127.0
48.0 169.0
47.0 173.0
51.0 150.0
52.0 147.0
45.0 177.0
67.0 124.0
64.0 125.0
55.0 138.0
57.0 135.0
49.0 162.0
53.0 143.0
50.0 157.0
59.0 129.0
61.0 127.0
48.0 169.0
47.0 173.0
51.0 150.0
52.0 147.0
45.0 177.0
67.0 124.0
