417.0 506.0
386.0 644.0
417.0 506.0
386.0 644.0
387.0 622.0
397.0 555.0
400.0 544.0
387.0 622.0
389.0 602.0
390.0 587.0
388.0 607.0
396.0 567.0
403.0 543.0
397.0 555.0
400.0 544.0
412.0 515.0
414.0 512.0
415.0 509.0
406.0 530.0
404.0 540.0
393.0 577.0
405.0 533.0
394.0 570.0
408.0 527.0
388.0 607.0
391.0 583.0
409.0 525.0
410.0 520.0
392.0 578.0
389.0 602.0
390.0 587.0
411.0 519.0
391.0 583.0
412.0 515.0
415.0 509.0
406.0 530.0
405.0 533.0
408.0 527.0
414.0 512.0
404.0 540.0
395.0 569.0
409.0 525.0
396.0 567.0
394.0 570.0
410.0 520.0
392.0 578.0
395.0 569.0
411.0 519.0
393.0 577.0
403.0 543.0
417.0 506.0
386.0 644.0
387.0 622.0
397.0 555.0
400.0 544.0
388.0 607.0
389.0 602.0
390.0 587.0
391.0 583.0
412.0 515.0
415.0 509.0
406.0 530.0
405.0 533.0
414.0 512.0
404.0 540.0
408.0 527.0
409.0 525.0
396.0 567.0
394.0 570.0
392.0 578.0
410.0 520.0
393.0 577.0
395.0 569.0
403.0 543.0
411.0 519.0
386.0 644.0
417.0 506.0
387.0 622.0
397.0 555.0
400.0 544.0
388.0 607.0
389.0 602.0
390.0 587.0
391.0 583.0
412.0 515.0
406.0 530.0
415.0 509.0
405.0 533.0
414.0 512.0
404.0 540.0
408.0 527.0
409.0 525.0
396.0 567.0
394.0 570.0
392.0 578.0
410.0 520.0
403.0 543.0
393.0 577.0
395.0 569.0
411.0 519.0
