379.0 653.0
349.0 739.0
379.0 653.0
349.0 739.0
350.0 723.0
374.0 664.0
352.0 713.0
377.0 659.0
356.0 705.0
357.0 694.0
370.0 666.0
350.0 723.0
360.0 683.0
358.0 689.0
377.0 659.0
374.0 664.0
368.0 668.0
358.0 689.0
360.0 683.0
362.0 680.0
357.0 694.0
352.0 713.0
370.0 666.0
362.0 680.0
354.0 711.0
367.0 672.0
355.0 709.0
356.0 705.0
364.0 678.0
365.0 677.0
366.0 674.0
368.0 668.0
366.0 674.0
354.0 711.0
367.0 672.0
355.0 709.0
364.0 678.0
365.0 677.0
349.0 739.0
379.0 653.0
350.0 723.0
377.0 659.0
374.0 664.0
358.0 689.0
360.0 683.0
357.0 694.0
352.0 713.0
370.0 666.0
362.0 680.0
356.0 705.0
368.0 668.0
366.0 674.0
364.0 678.0
355.0 709.0
354.0 711.0
367.0 672.0
365.0 677.0
349.0 739.0
379.0 653.0
350.0 723.0
377.0 659.0
374.0 664.0
358.0 689.0
360.0 683.0
357.0 694.0
352.0 713.0
370.0 666.0
362.0 680.0
356.0 705.0
368.0 668.0
366.0 674.0
354.0 711.0
364.0 678.0
355.0 709.0
367.0 672.0
365.0 677.0
379.0 653.0
349.0 739.0
350.0 723.0
377.0 659.0
374.0 664.0
358.0 689.0
360.0 683.0
357.0 694.0
352.0 713.0
370.0 666.0
362.0 680.0
356.0 705.0
368.0 668.0
366.0 674.0
355.0 709.0
364.0 678.0
354.0 711.0
367.0 672.0
365.0 677.0
349.0 739.0
379.0 653.0
350.0 723.0
377.0 659.0
374.0 664.0
