504.0 626.0
458.0 778.0
504.0 626.0
458.0 778.0
459.0 775.0
460.0 751.0
461.0 741.0
462.0 727.0
482.0 660.0
479.0 671.0
488.0 654.0
485.0 656.0
460.0 751.0
461.0 741.0
485.0 656.0
480.0 666.0
474.0 681.0
475.0 673.0
476.0 672.0
482.0 660.0
496.0 638.0
467.0 709.0
471.0 691.0
472.0 684.0
468.0 702.0
480.0 666.0
466.0 715.0
469.0 700.0
470.0 694.0
467.0 709.0
500.0 631.0
503.0 628.0
501.0 629.0
488.0 654.0
498.0 632.0
491.0 648.0
465.0 720.0
466.0 715.0
490.0 649.0
492.0 643.0
490.0 649.0
494.0 640.0
462.0 727.0
463.0 723.0
497.0 634.0
470.0 694.0
459.0 775.0
471.0 691.0
468.0 702.0
472.0 684.0
492.0 643.0
494.0 640.0
497.0 634.0
464.0 722.0
493.0 641.0
465.0 720.0
496.0 638.0
469.0 700.0
473.0 682.0
475.0 673.0
476.0 672.0
501.0 629.0
498.0 632.0
463.0 723.0
473.0 682.0
493.0 641.0
500.0 631.0
464.0 722.0
503.0 628.0
491.0 648.0
474.0 681.0
479.0 671.0
504.0 626.0
458.0 778.0
460.0 751.0
461.0 741.0
485.0 656.0
482.0 660.0
480.0 666.0
467.0 709.0
488.0 654.0
466.0 715.0
490.0 649.0
462.0 727.0
470.0 694.0
459.0 775.0
471.0 691.0
468.0 702.0
472.0 684.0
492.0 643.0
494.0 640.0
497.0 634.0
496.0 638.0
465.0 720.0
469.0 700.0
475.0 673.0
476.0 672.0
498.0 632.0
501.0 629.0
463.0 723.0
