335.0 1194.0
399.0 839.0
399.0 839.0
335.0 1194.0
338.0 1159.0
339.0 1124.0
353.0 989.0
347.0 1035.0
336.0 1192.0
337.0 1166.0
395.0 840.0
344.0 1078.0
342.0 1099.0
344.0 1078.0
356.0 986.0
361.0 968.0
358.0 978.0
373.0 891.0
392.0 847.0
350.0 1021.0
345.0 1061.0
352.0 1005.0
346.0 1051.0
358.0 978.0
392.0 847.0
340.0 1123.0
341.0 1108.0
342.0 1099.0
347.0 1035.0
350.0 1021.0
389.0 851.0
372.0 904.0
381.0 874.0
395.0 840.0
345.0 1061.0
351.0 1015.0
367.0 925.0
366.0 935.0
368.0 915.0
346.0 1051.0
367.0 925.0
352.0 1005.0
361.0 968.0
387.0 857.0
385.0 861.0
385.0 861.0
369.0 911.0
341.0 1108.0
375.0 887.0
356.0 986.0
376.0 884.0
362.0 960.0
363.0 952.0
363.0 952.0
362.0 960.0
364.0 944.0
378.0 880.0
383.0 865.0
379.0 878.0
337.0 1166.0
382.0 867.0
338.0 1159.0
371.0 905.0
369.0 911.0
351.0 1015.0
371.0 905.0
365.0 940.0
366.0 935.0
373.0 891.0
389.0 851.0
368.0 915.0
376.0 884.0
364.0 944.0
383.0 865.0
379.0 878.0
381.0 874.0
378.0 880.0
375.0 887.0
365.0 940.0
387.0 857.0
388.0 853.0
353.0 989.0
382.0 867.0
388.0 853.0
336.0 1192.0
339.0 1124.0
372.0 904.0
340.0 1123.0
335.0 1194.0
399.0 839.0
344.0 1078.0
358.0 978.0
392.0 847.0
342.0 1099.0
347.0 1035.0
350.0 1021.0
395.0 840.0
345.0 1061.0
346.0 1051.0
367.0 925.0
