269.0 998.0
195.0 1284.0
269.0 998.0
195.0 1284.0
198.0 1262.0
199.0 1236.0
211.0 1159.0
216.0 1111.0
209.0 1163.0
214.0 1125.0
266.0 1000.0
261.0 1002.0
218.0 1109.0
257.0 1008.0
222.0 1097.0
214.0 1125.0
213.0 1139.0
208.0 1177.0
212.0 1145.0
219.0 1103.0
199.0 1236.0
196.0 1272.0
200.0 1224.0
206.0 1186.0
245.0 1038.0
223.0 1090.0
204.0 1203.0
205.0 1193.0
266.0 1000.0
254.0 1010.0
238.0 1061.0
207.0 1185.0
208.0 1177.0
225.0 1086.0
227.0 1080.0
237.0 1063.0
231.0 1072.0
234.0 1067.0
196.0 1272.0
200.0 1224.0
205.0 1193.0
202.0 1216.0
201.0 1217.0
203.0 1209.0
197.0 1265.0
249.0 1026.0
229.0 1076.0
212.0 1145.0
219.0 1103.0
203.0 1209.0
204.0 1203.0
222.0 1097.0
213.0 1139.0
246.0 1032.0
216.0 1111.0
234.0 1067.0
260.0 1004.0
236.0 1065.0
247.0 1030.0
258.0 1006.0
243.0 1045.0
239.0 1058.0
250.0 1023.0
244.0 1040.0
251.0 1018.0
240.0 1053.0
232.0 1071.0
209.0 1163.0
223.0 1090.0
247.0 1030.0
232.0 1071.0
211.0 1159.0
249.0 1026.0
226.0 1082.0
225.0 1086.0
197.0 1265.0
251.0 1018.0
240.0 1053.0
230.0 1075.0
241.0 1050.0
252.0 1015.0
239.0 1058.0
252.0 1015.0
241.0 1050.0
250.0 1023.0
198.0 1262.0
253.0 1012.0
242.0 1047.0
261.0 1002.0
254.0 1010.0
246.0 1032.0
258.0 1006.0
244.0 1040.0
226.0 1082.0
253.0 1012.0
242.0 1047.0
228.0 1078.0
260.0 1004.0
236.0 1065.0
243.0 1045.0
