15361.0 3914.0
16214.0 3204.0
16214.0 3204.0
15361.0 3914.0
15595.0 3539.0
15531.0 3614.0
15516.0 3620.0
15558.0 3575.0
15635.0 3507.0
15829.0 3335.0
15946.0 3269.0
15576.0 3570.0
15540.0 3596.0
15714.0 3437.0
15711.0 3448.0
15477.0 3677.0
15940.0 3281.0
16091.0 3222.0
16138.0 3215.0
16210.0 3207.0
16170.0 3211.0
15875.0 3305.0
15624.0 3516.0
15839.0 3330.0
15868.0 3311.0
15998.0 3247.0
15970.0 3265.0
15465.0 3682.0
16163.0 3214.0
15507.0 3638.0
16025.0 3244.0
15552.0 3593.0
15615.0 3525.0
15416.0 3768.0
15363.0 3888.0
15748.0 3398.0
16077.0 3226.0
16049.0 3232.0
15792.0 3369.0
15456.0 3700.0
15815.0 3351.0
15435.0 3757.0
15748.0 3398.0
15371.0 3846.0
15398.0 3797.0
15851.0 3319.0
15731.0 3412.0
15645.0 3492.0
15582.0 3556.0
15380.0 3829.0
15407.0 3780.0
15492.0 3650.0
15919.0 3284.0
15657.0 3489.0
15991.0 3257.0
15802.0 3356.0
16116.0 3221.0
15775.0 3377.0
15443.0 3729.0
15764.0 3386.0
15661.0 3481.0
15398.0 3797.0
15582.0 3556.0
15443.0 3729.0
15727.0 3423.0
15894.0 3297.0
15369.0 3864.0
15365.0 3870.0
15611.0 3533.0
15764.0 3386.0
15450.0 3713.0
15901.0 3291.0
15392.0 3815.0
15693.0 3469.0
15678.0 3475.0
15486.0 3662.0
15363.0 3888.0
15697.0 3461.0
16035.0 3236.0
15380.0 3829.0
15407.0 3780.0
15486.0 3662.0
15507.0 3638.0
15974.0 3260.0
15462.0 3696.0
15450.0 3713.0
15371.0 3846.0
15416.0 3768.0
15678.0 3475.0
15851.0 3319.0
15919.0 3284.0
15436.0 3746.0
16049.0 3232.0
16077.0 3226.0
15731.0 3412.0
15727.0 3423.0
15775.0 3377.0
15492.0 3650.0
15436.0 3746.0
15815.0 3351.0
