97.0 1167.0
99.0 1147.0
101.0 1127.0
103.0 1101.0
104.0 1093.0
105.0 1069.0
107.0 1055.0
108.0 1045.0
109.0 1038.0
110.0 1037.0
111.0 1020.0
113.0 1012.0
114.0 1004.0
115.0 997.0
116.0 993.0
117.0 979.0
119.0 971.0
120.0 966.0
121.0 958.0
122.0 956.0
123.0 946.0
125.0 941.0
126.0 940.0
127.0 928.0
129.0 924.0
130.0 922.0
131.0 917.0
133.0 911.0
135.0 897.0
137.0 893.0
138.0 892.0
139.0 891.0
140.0 888.0
141.0 887.0
142.0 878.0
144.0 872.0
145.0 870.0
146.0 868.0
147.0 866.0
149.0 864.0
150.0 862.0
151.0 860.0
154.0 856.0
157.0 855.0
158.0 854.0
159.0 853.0
173.0 851.0
