193.0 1276.0
194.0 1260.0
195.0 1246.0
196.0 1235.0
197.0 1231.0
198.0 1222.0
199.0 1218.0
200.0 1213.0
201.0 1209.0
202.0 1184.0
203.0 1170.0
204.0 1161.0
205.0 1156.0
206.0 1153.0
207.0 1148.0
209.0 1129.0
210.0 1111.0
212.0 1107.0
213.0 1106.0
214.0 1099.0
215.0 1096.0
216.0 1092.0
217.0 1084.0
220.0 1080.0
221.0 1075.0
222.0 1069.0
225.0 1065.0
227.0 1062.0
228.0 1056.0
230.0 1052.0
234.0 1048.0
236.0 1044.0
240.0 1040.0
242.0 1036.0
246.0 1033.0
247.0 1032.0
248.0 1029.0
249.0 1026.0
250.0 1021.0
251.0 1019.0
252.0 1017.0
253.0 1013.0
254.0 1011.0
256.0 1009.0
257.0 1008.0
258.0 1005.0
259.0 1004.0
260.0 1002.0
261.0 998.0
262.0 996.0
264.0 994.0
265.0 993.0
267.0 991.0
270.0 988.0
274.0 986.0
278.0 984.0
282.0 980.0
285.0 978.0
287.0 977.0
289.0 974.0
292.0 973.0
294.0 971.0
298.0 970.0
299.0 967.0
301.0 965.0
306.0 960.0
