324.0 1210.0
325.0 1198.0
326.0 1193.0
327.0 1179.0
328.0 1118.0
329.0 1102.0
330.0 1100.0
331.0 1094.0
332.0 1092.0
333.0 1088.0
334.0 1086.0
335.0 1080.0
336.0 1078.0
337.0 1067.0
338.0 1064.0
339.0 1061.0
340.0 1056.0
341.0 1038.0
342.0 1032.0
344.0 1027.0
345.0 1021.0
346.0 1018.0
347.0 1012.0
348.0 1006.0
349.0 1003.0
350.0 997.0
351.0 988.0
352.0 982.0
353.0 976.0
354.0 970.0
357.0 967.0
358.0 965.0
360.0 963.0
361.0 957.0
362.0 951.0
364.0 945.0
366.0 938.0
368.0 930.0
369.0 927.0
370.0 916.0
372.0 911.0
374.0 904.0
376.0 893.0
378.0 885.0
380.0 881.0
382.0 875.0
383.0 872.0
384.0 871.0
385.0 868.0
387.0 866.0
388.0 865.0
389.0 864.0
390.0 861.0
392.0 855.0
393.0 852.0
394.0 851.0
395.0 848.0
397.0 845.0
399.0 841.0
401.0 836.0
403.0 834.0
404.0 831.0
408.0 825.0
410.0 823.0
411.0 820.0
415.0 819.0
416.0 817.0
418.0 815.0
419.0 812.0
420.0 810.0
