439.0 1101.0
440.0 1091.0
441.0 1081.0
444.0 1072.0
445.0 1067.0
446.0 1063.0
447.0 1061.0
448.0 1045.0
449.0 1035.0
450.0 1033.0
451.0 1025.0
453.0 1019.0
455.0 1012.0
457.0 1006.0
458.0 1005.0
459.0 1002.0
460.0 996.0
461.0 991.0
462.0 979.0
463.0 974.0
465.0 965.0
466.0 960.0
468.0 959.0
469.0 953.0
470.0 948.0
471.0 947.0
472.0 946.0
473.0 944.0
474.0 936.0
476.0 934.0
477.0 932.0
479.0 925.0
481.0 923.0
482.0 921.0
484.0 919.0
488.0 917.0
490.0 915.0
492.0 914.0
493.0 910.0
494.0 908.0
495.0 905.0
497.0 899.0
499.0 897.0
500.0 893.0
501.0 890.0
504.0 888.0
505.0 885.0
507.0 882.0
508.0 880.0
509.0 877.0
512.0 875.0
513.0 872.0
516.0 871.0
522.0 870.0
526.0 869.0
527.0 867.0
529.0 863.0
533.0 860.0
537.0 859.0
539.0 858.0
543.0 856.0
544.0 854.0
545.0 851.0
