19407.0 6011.0
19410.0 5975.0
19413.0 5948.0
19416.0 5937.0
19418.0 5929.0
19419.0 5910.0
19424.0 5891.0
19426.0 5890.0
19429.0 5889.0
19430.0 5870.0
19435.0 5851.0
19437.0 5850.0
19441.0 5845.0
19442.0 5831.0
19448.0 5825.0
19451.0 5814.0
19453.0 5813.0
19456.0 5811.0
19457.0 5807.0
19458.0 5794.0
19460.0 5793.0
19462.0 5788.0
19464.0 5787.0
19465.0 5774.0
19469.0 5768.0
19475.0 5762.0
19480.0 5760.0
19481.0 5747.0
19483.0 5746.0
19484.0 5744.0
19485.0 5741.0
19487.0 5740.0
19488.0 5727.0
19492.0 5721.0
19498.0 5715.0
19504.0 5714.0
19506.0 5709.0
19509.0 5700.0
19513.0 5694.0
19519.0 5688.0
19525.0 5687.0
19527.0 5682.0
19529.0 5679.0
19532.0 5676.0
19533.0 5675.0
19536.0 5633.0
19537.0 5630.0
19539.0 5601.0
19541.0 5598.0
19543.0 5576.0
19548.0 5573.0
19549.0 5564.0
19552.0 5562.0
19554.0 5561.0
19557.0 5559.0
19558.0 5550.0
19561.0 5538.0
19566.0 5535.0
19567.0 5526.0
19568.0 5519.0
19573.0 5513.0
19574.0 5507.0
19575.0 5505.0
19579.0 5501.0
19581.0 5485.0
19586.0 5483.0
19589.0 5470.0
19592.0 5465.0
19597.0 5463.0
19598.0 5445.0
19603.0 5443.0
19605.0 5436.0
19607.0 5428.0
19612.0 5426.0
19618.0 5425.0
19620.0 5423.0
19621.0 5421.0
19624.0 5417.0
19625.0 5416.0
19626.0 5409.0
19627.0 5408.0
19631.0 5407.0
19632.0 5404.0
19637.0 5402.0
19641.0 5401.0
19644.0 5397.0
19646.0 5389.0
19651.0 5386.0
19652.0 5384.0
19655.0 5379.0
19666.0 5377.0
19667.0 5373.0
19669.0 5370.0
19670.0 5367.0
19672.0 5365.0
19673.0 5363.0
19674.0 5360.0
19680.0 5355.0
19685.0 5351.0
19687.0 5348.0
19691.0 5341.0
19696.0 5334.0
19701.0 5331.0
19705.0 5330.0
19706.0 5329.0
19707.0 5323.0
19710.0 5322.0
19711.0 5321.0
19712.0 5320.0
19715.0 5315.0
19716.0 5314.0
19719.0 5311.0
19720.0 5306.0
19722.0 5304.0
19725.0 5303.0
19727.0 5301.0
19730.0 5300.0
19734.0 5298.0
19735.0 5295.0
19738.0 5290.0
19739.0 5287.0
19741.0 5285.0
19742.0 5284.0
19743.0 5283.0
19745.0 5281.0
19748.0 5280.0
19750.0 5278.0
19754.0 5276.0
19756.0 5268.0
19761.0 5265.0
19765.0 5261.0
19770.0 5258.0
19776.0 5257.0
19777.0 5252.0
19778.0 5250.0
19779.0 5245.0
19784.0 5242.0
19792.0 5239.0
19795.0 5238.0
19796.0 5234.0
19797.0 5231.0
19798.0 5226.0
19803.0 5223.0
19811.0 5220.0
19816.0 5217.0
19818.0 5215.0
19819.0 5210.0
19824.0 5207.0
19828.0 5206.0
19831.0 5201.0
19837.0 5196.0
19846.0 5193.0
19848.0 5190.0
19849.0 5187.0
19850.0 5182.0
19863.0 5178.0
19866.0 5177.0
19870.0 5174.0
19871.0 5173.0
19872.0 5168.0
19886.0 5166.0
19887.0 5161.0
19894.0 5159.0
19899.0 5155.0
19900.0 5154.0
19907.0 5153.0
19908.0 5152.0
19909.0 5147.0
19912.0 5146.0
19922.0 5140.0
19923.0 5139.0
19931.0 5138.0
19933.0 5137.0
19934.0 5132.0
19943.0 5131.0
19945.0 5125.0
19956.0 5123.0
19965.0 5119.0
19967.0 5116.0
19980.0 5112.0
19984.0 5110.0
19988.0 5109.0
19989.0 5106.0
19992.0 5100.0
20000.0 5094.0
20004.0 5093.0
20008.0 5092.0
20009.0 5088.0
20016.0 5086.0
20017.0 5082.0
20021.0 5081.0
20025.0 5079.0
20026.0 5076.0
20030.0 5073.0
20034.0 5070.0
20038.0 5067.0
20042.0 5065.0
20046.0 5064.0
20047.0 5061.0
20050.0 5055.0
20058.0 5049.0
20062.0 5048.0
20066.0 5047.0
20067.0 5043.0
20075.0 5037.0
20079.0 5036.0
20083.0 5035.0
20087.0 5034.0
20092.0 5032.0
20096.0 5031.0
20099.0 5028.0
20101.0 5026.0
20107.0 5022.0
20109.0 5020.0
20113.0 5019.0
20117.0 5018.0
20119.0 5014.0
20127.0 5008.0
20131.0 5007.0
20135.0 5006.0
20139.0 5005.0
20144.0 5002.0
20145.0 4998.0
20149.0 4997.0
20155.0 4994.0
20159.0 4993.0
20168.0 4990.0
20172.0 4982.0
20176.0 4981.0
20188.0 4980.0
20190.0 4978.0
20196.0 4975.0
20201.0 4974.0
20202.0 4972.0
20203.0 4971.0
20207.0 4970.0
20214.0 4963.0
20218.0 4962.0
20219.0 4961.0
20223.0 4960.0
20232.0 4959.0
20237.0 4957.0
20238.0 4956.0
20243.0 4954.0
20254.0 4952.0
20256.0 4950.0
20261.0 4948.0
20274.0 4945.0
20276.0 4942.0
20281.0 4940.0
20296.0 4935.0
20301.0 4933.0
20321.0 4931.0
20324.0 4929.0
20329.0 4927.0
20341.0 4924.0
20346.0 4922.0
20357.0 4921.0
20360.0 4919.0
20363.0 4918.0
20371.0 4916.0
20372.0 4915.0
20374.0 4913.0
20376.0 4911.0
20383.0 4906.0
20397.0 4905.0
20399.0 4903.0
20402.0 4901.0
20405.0 4900.0
20406.0 4898.0
20409.0 4896.0
20412.0 4895.0
20420.0 4893.0
20421.0 4892.0
20423.0 4890.0
20425.0 4888.0
20432.0 4883.0
20441.0 4880.0
20451.0 4878.0
20470.0 4876.0
20475.0 4875.0
20479.0 4873.0
20483.0 4870.0
20485.0 4867.0
20492.0 4865.0
20497.0 4864.0
20501.0 4862.0
20506.0 4861.0
20508.0 4860.0
20517.0 4859.0
20519.0 4858.0
20522.0 4856.0
20529.0 4855.0
20530.0 4854.0
20535.0 4853.0
20536.0 4852.0
20537.0 4849.0
20544.0 4847.0
20545.0 4845.0
20552.0 4843.0
20557.0 4842.0
20561.0 4840.0
20564.0 4838.0
20571.0 4836.0
20576.0 4835.0
20580.0 4833.0
20585.0 4832.0
20587.0 4831.0
20596.0 4830.0
20598.0 4829.0
20601.0 4827.0
20611.0 4826.0
20612.0 4825.0
20618.0 4824.0
20620.0 4823.0
20622.0 4821.0
20628.0 4819.0
20630.0 4817.0
20644.0 4814.0
20647.0 4812.0
20649.0 4810.0
20663.0 4807.0
20672.0 4804.0
20687.0 4803.0
20688.0 4802.0
20691.0 4801.0
20701.0 4800.0
20705.0 4799.0
20707.0 4797.0
20709.0 4795.0
20725.0 4794.0
20727.0 4791.0
20729.0 4789.0
20744.0 4787.0
20752.0 4783.0
20769.0 4782.0
20771.0 4781.0
20782.0 4780.0
20785.0 4779.0
20786.0 4778.0
20792.0 4776.0
20794.0 4775.0
20804.0 4772.0
20821.0 4771.0
20824.0 4766.0
20841.0 4765.0
20844.0 4763.0
20860.0 4762.0
20862.0 4760.0
20866.0 4758.0
20880.0 4756.0
20886.0 4755.0
20902.0 4754.0
20904.0 4752.0
20922.0 4748.0
20946.0 4747.0
20950.0 4745.0
20955.0 4743.0
20959.0 4741.0
20967.0 4739.0
20971.0 4737.0
20976.0 4735.0
20980.0 4733.0
20989.0 4732.0
20991.0 4731.0
20993.0 4730.0
20997.0 4727.0
21001.0 4725.0
21006.0 4723.0
21010.0 4721.0
21033.0 4719.0
21037.0 4717.0
21044.0 4716.0
21048.0 4714.0
21069.0 4712.0
21070.0 4711.0
21074.0 4710.0
21078.0 4708.0
21085.0 4707.0
21089.0 4705.0
21104.0 4703.0
21116.0 4701.0
21123.0 4699.0
21134.0 4698.0
21138.0 4696.0
21150.0 4695.0
21153.0 4694.0
21161.0 4693.0
21165.0 4692.0
21172.0 4690.0
21188.0 4689.0
21191.0 4688.0
21199.0 4686.0
21210.0 4684.0
21223.0 4682.0
21237.0 4680.0
21241.0 4679.0
21250.0 4676.0
21277.0 4672.0
21288.0 4670.0
21295.0 4669.0
21304.0 4666.0
21333.0 4663.0
21342.0 4660.0
21518.0 4659.0
21525.0 4658.0
21543.0 4657.0
21555.0 4655.0
21573.0 4654.0
