325.0 1195.0
326.0 1190.0
327.0 1183.0
328.0 1100.0
329.0 1094.0
330.0 1093.0
331.0 1079.0
333.0 1077.0
334.0 1069.0
336.0 1067.0
337.0 1054.0
338.0 1037.0
340.0 1035.0
341.0 1031.0
343.0 1028.0
344.0 1019.0
345.0 1012.0
347.0 1010.0
348.0 1002.0
350.0 985.0
351.0 984.0
352.0 977.0
353.0 971.0
354.0 963.0
355.0 958.0
356.0 952.0
357.0 940.0
359.0 934.0
360.0 925.0
362.0 921.0
365.0 917.0
366.0 908.0
368.0 904.0
369.0 903.0
370.0 898.0
372.0 893.0
373.0 884.0
375.0 880.0
378.0 876.0
380.0 871.0
383.0 866.0
392.0 864.0
394.0 860.0
395.0 857.0
396.0 852.0
397.0 851.0
398.0 849.0
399.0 847.0
400.0 846.0
401.0 844.0
402.0 842.0
403.0 839.0
404.0 838.0
405.0 836.0
406.0 835.0
409.0 829.0
426.0 826.0
430.0 820.0
435.0 819.0
