193.0 1276.0
194.0 1260.0
195.0 1246.0
196.0 1237.0
197.0 1231.0
198.0 1224.0
199.0 1218.0
200.0 1215.0
201.0 1209.0
202.0 1184.0
203.0 1170.0
204.0 1161.0
205.0 1156.0
206.0 1153.0
207.0 1148.0
209.0 1137.0
210.0 1132.0
211.0 1123.0
212.0 1122.0
213.0 1113.0
214.0 1110.0
215.0 1108.0
216.0 1099.0
217.0 1096.0
218.0 1095.0
219.0 1088.0
221.0 1083.0
222.0 1076.0
225.0 1075.0
227.0 1073.0
229.0 1066.0
230.0 1060.0
235.0 1054.0
236.0 1053.0
238.0 1048.0
239.0 1044.0
244.0 1036.0
249.0 1034.0
250.0 1032.0
252.0 1030.0
254.0 1026.0
255.0 1024.0
256.0 1020.0
257.0 1019.0
258.0 1017.0
259.0 1014.0
260.0 1007.0
262.0 1005.0
263.0 1002.0
264.0 999.0
266.0 996.0
267.0 994.0
269.0 992.0
270.0 988.0
272.0 986.0
278.0 984.0
280.0 982.0
281.0 981.0
283.0 979.0
284.0 977.0
286.0 972.0
288.0 970.0
291.0 969.0
293.0 967.0
295.0 965.0
