100.0 1203.0
102.0 1194.0
104.0 1182.0
105.0 1142.0
106.0 1139.0
107.0 1126.0
108.0 1114.0
109.0 1088.0
110.0 1069.0
111.0 1024.0
112.0 1011.0
113.0 1009.0
114.0 1000.0
115.0 987.0
116.0 981.0
117.0 968.0
118.0 966.0
119.0 954.0
120.0 952.0
121.0 944.0
122.0 942.0
124.0 940.0
125.0 938.0
128.0 936.0
129.0 934.0
130.0 930.0
131.0 927.0
132.0 924.0
133.0 917.0
134.0 914.0
136.0 913.0
138.0 910.0
139.0 903.0
140.0 900.0
142.0 899.0
143.0 897.0
144.0 894.0
146.0 891.0
147.0 890.0
148.0 887.0
149.0 883.0
150.0 880.0
152.0 879.0
154.0 877.0
155.0 874.0
156.0 873.0
162.0 871.0
166.0 868.0
168.0 866.0
169.0 864.0
170.0 862.0
172.0 854.0
174.0 852.0
177.0 849.0
179.0 847.0
181.0 846.0
