194.0 1221.0
195.0 1213.0
196.0 1204.0
197.0 1200.0
198.0 1191.0
199.0 1188.0
200.0 1186.0
201.0 1177.0
203.0 1173.0
204.0 1157.0
205.0 1153.0
206.0 1150.0
207.0 1146.0
208.0 1142.0
209.0 1139.0
210.0 1134.0
211.0 1130.0
212.0 1128.0
213.0 1125.0
214.0 1123.0
215.0 1116.0
216.0 1112.0
217.0 1109.0
218.0 1106.0
219.0 1103.0
220.0 1102.0
221.0 1101.0
222.0 1098.0
223.0 1094.0
224.0 1093.0
225.0 1091.0
226.0 1082.0
228.0 1079.0
229.0 1077.0
230.0 1072.0
232.0 1067.0
235.0 1062.0
237.0 1058.0
238.0 1057.0
239.0 1047.0
241.0 1044.0
243.0 1037.0
244.0 1031.0
246.0 1030.0
247.0 1029.0
248.0 1023.0
250.0 1022.0
252.0 1019.0
254.0 1015.0
255.0 1014.0
256.0 1011.0
258.0 1009.0
260.0 1007.0
261.0 1006.0
264.0 1001.0
265.0 998.0
266.0 997.0
269.0 994.0
270.0 993.0
273.0 991.0
274.0 987.0
275.0 984.0
286.0 982.0
287.0 975.0
291.0 971.0
296.0 967.0
301.0 966.0
