2638.0 680.0
2640.0 669.0
2650.0 661.0
2662.0 657.0
2664.0 633.0
2666.0 613.0
2678.0 607.0
2700.0 599.0
2712.0 593.0
2726.0 591.0
2740.0 588.0
2742.0 587.0
2750.0 573.0
2752.0 565.0
2776.0 560.0
2796.0 558.0
2804.0 554.0
2808.0 552.0
2818.0 548.0
2826.0 544.0
2858.0 542.0
2866.0 540.0
2876.0 532.0
2888.0 530.0
2896.0 522.0
2910.0 518.0
2956.0 515.0
2976.0 513.0
2986.0 512.0
2998.0 511.0
3004.0 509.0
3044.0 507.0
3050.0 506.0
3066.0 505.0
3070.0 500.0
3116.0 497.0
3132.0 495.0
3138.0 494.0
3174.0 493.0
3184.0 491.0
