16485.0 1308.0
16487.0 1300.0
16489.0 1290.0
16490.0 1285.0
16491.0 1282.0
16494.0 1281.0
16496.0 1267.0
16502.0 1261.0
16503.0 1260.0
16513.0 1257.0
16519.0 1251.0
16520.0 1250.0
16526.0 1241.0
16535.0 1239.0
16543.0 1231.0
16552.0 1229.0
16560.0 1221.0
16569.0 1219.0
16577.0 1211.0
16584.0 1203.0
16597.0 1189.0
16623.0 1177.0
16630.0 1175.0
16637.0 1165.0
16652.0 1159.0
16665.0 1155.0
16680.0 1149.0
16691.0 1147.0
16702.0 1140.0
16706.0 1135.0
16711.0 1128.0
16722.0 1121.0
16725.0 1119.0
16728.0 1117.0
16733.0 1113.0
16736.0 1112.0
16737.0 1099.0
16748.0 1092.0
16765.0 1089.0
16776.0 1082.0
16792.0 1081.0
16803.0 1074.0
16818.0 1073.0
16820.0 1071.0
16831.0 1064.0
16862.0 1059.0
16898.0 1058.0
16900.0 1056.0
16929.0 1053.0
16945.0 1052.0
16967.0 1050.0
16974.0 1046.0
16991.0 1045.0
17006.0 1041.0
17007.0 1039.0
17031.0 1033.0
17063.0 1028.0
17101.0 1027.0
17103.0 1026.0
17141.0 1025.0
17172.0 1023.0
