7931.0 1297.0
7938.0 1267.0
7945.0 1260.0
7946.0 1249.0
7947.0 1241.0
7952.0 1237.0
7954.0 1233.0
7955.0 1225.0
7960.0 1221.0
7964.0 1218.0
7967.0 1211.0
7970.0 1206.0
7971.0 1205.0
7975.0 1202.0
7976.0 1201.0
7980.0 1198.0
7981.0 1190.0
7984.0 1183.0
7989.0 1179.0
7996.0 1176.0
8001.0 1172.0
8007.0 1171.0
8012.0 1169.0
8013.0 1166.0
8017.0 1165.0
8018.0 1162.0
8022.0 1156.0
8024.0 1155.0
8033.0 1154.0
8036.0 1147.0
8041.0 1143.0
8043.0 1141.0
8048.0 1133.0
8057.0 1130.0
8059.0 1125.0
8070.0 1124.0
8071.0 1112.0
8081.0 1096.0
8091.0 1090.0
8110.0 1087.0
8111.0 1086.0
8112.0 1083.0
8120.0 1079.0
8121.0 1076.0
8124.0 1067.0
8139.0 1065.0
8140.0 1063.0
8142.0 1060.0
8144.0 1057.0
8154.0 1052.0
8162.0 1049.0
8168.0 1045.0
8172.0 1039.0
8180.0 1038.0
8184.0 1031.0
8192.0 1027.0
8200.0 1024.0
8204.0 1020.0
8208.0 1018.0
8218.0 1013.0
8226.0 1012.0
8230.0 1005.0
8238.0 1001.0
8246.0 998.0
8250.0 994.0
8254.0 992.0
8264.0 988.0
8268.0 986.0
8271.0 984.0
8277.0 982.0
8284.0 981.0
8290.0 978.0
8293.0 976.0
8305.0 975.0
8306.0 973.0
8308.0 972.0
8313.0 969.0
8315.0 968.0
8320.0 965.0
8332.0 964.0
8333.0 963.0
8335.0 962.0
8340.0 959.0
8352.0 958.0
8359.0 957.0
8364.0 954.0
8371.0 952.0
8381.0 949.0
8393.0 948.0
8395.0 947.0
8405.0 944.0
8417.0 943.0
8432.0 941.0
8440.0 940.0
8442.0 938.0
8454.0 937.0
8457.0 936.0
8472.0 935.0
8481.0 934.0
8486.0 933.0
8491.0 928.0
8500.0 926.0
8504.0 925.0
8516.0 920.0
8520.0 919.0
8534.0 917.0
8535.0 916.0
8540.0 914.0
8544.0 913.0
8549.0 911.0
8552.0 910.0
8555.0 908.0
8562.0 907.0
8575.0 902.0
8578.0 900.0
8582.0 899.0
8590.0 896.0
8606.0 892.0
8614.0 891.0
8629.0 890.0
8630.0 887.0
8638.0 885.0
8659.0 882.0
8662.0 880.0
8684.0 878.0
8723.0 876.0
