24687.0 7828.0
24693.0 7815.0
24696.0 7783.0
24706.0 7761.0
24712.0 7743.0
24714.0 7739.0
24716.0 7735.0
24718.0 7728.0
24722.0 7719.0
24724.0 7715.0
24729.0 7711.0
24731.0 7707.0
24732.0 7698.0
24734.0 7691.0
24738.0 7688.0
24739.0 7687.0
24740.0 7673.0
24742.0 7666.0
24743.0 7664.0
24750.0 7663.0
24751.0 7657.0
24753.0 7655.0
24754.0 7649.0
24755.0 7644.0
24757.0 7641.0
24758.0 7638.0
24759.0 7633.0
24760.0 7632.0
24761.0 7631.0
24765.0 7623.0
24771.0 7617.0
24772.0 7612.0
24775.0 7606.0
24776.0 7601.0
24778.0 7599.0
24780.0 7596.0
24782.0 7591.0
24787.0 7590.0
24788.0 7586.0
24789.0 7579.0
24791.0 7575.0
24794.0 7571.0
24796.0 7569.0
24798.0 7568.0
24799.0 7565.0
24800.0 7561.0
24801.0 7558.0
24802.0 7555.0
24804.0 7548.0
24811.0 7546.0
24812.0 7545.0
24813.0 7541.0
24814.0 7540.0
24816.0 7533.0
24818.0 7526.0
24819.0 7523.0
24821.0 7516.0
24827.0 7515.0
24828.0 7507.0
24831.0 7504.0
24834.0 7503.0
24835.0 7499.0
24836.0 7496.0
24837.0 7493.0
24839.0 7486.0
24843.0 7449.0
24846.0 7431.0
24847.0 7429.0
24850.0 7411.0
24853.0 7410.0
24856.0 7392.0
24860.0 7377.0
24864.0 7376.0
24865.0 7354.0
24872.0 7344.0
24874.0 7342.0
24875.0 7335.0
24877.0 7329.0
24879.0 7319.0
24881.0 7314.0
24885.0 7313.0
24886.0 7311.0
24888.0 7306.0
24890.0 7302.0
24891.0 7295.0
24892.0 7291.0
24893.0 7289.0
24895.0 7279.0
24901.0 7273.0
24902.0 7271.0
24904.0 7268.0
24906.0 7262.0
24908.0 7251.0
24914.0 7245.0
24915.0 7243.0
24920.0 7237.0
24923.0 7228.0
24925.0 7222.0
24926.0 7220.0
24928.0 7214.0
24930.0 7213.0
24933.0 7211.0
24934.0 7209.0
24936.0 7203.0
24938.0 7202.0
24939.0 7189.0
24941.0 7178.0
24944.0 7170.0
24949.0 7167.0
24952.0 7159.0
24955.0 7157.0
24956.0 7154.0
24957.0 7149.0
24959.0 7146.0
24960.0 7141.0
24965.0 7134.0
24968.0 7130.0
24971.0 7128.0
24972.0 7125.0
24973.0 7123.0
24975.0 7117.0
24976.0 7106.0
24977.0 7101.0
24978.0 7098.0
24979.0 7090.0
24982.0 7082.0
24984.0 7081.0
24987.0 7073.0
24990.0 7071.0
24992.0 7070.0
24994.0 7069.0
24995.0 7062.0
24997.0 7061.0
25000.0 7060.0
25001.0 7053.0
25005.0 7050.0
25006.0 7044.0
25009.0 7042.0
25013.0 7034.0
25014.0 7033.0
25016.0 7032.0
25018.0 7025.0
25021.0 7023.0
25024.0 7021.0
25026.0 7014.0
25028.0 7013.0
25031.0 7012.0
25033.0 7006.0
25034.0 7004.0
25036.0 7002.0
25041.0 6995.0
25044.0 6992.0
25047.0 6991.0
25049.0 6985.0
25053.0 6984.0
25055.0 6980.0
25059.0 6976.0
25061.0 6975.0
25064.0 6969.0
25067.0 6965.0
25071.0 6962.0
25072.0 6958.0
25076.0 6955.0
25079.0 6951.0
25084.0 6944.0
25092.0 6939.0
25095.0 6935.0
25100.0 6928.0
25107.0 6926.0
25109.0 6925.0
25110.0 6922.0
25112.0 6919.0
25115.0 6915.0
25118.0 6914.0
25119.0 6912.0
25120.0 6908.0
25124.0 6905.0
25127.0 6901.0
25132.0 6894.0
25140.0 6889.0
25143.0 6885.0
25148.0 6878.0
25156.0 6877.0
25158.0 6872.0
25161.0 6870.0
25163.0 6869.0
25164.0 6867.0
25166.0 6864.0
25174.0 6863.0
25176.0 6862.0
25177.0 6859.0
25179.0 6856.0
25182.0 6853.0
25187.0 6849.0
25189.0 6847.0
25190.0 6845.0
25192.0 6843.0
25196.0 6841.0
25198.0 6839.0
25200.0 6838.0
25203.0 6833.0
25206.0 6831.0
25208.0 6824.0
25210.0 6822.0
25214.0 6820.0
25216.0 6818.0
25221.0 6816.0
25222.0 6813.0
25223.0 6812.0
25224.0 6809.0
25227.0 6808.0
25228.0 6804.0
25230.0 6802.0
25233.0 6801.0
25234.0 6800.0
25236.0 6798.0
25239.0 6797.0
25241.0 6796.0
25242.0 6793.0
25244.0 6791.0
25247.0 6786.0
25249.0 6782.0
25251.0 6780.0
25255.0 6778.0
25257.0 6776.0
25262.0 6773.0
25263.0 6770.0
25264.0 6767.0
25265.0 6764.0
25268.0 6763.0
25271.0 6760.0
25274.0 6759.0
25277.0 6756.0
25281.0 6755.0
25284.0 6754.0
25285.0 6753.0
25287.0 6751.0
25289.0 6750.0
25291.0 6748.0
25295.0 6746.0
25296.0 6739.0
25298.0 6737.0
25302.0 6735.0
25304.0 6733.0
25309.0 6731.0
25311.0 6729.0
25312.0 6725.0
25314.0 6723.0
25318.0 6722.0
25319.0 6721.0
25320.0 6720.0
25321.0 6719.0
25322.0 6716.0
25324.0 6714.0
25328.0 6712.0
25330.0 6710.0
25339.0 6709.0
25340.0 6708.0
25343.0 6705.0
25345.0 6701.0
25349.0 6699.0
25353.0 6697.0
25355.0 6696.0
25357.0 6694.0
25359.0 6693.0
25360.0 6689.0
25366.0 6685.0
25369.0 6683.0
25371.0 6682.0
25373.0 6680.0
25376.0 6675.0
25390.0 6668.0
25393.0 6667.0
25394.0 6666.0
25395.0 6665.0
25401.0 6661.0
25407.0 6660.0
25411.0 6651.0
25415.0 6649.0
25419.0 6646.0
25421.0 6645.0
25425.0 6642.0
25431.0 6635.0
25435.0 6632.0
25445.0 6629.0
25446.0 6626.0
25455.0 6622.0
25456.0 6621.0
25460.0 6618.0
25466.0 6610.0
25470.0 6607.0
25479.0 6603.0
25492.0 6599.0
25494.0 6597.0
25498.0 6594.0
25500.0 6593.0
25509.0 6592.0
25511.0 6590.0
25513.0 6589.0
25514.0 6588.0
25517.0 6587.0
25518.0 6584.0
25520.0 6583.0
25522.0 6581.0
25524.0 6580.0
25531.0 6578.0
25532.0 6577.0
25533.0 6575.0
25538.0 6570.0
25545.0 6564.0
25556.0 6558.0
25568.0 6557.0
25570.0 6556.0
25572.0 6554.0
25574.0 6553.0
25576.0 6552.0
25579.0 6550.0
25583.0 6547.0
25584.0 6546.0
25586.0 6545.0
25590.0 6543.0
25591.0 6542.0
25592.0 6540.0
25597.0 6535.0
25604.0 6529.0
25615.0 6523.0
25629.0 6521.0
25631.0 6519.0
25633.0 6518.0
25640.0 6515.0
25644.0 6512.0
25656.0 6508.0
25659.0 6507.0
25664.0 6506.0
25667.0 6502.0
25673.0 6501.0
25674.0 6499.0
25679.0 6494.0
25686.0 6488.0
25697.0 6482.0
25715.0 6477.0
25721.0 6474.0
25725.0 6471.0
25730.0 6470.0
25734.0 6467.0
25741.0 6466.0
25748.0 6460.0
25753.0 6458.0
25755.0 6457.0
25759.0 6454.0
25772.0 6452.0
25777.0 6449.0
25781.0 6447.0
25783.0 6446.0
25787.0 6443.0
25792.0 6442.0
25796.0 6439.0
25806.0 6438.0
25807.0 6436.0
25810.0 6435.0
25811.0 6433.0
25829.0 6432.0
25832.0 6430.0
25833.0 6429.0
25836.0 6428.0
25837.0 6426.0
25849.0 6422.0
25853.0 6419.0
25860.0 6416.0
25875.0 6414.0
25879.0 6409.0
25883.0 6406.0
25890.0 6403.0
25908.0 6401.0
25911.0 6400.0
25915.0 6397.0
25922.0 6394.0
25931.0 6391.0
25947.0 6389.0
25956.0 6386.0
25980.0 6384.0
25986.0 6383.0
25989.0 6381.0
25997.0 6380.0
26005.0 6379.0
26009.0 6377.0
26014.0 6376.0
26016.0 6374.0
26025.0 6373.0
26027.0 6372.0
26032.0 6370.0
26034.0 6369.0
26052.0 6368.0
26060.0 6367.0
26066.0 6363.0
26073.0 6360.0
26097.0 6359.0
26101.0 6357.0
26102.0 6356.0
26108.0 6354.0
26112.0 6353.0
26121.0 6351.0
26138.0 6350.0
26140.0 6347.0
26147.0 6346.0
26154.0 6343.0
26171.0 6342.0
26173.0 6341.0
26174.0 6340.0
26180.0 6338.0
26197.0 6336.0
26200.0 6335.0
26213.0 6333.0
26223.0 6331.0
26233.0 6330.0
26240.0 6329.0
26249.0 6328.0
26252.0 6327.0
26260.0 6326.0
26264.0 6325.0
26267.0 6323.0
26274.0 6319.0
26282.0 6317.0
26292.0 6314.0
26293.0 6311.0
26310.0 6310.0
26311.0 6306.0
26319.0 6304.0
26320.0 6302.0
26337.0 6299.0
26339.0 6294.0
26365.0 6287.0
26375.0 6286.0
26401.0 6279.0
26429.0 6277.0
26430.0 6275.0
26441.0 6272.0
26459.0 6267.0
26477.0 6264.0
26495.0 6259.0
26535.0 6257.0
26563.0 6254.0
26584.0 6251.0
26602.0 6246.0
26642.0 6244.0
26975.0 6242.0
