194.0 1250.0
195.0 1240.0
196.0 1218.0
197.0 1210.0
199.0 1190.0
201.0 1176.0
203.0 1171.0
204.0 1170.0
205.0 1169.0
206.0 1165.0
207.0 1162.0
208.0 1161.0
209.0 1157.0
210.0 1156.0
211.0 1154.0
212.0 1149.0
214.0 1144.0
215.0 1143.0
216.0 1140.0
217.0 1133.0
218.0 1129.0
219.0 1122.0
220.0 1116.0
221.0 1109.0
222.0 1105.0
223.0 1098.0
225.0 1091.0
227.0 1087.0
229.0 1083.0
231.0 1080.0
232.0 1076.0
233.0 1068.0
234.0 1063.0
235.0 1059.0
236.0 1056.0
237.0 1053.0
238.0 1048.0
239.0 1040.0
240.0 1036.0
241.0 1034.0
242.0 1033.0
243.0 1030.0
244.0 1026.0
246.0 1025.0
247.0 1021.0
248.0 1018.0
250.0 1015.0
251.0 1012.0
252.0 1010.0
253.0 1009.0
254.0 1005.0
257.0 1000.0
262.0 997.0
263.0 994.0
264.0 993.0
265.0 992.0
266.0 989.0
268.0 988.0
270.0 985.0
272.0 984.0
279.0 982.0
281.0 981.0
283.0 979.0
284.0 977.0
285.0 976.0
286.0 972.0
288.0 970.0
291.0 969.0
293.0 967.0
295.0 965.0
303.0 964.0
