15270.0 4018.0
15271.0 3998.0
15274.0 3990.0
15275.0 3970.0
15282.0 3963.0
15283.0 3952.0
15287.0 3950.0
15292.0 3947.0
15293.0 3932.0
15295.0 3926.0
15297.0 3925.0
15301.0 3906.0
15302.0 3900.0
15303.0 3890.0
15304.0 3884.0
15307.0 3872.0
15311.0 3867.0
15313.0 3851.0
15317.0 3848.0
15319.0 3829.0
15324.0 3820.0
15325.0 3819.0
15326.0 3814.0
15329.0 3812.0
15330.0 3811.0
15331.0 3810.0
15334.0 3803.0
15335.0 3791.0
15338.0 3787.0
15339.0 3786.0
15343.0 3784.0
15345.0 3774.0
15348.0 3770.0
15349.0 3766.0
15356.0 3759.0
15359.0 3749.0
15363.0 3744.0
15364.0 3743.0
15367.0 3742.0
15369.0 3735.0
15370.0 3734.0
15374.0 3723.0
15380.0 3714.0
15388.0 3707.0
15391.0 3705.0
15393.0 3703.0
15394.0 3697.0
15396.0 3696.0
15401.0 3691.0
15402.0 3688.0
15407.0 3675.0
15417.0 3672.0
15419.0 3670.0
15423.0 3668.0
15428.0 3662.0
15430.0 3657.0
15436.0 3655.0
15439.0 3654.0
15440.0 3651.0
15441.0 3649.0
15443.0 3646.0
15444.0 3636.0
15452.0 3635.0
15454.0 3633.0
15455.0 3628.0
15460.0 3627.0
15462.0 3625.0
15465.0 3619.0
15471.0 3608.0
15476.0 3606.0
15478.0 3599.0
15486.0 3598.0
15488.0 3593.0
15489.0 3591.0
15490.0 3588.0
15495.0 3585.0
15499.0 3582.0
15500.0 3578.0
15506.0 3575.0
15508.0 3571.0
15511.0 3570.0
15514.0 3550.0
15522.0 3549.0
15523.0 3547.0
15524.0 3544.0
15525.0 3542.0
15533.0 3541.0
15534.0 3539.0
15535.0 3533.0
15543.0 3531.0
15544.0 3530.0
15545.0 3527.0
15554.0 3523.0
15557.0 3520.0
15562.0 3519.0
15564.0 3514.0
15568.0 3512.0
15573.0 3511.0
15575.0 3510.0
15577.0 3502.0
15585.0 3501.0
15587.0 3499.0
15588.0 3494.0
15596.0 3493.0
15598.0 3485.0
15606.0 3484.0
15608.0 3482.0
15616.0 3474.0
15624.0 3473.0
15626.0 3471.0
15627.0 3466.0
15635.0 3465.0
15637.0 3457.0
15645.0 3456.0
15647.0 3454.0
15649.0 3448.0
15655.0 3447.0
15656.0 3445.0
15662.0 3444.0
15663.0 3439.0
15666.0 3438.0
15668.0 3437.0
15669.0 3431.0
15672.0 3427.0
15679.0 3424.0
15682.0 3421.0
15689.0 3420.0
15692.0 3412.0
15698.0 3411.0
15699.0 3409.0
15705.0 3406.0
15706.0 3403.0
15708.0 3400.0
15712.0 3395.0
15715.0 3391.0
15722.0 3386.0
15725.0 3385.0
15731.0 3379.0
15738.0 3376.0
15745.0 3369.0
15754.0 3364.0
15755.0 3363.0
15759.0 3362.0
15760.0 3359.0
15762.0 3354.0
15765.0 3353.0
15773.0 3351.0
15774.0 3350.0
15777.0 3349.0
15778.0 3347.0
15779.0 3344.0
15781.0 3341.0
15782.0 3338.0
15788.0 3329.0
15796.0 3328.0
15800.0 3325.0
15804.0 3322.0
15805.0 3319.0
15809.0 3317.0
15814.0 3314.0
15826.0 3313.0
15828.0 3312.0
15829.0 3311.0
15830.0 3310.0
15831.0 3307.0
15835.0 3305.0
15840.0 3302.0
15854.0 3301.0
15855.0 3300.0
15858.0 3299.0
15860.0 3296.0
15862.0 3295.0
15864.0 3294.0
15867.0 3293.0
15869.0 3291.0
15876.0 3288.0
15883.0 3286.0
15887.0 3285.0
15893.0 3283.0
15895.0 3280.0
15899.0 3278.0
15900.0 3277.0
15905.0 3276.0
15906.0 3275.0
15908.0 3273.0
15909.0 3272.0
15912.0 3270.0
15916.0 3268.0
15921.0 3265.0
15929.0 3263.0
15930.0 3260.0
15934.0 3258.0
15937.0 3257.0
15939.0 3255.0
15946.0 3253.0
15947.0 3252.0
15950.0 3250.0
15954.0 3248.0
15959.0 3245.0
15966.0 3244.0
15967.0 3243.0
15968.0 3240.0
15972.0 3238.0
15975.0 3237.0
15977.0 3235.0
15990.0 3230.0
16004.0 3224.0
16005.0 3223.0
16015.0 3222.0
16017.0 3221.0
16018.0 3220.0
16020.0 3219.0
16025.0 3218.0
16027.0 3216.0
16030.0 3215.0
16035.0 3214.0
16036.0 3207.0
16044.0 3206.0
16057.0 3203.0
16071.0 3202.0
16078.0 3201.0
16084.0 3200.0
16087.0 3198.0
16089.0 3197.0
16094.0 3196.0
16096.0 3194.0
16103.0 3193.0
16104.0 3192.0
16105.0 3185.0
16119.0 3184.0
16137.0 3182.0
16151.0 3181.0
16343.0 3180.0
16350.0 3178.0
16359.0 3176.0
16361.0 3173.0
16369.0 3168.0
16379.0 3164.0
16403.0 3162.0
16409.0 3160.0
16435.0 3158.0
16441.0 3156.0
16461.0 3152.0
16471.0 3148.0
16501.0 3147.0
16503.0 3146.0
16506.0 3145.0
16508.0 3144.0
16513.0 3142.0
