63.0 117.0
63.0 117.0
63.0 117.0
76.0 106.0
55.0 147.0
62.0 121.0
62.0 121.0
61.0 125.0
76.0 106.0
76.0 106.0
55.0 147.0
66.0 115.0
57.0 138.0
57.0 138.0
76.0 106.0
62.0 121.0
72.0 108.0
56.0 139.0
63.0 117.0
54.0 150.0
62.0 121.0
60.0 126.0
52.0 162.0
52.0 162.0
60.0 126.0
57.0 138.0
72.0 108.0
55.0 147.0
52.0 162.0
58.0 134.0
52.0 162.0
61.0 125.0
54.0 150.0
58.0 134.0
54.0 150.0
60.0 126.0
55.0 147.0
56.0 139.0
62.0 121.0
72.0 108.0
51.0 163.0
51.0 163.0
58.0 134.0
59.0 130.0
75.0 107.0
75.0 107.0
53.0 156.0
58.0 134.0
59.0 130.0
59.0 130.0
51.0 163.0
54.0 150.0
61.0 125.0
71.0 109.0
56.0 139.0
71.0 109.0
67.0 111.0
57.0 138.0
71.0 109.0
71.0 109.0
53.0 156.0
53.0 156.0
67.0 111.0
75.0 107.0
67.0 111.0
66.0 115.0
71.0 109.0
56.0 139.0
61.0 125.0
75.0 107.0
66.0 115.0
60.0 126.0
57.0 138.0
53.0 156.0
63.0 117.0
67.0 111.0
76.0 106.0
53.0 156.0
56.0 139.0
72.0 108.0
62.0 121.0
55.0 147.0
67.0 111.0
59.0 130.0
67.0 111.0
66.0 115.0
51.0 163.0
58.0 134.0
72.0 108.0
75.0 107.0
54.0 150.0
53.0 156.0
66.0 115.0
59.0 130.0
61.0 125.0
51.0 163.0
58.0 134.0
52.0 162.0
59.0 130.0
60.0 126.0
