390.0 654.0
410.0 550.0
408.0 551.0
399.0 584.0
408.0 551.0
397.0 592.0
406.0 562.0
412.0 548.0
406.0 562.0
418.0 546.0
418.0 546.0
418.0 546.0
396.0 598.0
418.0 546.0
392.0 638.0
396.0 598.0
396.0 598.0
404.0 565.0
396.0 598.0
418.0 546.0
404.0 565.0
395.0 600.0
412.0 548.0
418.0 546.0
418.0 546.0
395.0 600.0
395.0 600.0
395.0 600.0
412.0 548.0
403.0 569.0
403.0 569.0
412.0 548.0
399.0 584.0
404.0 565.0
404.0 565.0
406.0 562.0
418.0 546.0
396.0 598.0
404.0 565.0
395.0 600.0
401.0 578.0
412.0 548.0
404.0 565.0
401.0 578.0
395.0 600.0
418.0 546.0
404.0 565.0
401.0 578.0
401.0 578.0
401.0 578.0
396.0 598.0
403.0 569.0
401.0 578.0
418.0 546.0
403.0 569.0
396.0 598.0
401.0 578.0
418.0 546.0
408.0 551.0
395.0 600.0
393.0 613.0
403.0 569.0
404.0 565.0
412.0 548.0
396.0 598.0
412.0 548.0
403.0 569.0
412.0 548.0
395.0 600.0
403.0 569.0
399.0 584.0
401.0 578.0
395.0 600.0
403.0 569.0
396.0 598.0
412.0 548.0
401.0 578.0
401.0 578.0
403.0 569.0
411.0 549.0
406.0 562.0
404.0 565.0
395.0 600.0
395.0 600.0
397.0 592.0
403.0 569.0
401.0 578.0
399.0 584.0
404.0 565.0
396.0 598.0
418.0 546.0
401.0 578.0
393.0 613.0
396.0 598.0
398.0 590.0
403.0 569.0
412.0 548.0
404.0 565.0
412.0 548.0
403.0 569.0
