336.0 591.0
336.0 591.0
363.0 521.0
338.0 577.0
345.0 551.0
363.0 521.0
332.0 625.0
360.0 525.0
332.0 625.0
363.0 521.0
343.0 559.0
331.0 629.0
331.0 629.0
338.0 577.0
343.0 559.0
357.0 529.0
343.0 559.0
331.0 629.0
361.0 523.0
331.0 629.0
342.0 560.0
343.0 559.0
360.0 525.0
346.0 544.0
345.0 551.0
346.0 544.0
341.0 567.0
334.0 603.0
361.0 523.0
346.0 544.0
360.0 525.0
356.0 535.0
338.0 577.0
341.0 567.0
333.0 621.0
332.0 625.0
346.0 544.0
341.0 567.0
357.0 529.0
345.0 551.0
341.0 567.0
356.0 535.0
356.0 535.0
358.0 527.0
358.0 527.0
335.0 601.0
335.0 601.0
332.0 625.0
358.0 527.0
357.0 529.0
334.0 603.0
358.0 527.0
341.0 567.0
338.0 577.0
349.0 540.0
360.0 525.0
342.0 560.0
345.0 551.0
334.0 603.0
331.0 629.0
339.0 575.0
338.0 577.0
349.0 540.0
356.0 535.0
339.0 575.0
357.0 529.0
337.0 589.0
336.0 591.0
339.0 575.0
335.0 601.0
335.0 601.0
337.0 589.0
363.0 521.0
335.0 601.0
349.0 540.0
358.0 527.0
336.0 591.0
337.0 589.0
329.0 647.0
337.0 589.0
361.0 523.0
345.0 551.0
339.0 575.0
334.0 603.0
349.0 540.0
361.0 523.0
342.0 560.0
356.0 535.0
363.0 521.0
361.0 523.0
342.0 560.0
342.0 560.0
337.0 589.0
339.0 575.0
334.0 603.0
343.0 559.0
332.0 625.0
346.0 544.0
349.0 540.0
357.0 529.0
