55.0 1212.0
74.0 1037.0
57.0 1200.0
74.0 1037.0
66.0 1083.0
74.0 1037.0
56.0 1205.0
70.0 1067.0
72.0 1058.0
69.0 1074.0
78.0 1024.0
56.0 1205.0
79.0 1020.0
62.0 1118.0
71.0 1062.0
72.0 1058.0
57.0 1200.0
57.0 1200.0
79.0 1020.0
79.0 1020.0
58.0 1172.0
59.0 1157.0
57.0 1200.0
62.0 1118.0
56.0 1205.0
59.0 1157.0
57.0 1200.0
66.0 1083.0
63.0 1114.0
59.0 1157.0
55.0 1212.0
79.0 1020.0
56.0 1205.0
58.0 1172.0
83.0 1008.0
74.0 1037.0
70.0 1067.0
75.0 1030.0
63.0 1114.0
62.0 1118.0
71.0 1062.0
60.0 1140.0
61.0 1135.0
76.0 1026.0
80.0 1014.0
73.0 1045.0
61.0 1135.0
63.0 1114.0
62.0 1118.0
61.0 1135.0
64.0 1101.0
73.0 1045.0
75.0 1030.0
72.0 1058.0
76.0 1026.0
83.0 1008.0
78.0 1024.0
73.0 1045.0
83.0 1008.0
80.0 1014.0
74.0 1037.0
71.0 1062.0
68.0 1075.0
64.0 1101.0
60.0 1140.0
70.0 1067.0
78.0 1024.0
80.0 1014.0
69.0 1074.0
73.0 1045.0
76.0 1026.0
68.0 1075.0
70.0 1067.0
76.0 1026.0
80.0 1014.0
60.0 1140.0
61.0 1135.0
64.0 1101.0
55.0 1212.0
72.0 1058.0
68.0 1075.0
58.0 1172.0
60.0 1140.0
63.0 1114.0
64.0 1101.0
83.0 1008.0
58.0 1172.0
68.0 1075.0
59.0 1157.0
58.0 1172.0
78.0 1024.0
75.0 1030.0
75.0 1030.0
83.0 1008.0
71.0 1062.0
59.0 1157.0
61.0 1135.0
64.0 1101.0
80.0 1014.0
73.0 1045.0
