867.0 852.0
863.0 868.0
851.0 944.0
884.0 814.0
883.0 815.0
884.0 814.0
855.0 916.0
851.0 944.0
851.0 944.0
869.0 846.0
860.0 889.0
858.0 893.0
850.0 951.0
861.0 882.0
877.0 825.0
859.0 892.0
850.0 951.0
871.0 833.0
853.0 928.0
850.0 951.0
871.0 833.0
858.0 893.0
869.0 846.0
854.0 923.0
863.0 868.0
853.0 928.0
867.0 852.0
863.0 868.0
869.0 846.0
866.0 857.0
867.0 852.0
855.0 916.0
870.0 841.0
850.0 951.0
863.0 868.0
868.0 849.0
858.0 893.0
877.0 825.0
857.0 900.0
868.0 849.0
867.0 852.0
871.0 833.0
860.0 889.0
871.0 833.0
877.0 825.0
868.0 849.0
857.0 900.0
866.0 857.0
855.0 916.0
854.0 923.0
854.0 923.0
858.0 893.0
872.0 830.0
855.0 916.0
850.0 951.0
852.0 937.0
854.0 923.0
870.0 841.0
852.0 937.0
853.0 928.0
872.0 830.0
857.0 900.0
853.0 928.0
861.0 882.0
872.0 830.0
859.0 892.0
859.0 892.0
851.0 944.0
884.0 814.0
870.0 841.0
861.0 882.0
857.0 900.0
856.0 909.0
860.0 889.0
865.0 860.0
865.0 860.0
868.0 849.0
869.0 846.0
877.0 825.0
866.0 857.0
878.0 822.0
865.0 860.0
884.0 814.0
866.0 857.0
863.0 868.0
861.0 882.0
852.0 937.0
878.0 822.0
865.0 860.0
870.0 841.0
856.0 909.0
852.0 937.0
861.0 882.0
872.0 830.0
856.0 909.0
860.0 889.0
856.0 909.0
859.0 892.0
878.0 822.0
878.0 822.0
