1060.0 50.0
1060.0 50.0
1060.0 50.0
1060.0 50.0
1014.0 53.0
1014.0 53.0
1060.0 50.0
1130.0 48.0
1130.0 48.0
1130.0 48.0
934.0 77.0
944.0 71.0
990.0 59.0
996.0 58.0
934.0 77.0
926.0 80.0
990.0 59.0
1130.0 48.0
996.0 58.0
996.0 58.0
926.0 80.0
1014.0 53.0
990.0 59.0
934.0 77.0
926.0 80.0
934.0 77.0
1030.0 51.0
1014.0 53.0
996.0 58.0
1030.0 51.0
934.0 77.0
1060.0 50.0
960.0 63.0
1030.0 51.0
926.0 80.0
1030.0 51.0
990.0 59.0
988.0 61.0
944.0 71.0
956.0 64.0
1014.0 53.0
1060.0 50.0
988.0 61.0
1030.0 51.0
1130.0 48.0
960.0 63.0
960.0 63.0
926.0 80.0
990.0 59.0
988.0 61.0
990.0 59.0
944.0 71.0
960.0 63.0
988.0 61.0
988.0 61.0
1060.0 50.0
934.0 77.0
956.0 64.0
956.0 64.0
956.0 64.0
960.0 63.0
1014.0 53.0
956.0 64.0
1004.0 56.0
1004.0 56.0
1030.0 51.0
956.0 64.0
1006.0 54.0
1030.0 51.0
934.0 77.0
1014.0 53.0
1004.0 56.0
944.0 71.0
944.0 71.0
956.0 64.0
1004.0 56.0
996.0 58.0
1006.0 54.0
926.0 80.0
1130.0 48.0
990.0 59.0
1004.0 56.0
944.0 71.0
988.0 61.0
1006.0 54.0
1130.0 48.0
1006.0 54.0
996.0 58.0
1130.0 48.0
1004.0 56.0
926.0 80.0
996.0 58.0
988.0 61.0
1006.0 54.0
1006.0 54.0
1004.0 56.0
944.0 71.0
1006.0 54.0
960.0 63.0
960.0 63.0
