10421.0 1560.0
10421.0 1560.0
10228.0 1631.0
10027.0 1771.0
10128.0 1670.0
10435.0 1548.0
10271.0 1613.0
10128.0 1670.0
10212.0 1640.0
10515.0 1539.0
10296.0 1586.0
10296.0 1586.0
10104.0 1686.0
10426.0 1559.0
10104.0 1686.0
10032.0 1756.0
10123.0 1680.0
10279.0 1599.0
10435.0 1548.0
10222.0 1632.0
10088.0 1694.0
10474.0 1542.0
10053.0 1724.0
10523.0 1535.0
10515.0 1539.0
10484.0 1541.0
10088.0 1694.0
10317.0 1573.0
10221.0 1635.0
10036.0 1746.0
10035.0 1754.0
10035.0 1754.0
10523.0 1535.0
10044.0 1729.0
10040.0 1739.0
10119.0 1681.0
10255.0 1624.0
10076.0 1707.0
10236.0 1625.0
10177.0 1647.0
10076.0 1707.0
10119.0 1681.0
10426.0 1559.0
10474.0 1542.0
10144.0 1662.0
10027.0 1771.0
10484.0 1541.0
10097.0 1689.0
10307.0 1581.0
10236.0 1625.0
10168.0 1652.0
10255.0 1624.0
10356.0 1567.0
10289.0 1591.0
10177.0 1647.0
10279.0 1599.0
10356.0 1567.0
10289.0 1591.0
10040.0 1739.0
10125.0 1678.0
10234.0 1630.0
10137.0 1665.0
10168.0 1652.0
10264.0 1619.0
10137.0 1665.0
10264.0 1619.0
10262.0 1622.0
10127.0 1677.0
10317.0 1573.0
10095.0 1691.0
10363.0 1562.0
10112.0 1684.0
10213.0 1637.0
10083.0 1704.0
10219.0 1636.0
10324.0 1568.0
10363.0 1562.0
10271.0 1613.0
10039.0 1744.0
10031.0 1761.0
10065.0 1711.0
10203.0 1646.0
10052.0 1726.0
10234.0 1630.0
10207.0 1643.0
10031.0 1761.0
10228.0 1631.0
10203.0 1646.0
10207.0 1643.0
10085.0 1702.0
10036.0 1746.0
10307.0 1581.0
10112.0 1684.0
10044.0 1729.0
10144.0 1662.0
10065.0 1711.0
10056.0 1716.0
10116.0 1683.0
10056.0 1716.0
10324.0 1568.0
