15750.0 3501.0
15729.0 3527.0
15765.0 3483.0
15935.0 3343.0
15495.0 3785.0
15959.0 3323.0
15496.0 3727.0
16028.0 3305.0
15840.0 3413.0
15892.0 3376.0
15782.0 3469.0
15530.0 3665.0
15904.0 3371.0
15645.0 3572.0
15629.0 3581.0
15491.0 3788.0
15956.0 3324.0
15585.0 3610.0
15942.0 3337.0
15760.0 3489.0
15478.0 3901.0
15882.0 3378.0
15860.0 3397.0
15673.0 3557.0
15795.0 3462.0
15489.0 3793.0
15922.0 3346.0
15866.0 3381.0
16078.0 3286.0
16042.0 3292.0
15852.0 3400.0
15962.0 3318.0
15787.0 3463.0
15804.0 3453.0
15972.0 3316.0
15735.0 3516.0
15824.0 3442.0
15806.0 3452.0
16010.0 3306.0
15664.0 3562.0
15555.0 3645.0
15705.0 3538.0
15849.0 3412.0
15797.0 3457.0
15674.0 3552.0
15813.0 3448.0
15997.0 3310.0
15774.0 3478.0
15529.0 3684.0
15808.0 3451.0
15757.0 3496.0
15614.0 3586.0
15478.0 3901.0
16081.0 3284.0
15876.0 3380.0
15830.0 3437.0
15569.0 3615.0
15742.0 3511.0
15820.0 3445.0
15796.0 3458.0
15865.0 3395.0
15919.0 3351.0
15601.0 3597.0
15516.0 3695.0
15502.0 3719.0
15556.0 3626.0
15894.0 3373.0
15938.0 3338.0
15604.0 3596.0
15932.0 3344.0
15918.0 3353.0
15726.0 3530.0
15522.0 3687.0
15661.0 3563.0
16029.0 3296.0
16000.0 3308.0
15946.0 3326.0
16032.0 3294.0
15721.0 3537.0
15730.0 3522.0
15485.0 3796.0
15694.0 3542.0
15910.0 3356.0
15724.0 3532.0
15727.0 3529.0
15591.0 3607.0
15549.0 3646.0
15825.0 3441.0
15745.0 3510.0
15634.0 3576.0
15536.0 3657.0
15836.0 3435.0
15687.0 3549.0
15814.0 3447.0
15542.0 3656.0
15543.0 3654.0
15775.0 3477.0
15884.0 3377.0
15556.0 3626.0
15906.0 3358.0
