314.0 722.0
315.0 717.0
316.0 702.0
317.0 685.0
318.0 640.0
319.0 631.0
320.0 599.0
321.0 595.0
322.0 588.0
323.0 586.0
324.0 575.0
326.0 567.0
328.0 564.0
330.0 563.0
331.0 562.0
332.0 560.0
333.0 559.0
334.0 557.0
335.0 552.0
336.0 550.0
337.0 547.0
338.0 543.0
341.0 542.0
342.0 541.0
343.0 534.0
344.0 532.0
347.0 530.0
348.0 529.0
349.0 527.0
350.0 523.0
351.0 521.0
353.0 519.0
355.0 518.0
357.0 514.0
359.0 512.0
360.0 510.0
362.0 508.0
365.0 504.0
366.0 503.0
367.0 497.0
370.0 493.0
376.0 490.0
