99.0 1134.0
101.0 1108.0
102.0 1100.0
103.0 1099.0
104.0 1091.0
105.0 1064.0
106.0 1053.0
108.0 1039.0
109.0 1029.0
110.0 1019.0
111.0 1015.0
112.0 1005.0
114.0 997.0
116.0 991.0
118.0 978.0
119.0 975.0
120.0 958.0
122.0 944.0
125.0 940.0
126.0 938.0
128.0 936.0
129.0 928.0
130.0 926.0
131.0 914.0
132.0 913.0
133.0 912.0
134.0 907.0
136.0 901.0
138.0 898.0
139.0 892.0
141.0 886.0
143.0 883.0
145.0 878.0
147.0 875.0
149.0 870.0
151.0 867.0
153.0 865.0
155.0 860.0
157.0 857.0
159.0 854.0
161.0 851.0
163.0 847.0
166.0 845.0
167.0 841.0
