2598.0 653.0
2606.0 647.0
2622.0 643.0
2624.0 626.0
2632.0 620.0
2648.0 616.0
2660.0 597.0
2684.0 591.0
2708.0 588.0
2720.0 584.0
2732.0 582.0
2744.0 578.0
2766.0 572.0
2768.0 565.0
2792.0 564.0
2794.0 559.0
2800.0 553.0
2804.0 551.0
2810.0 549.0
2814.0 547.0
2830.0 542.0
2840.0 538.0
2844.0 536.0
2876.0 534.0
2884.0 533.0
2892.0 532.0
2894.0 529.0
2898.0 528.0
2904.0 526.0
2908.0 524.0
2924.0 518.0
2938.0 513.0
2988.0 512.0
3002.0 509.0
3006.0 507.0
3016.0 503.0
3044.0 501.0
3052.0 498.0
3078.0 490.0
3138.0 487.0
