9481.0 628.0
9482.0 612.0
9486.0 609.0
9487.0 604.0
9490.0 595.0
9507.0 594.0
9517.0 586.0
9524.0 584.0
9533.0 579.0
9536.0 570.0
9563.0 561.0
9570.0 559.0
9580.0 556.0
9585.0 554.0
9592.0 552.0
9597.0 551.0
9608.0 549.0
9611.0 548.0
9612.0 543.0
9618.0 540.0
9638.0 539.0
9642.0 532.0
9645.0 531.0
9651.0 528.0
9655.0 526.0
9661.0 523.0
9679.0 521.0
9682.0 520.0
9685.0 518.0
9696.0 517.0
9703.0 516.0
9706.0 512.0
9712.0 509.0
9744.0 508.0
9757.0 504.0
9780.0 503.0
9785.0 497.0
9821.0 496.0
10001.0 495.0
