7931.0 1297.0
7938.0 1267.0
7945.0 1260.0
7946.0 1249.0
7947.0 1241.0
7952.0 1237.0
7954.0 1233.0
7955.0 1225.0
7960.0 1221.0
7964.0 1218.0
7967.0 1211.0
7970.0 1206.0
7971.0 1205.0
7975.0 1202.0
7976.0 1201.0
7980.0 1198.0
7981.0 1190.0
7984.0 1183.0
7989.0 1179.0
7996.0 1176.0
8001.0 1172.0
8002.0 1170.0
8011.0 1168.0
8013.0 1167.0
8016.0 1147.0
8030.0 1143.0
8033.0 1136.0
8037.0 1125.0
8050.0 1120.0
8051.0 1107.0
8066.0 1099.0
8077.0 1094.0
8085.0 1093.0
8092.0 1091.0
8096.0 1088.0
8101.0 1081.0
8105.0 1080.0
8107.0 1079.0
8111.0 1078.0
8118.0 1077.0
8121.0 1075.0
8122.0 1072.0
8136.0 1063.0
8148.0 1062.0
8151.0 1060.0
8155.0 1059.0
8158.0 1055.0
8169.0 1052.0
8175.0 1043.0
8179.0 1039.0
8186.0 1034.0
8189.0 1033.0
8193.0 1022.0
8199.0 1021.0
8201.0 1018.0
8207.0 1017.0
8215.0 1006.0
8221.0 1005.0
8230.0 1004.0
8233.0 1003.0
8235.0 1001.0
8238.0 1000.0
8242.0 997.0
8248.0 996.0
8252.0 988.0
8258.0 987.0
8265.0 981.0
8270.0 977.0
8276.0 975.0
8288.0 974.0
8289.0 973.0
8292.0 969.0
8299.0 965.0
8306.0 961.0
8319.0 959.0
8326.0 955.0
8341.0 951.0
8350.0 950.0
8361.0 945.0
8390.0 941.0
8400.0 939.0
8440.0 938.0
8443.0 937.0
8455.0 936.0
8458.0 935.0
8460.0 932.0
8475.0 930.0
8521.0 929.0
8534.0 928.0
8540.0 925.0
8569.0 923.0
8583.0 920.0
8592.0 918.0
8598.0 915.0
8605.0 911.0
8623.0 907.0
8630.0 906.0
8649.0 905.0
8672.0 901.0
