19370.0 6101.0
19375.0 6100.0
19376.0 6088.0
19382.0 6082.0
19383.0 6081.0
19386.0 6073.0
19389.0 6068.0
19392.0 6060.0
19398.0 6054.0
19399.0 6053.0
19400.0 6052.0
19401.0 6039.0
19407.0 6026.0
19410.0 6021.0
19413.0 6020.0
19414.0 6019.0
19416.0 6008.0
19418.0 6005.0
19422.0 6002.0
19423.0 6001.0
19424.0 5992.0
19428.0 5990.0
19429.0 5988.0
19430.0 5983.0
19433.0 5982.0
19434.0 5981.0
19435.0 5971.0
19439.0 5969.0
19441.0 5958.0
19445.0 5956.0
19447.0 5952.0
19448.0 5951.0
19450.0 5908.0
19453.0 5896.0
19457.0 5885.0
19460.0 5882.0
19463.0 5870.0
19469.0 5869.0
19470.0 5857.0
19473.0 5845.0
19476.0 5753.0
19477.0 5751.0
19478.0 5722.0
19479.0 5720.0
19482.0 5714.0
19483.0 5697.0
19484.0 5695.0
19487.0 5689.0
19489.0 5673.0
19490.0 5671.0
19492.0 5670.0
19493.0 5665.0
19495.0 5649.0
19497.0 5647.0
19498.0 5645.0
19500.0 5644.0
19501.0 5639.0
19502.0 5626.0
19505.0 5623.0
19506.0 5619.0
19508.0 5618.0
19509.0 5608.0
19511.0 5607.0
19512.0 5601.0
19513.0 5596.0
19515.0 5595.0
19516.0 5589.0
19518.0 5587.0
19519.0 5583.0
19521.0 5577.0
19522.0 5576.0
19523.0 5571.0
19525.0 5570.0
19526.0 5564.0
19528.0 5562.0
19531.0 5552.0
19534.0 5551.0
19535.0 5550.0
19537.0 5543.0
19540.0 5538.0
19544.0 5526.0
19550.0 5521.0
19551.0 5514.0
19557.0 5509.0
19563.0 5506.0
19564.0 5505.0
19567.0 5497.0
19569.0 5493.0
19570.0 5492.0
19573.0 5481.0
19574.0 5480.0
19578.0 5478.0
19580.0 5475.0
19581.0 5468.0
19585.0 5465.0
19587.0 5463.0
19589.0 5459.0
19590.0 5456.0
19597.0 5452.0
19598.0 5451.0
19599.0 5448.0
19606.0 5444.0
19609.0 5443.0
19612.0 5438.0
19613.0 5435.0
19614.0 5434.0
19615.0 5431.0
19621.0 5430.0
19622.0 5424.0
19623.0 5421.0
19626.0 5418.0
19631.0 5416.0
19632.0 5411.0
19635.0 5410.0
19636.0 5409.0
19639.0 5406.0
19640.0 5404.0
19641.0 5403.0
19643.0 5401.0
19644.0 5400.0
19645.0 5398.0
19648.0 5395.0
19649.0 5386.0
19650.0 5383.0
19653.0 5380.0
19658.0 5378.0
19659.0 5373.0
19662.0 5372.0
19667.0 5370.0
19668.0 5365.0
19674.0 5364.0
19676.0 5361.0
19677.0 5358.0
19679.0 5352.0
19680.0 5349.0
19683.0 5346.0
19688.0 5341.0
19689.0 5339.0
19692.0 5335.0
19697.0 5333.0
19698.0 5331.0
19701.0 5327.0
19703.0 5326.0
19706.0 5323.0
19707.0 5320.0
19708.0 5317.0
19711.0 5314.0
19716.0 5312.0
19717.0 5307.0
19720.0 5306.0
19722.0 5301.0
19726.0 5299.0
19731.0 5293.0
19733.0 5292.0
19736.0 5289.0
19737.0 5286.0
19738.0 5283.0
19741.0 5280.0
19746.0 5278.0
19747.0 5273.0
19750.0 5272.0
19753.0 5271.0
19755.0 5270.0
19756.0 5265.0
19758.0 5261.0
19763.0 5252.0
19767.0 5251.0
19770.0 5250.0
19771.0 5245.0
19772.0 5242.0
19775.0 5241.0
19776.0 5236.0
19780.0 5235.0
19781.0 5232.0
19785.0 5226.0
19790.0 5224.0
19793.0 5220.0
19794.0 5218.0
19799.0 5217.0
19802.0 5212.0
19803.0 5211.0
19805.0 5209.0
19808.0 5207.0
19811.0 5202.0
19812.0 5201.0
19818.0 5200.0
19820.0 5194.0
19823.0 5191.0
19830.0 5189.0
19832.0 5183.0
19838.0 5177.0
19841.0 5176.0
19844.0 5173.0
19850.0 5166.0
19853.0 5165.0
19859.0 5159.0
19866.0 5157.0
19867.0 5154.0
19871.0 5148.0
19878.0 5147.0
19879.0 5143.0
19887.0 5140.0
19888.0 5136.0
19899.0 5129.0
19900.0 5125.0
19917.0 5123.0
19921.0 5119.0
19930.0 5116.0
19933.0 5114.0
19935.0 5112.0
19938.0 5110.0
19945.0 5108.0
19946.0 5107.0
19947.0 5105.0
19948.0 5101.0
19950.0 5099.0
19958.0 5096.0
19960.0 5094.0
19971.0 5093.0
19973.0 5092.0
19974.0 5091.0
19975.0 5087.0
19982.0 5082.0
19986.0 5080.0
19987.0 5076.0
19994.0 5071.0
20004.0 5066.0
20020.0 5063.0
20021.0 5061.0
20028.0 5057.0
20030.0 5055.0
20039.0 5050.0
20043.0 5049.0
20050.0 5044.0
20060.0 5039.0
20067.0 5032.0
20069.0 5030.0
20074.0 5027.0
20089.0 5025.0
20094.0 5022.0
20099.0 5018.0
20101.0 5016.0
20106.0 5013.0
20124.0 5010.0
20132.0 5009.0
20138.0 5001.0
20149.0 5000.0
20152.0 4994.0
20167.0 4993.0
20170.0 4992.0
20177.0 4985.0
20182.0 4982.0
20186.0 4978.0
20191.0 4969.0
20218.0 4968.0
20253.0 4967.0
20257.0 4961.0
20263.0 4959.0
20274.0 4956.0
20277.0 4953.0
20283.0 4951.0
20290.0 4947.0
20296.0 4945.0
20302.0 4944.0
20307.0 4942.0
20313.0 4940.0
20314.0 4939.0
20317.0 4938.0
20323.0 4936.0
20327.0 4933.0
20330.0 4932.0
20334.0 4931.0
20336.0 4930.0
20342.0 4929.0
20343.0 4928.0
20348.0 4927.0
20358.0 4924.0
20359.0 4922.0
20362.0 4921.0
20368.0 4919.0
20372.0 4918.0
20374.0 4916.0
20376.0 4915.0
20384.0 4912.0
20389.0 4909.0
20390.0 4908.0
20392.0 4907.0
20398.0 4904.0
20400.0 4903.0
20403.0 4901.0
20404.0 4900.0
20408.0 4898.0
20411.0 4897.0
20412.0 4895.0
20419.0 4893.0
20420.0 4892.0
20425.0 4889.0
20428.0 4887.0
20434.0 4884.0
20439.0 4881.0
20447.0 4880.0
20448.0 4878.0
20450.0 4876.0
20455.0 4873.0
20461.0 4872.0
20470.0 4867.0
20475.0 4864.0
20497.0 4858.0
20508.0 4855.0
20523.0 4854.0
20531.0 4851.0
20541.0 4850.0
20542.0 4848.0
20549.0 4847.0
20554.0 4846.0
20559.0 4845.0
20560.0 4844.0
20561.0 4842.0
20562.0 4841.0
20563.0 4839.0
20588.0 4836.0
20591.0 4835.0
20596.0 4834.0
20597.0 4832.0
20607.0 4831.0
20609.0 4830.0
20613.0 4829.0
20619.0 4828.0
20625.0 4826.0
20641.0 4825.0
20642.0 4823.0
20643.0 4822.0
20644.0 4820.0
20656.0 4819.0
20675.0 4818.0
20676.0 4816.0
20677.0 4815.0
20678.0 4813.0
20688.0 4812.0
20690.0 4811.0
20694.0 4810.0
20700.0 4809.0
20706.0 4807.0
20718.0 4806.0
20743.0 4805.0
20748.0 4804.0
20751.0 4803.0
20759.0 4802.0
20762.0 4800.0
20765.0 4799.0
20766.0 4796.0
20769.0 4795.0
20775.0 4794.0
20780.0 4793.0
20783.0 4792.0
20786.0 4790.0
20789.0 4789.0
20790.0 4787.0
20793.0 4786.0
20796.0 4785.0
20799.0 4784.0
20809.0 4783.0
20813.0 4780.0
20814.0 4777.0
20817.0 4776.0
20832.0 4773.0
20839.0 4772.0
20852.0 4771.0
20854.0 4768.0
20857.0 4767.0
20862.0 4766.0
20867.0 4765.0
20870.0 4764.0
20873.0 4761.0
20884.0 4759.0
20885.0 4758.0
20888.0 4757.0
20891.0 4756.0
20894.0 4754.0
20897.0 4753.0
20903.0 4750.0
20906.0 4749.0
20909.0 4748.0
20912.0 4747.0
20927.0 4746.0
20930.0 4745.0
20937.0 4744.0
20943.0 4741.0
20946.0 4740.0
20949.0 4739.0
20952.0 4738.0
20962.0 4737.0
20970.0 4735.0
20985.0 4734.0
20988.0 4733.0
20998.0 4732.0
21000.0 4728.0
21016.0 4724.0
21029.0 4722.0
21045.0 4721.0
21051.0 4720.0
21066.0 4718.0
21080.0 4716.0
21097.0 4713.0
21102.0 4711.0
21105.0 4707.0
21126.0 4701.0
21151.0 4700.0
21154.0 4696.0
21172.0 4694.0
21184.0 4693.0
21191.0 4692.0
21200.0 4689.0
21212.0 4688.0
21322.0 4685.0
21350.0 4684.0
21355.0 4683.0
21368.0 4681.0
21371.0 4679.0
21385.0 4678.0
21388.0 4677.0
21395.0 4675.0
21397.0 4673.0
21410.0 4671.0
21424.0 4670.0
21428.0 4669.0
21430.0 4667.0
21439.0 4665.0
21441.0 4663.0
21454.0 4661.0
21472.0 4659.0
21489.0 4658.0
21507.0 4656.0
21524.0 4655.0
21558.0 4654.0
