29725.0 11426.0
29727.0 11417.0
29729.0 11415.0
29730.0 11410.0
29732.0 11405.0
29733.0 11403.0
29734.0 11396.0
29736.0 11394.0
29738.0 11383.0
29740.0 11381.0
29741.0 11376.0
29742.0 11375.0
29743.0 11374.0
29744.0 11358.0
29749.0 11348.0
29750.0 11344.0
29752.0 11337.0
29755.0 11324.0
29758.0 11323.0
29761.0 11310.0
29764.0 11309.0
29766.0 11300.0
29767.0 11296.0
29770.0 11295.0
29772.0 11286.0
29773.0 11274.0
29774.0 11263.0
29776.0 11256.0
29780.0 11245.0
29782.0 11238.0
29784.0 11227.0
29786.0 11220.0
29790.0 11194.0
29792.0 11186.0
29795.0 11180.0
29797.0 11172.0
29801.0 11165.0
29802.0 11160.0
29804.0 11152.0
29806.0 11151.0
29809.0 11145.0
29811.0 11139.0
29813.0 11131.0
29817.0 11126.0
29819.0 11121.0
29820.0 11120.0
29821.0 11119.0
29822.0 11114.0
29824.0 11106.0
29826.0 11105.0
29828.0 11100.0
29829.0 11099.0
29830.0 11098.0
29831.0 11093.0
29833.0 11085.0
29836.0 11084.0
29837.0 11083.0
29838.0 11081.0
29839.0 11075.0
29841.0 11073.0
29844.0 11066.0
29845.0 11061.0
29847.0 11060.0
29848.0 11054.0
29850.0 11052.0
29853.0 11047.0
29854.0 11040.0
29859.0 11035.0
29864.0 11032.0
29865.0 11021.0
29873.0 11013.0
29877.0 11012.0
29878.0 11009.0
29880.0 11005.0
29885.0 11003.0
29886.0 11001.0
29888.0 10996.0
29890.0 10994.0
29892.0 10991.0
29894.0 10982.0
29899.0 10977.0
29902.0 10974.0
29905.0 10963.0
29913.0 10955.0
29917.0 10954.0
29918.0 10951.0
29920.0 10947.0
29925.0 10946.0
29926.0 10943.0
29928.0 10939.0
29932.0 10933.0
29934.0 10930.0
29937.0 10928.0
29938.0 10927.0
29941.0 10926.0
29944.0 10924.0
29945.0 10921.0
29946.0 10919.0
29947.0 10917.0
29949.0 10914.0
29952.0 10912.0
29959.0 10911.0
29960.0 10906.0
29962.0 10902.0
29964.0 10899.0
29965.0 10897.0
29967.0 10894.0
29970.0 10892.0
29972.0 10891.0
29977.0 10886.0
29980.0 10882.0
29985.0 10879.0
29988.0 10877.0
29989.0 10875.0
29993.0 10873.0
29996.0 10871.0
29997.0 10867.0
30000.0 10864.0
30001.0 10862.0
30003.0 10859.0
30006.0 10857.0
30008.0 10856.0
30013.0 10851.0
30016.0 10847.0
30021.0 10844.0
30025.0 10840.0
30029.0 10838.0
30033.0 10832.0
30037.0 10829.0
30041.0 10828.0
30043.0 10820.0
30047.0 10818.0
30050.0 10813.0
30053.0 10810.0
30055.0 10809.0
30057.0 10805.0
30060.0 10803.0
30061.0 10800.0
30063.0 10796.0
30065.0 10795.0
30067.0 10794.0
30070.0 10789.0
30073.0 10788.0
30074.0 10787.0
30075.0 10781.0
30081.0 10776.0
30082.0 10774.0
30085.0 10773.0
30090.0 10771.0
30091.0 10768.0
30092.0 10766.0
30093.0 10760.0
30100.0 10753.0
30103.0 10752.0
30108.0 10750.0
30109.0 10747.0
30110.0 10745.0
30111.0 10740.0
30115.0 10738.0
30116.0 10736.0
30118.0 10734.0
30119.0 10731.0
30120.0 10729.0
30124.0 10727.0
30125.0 10724.0
30126.0 10722.0
30130.0 10720.0
30132.0 10717.0
30133.0 10715.0
30136.0 10712.0
30137.0 10710.0
30139.0 10708.0
30141.0 10707.0
30143.0 10704.0
30144.0 10702.0
30146.0 10700.0
30147.0 10698.0
30149.0 10696.0
30151.0 10695.0
30152.0 10693.0
30154.0 10691.0
30155.0 10689.0
30157.0 10688.0
30158.0 10686.0
30160.0 10684.0
30162.0 10682.0
30164.0 10681.0
30165.0 10678.0
30167.0 10676.0
30168.0 10675.0
30170.0 10672.0
30172.0 10671.0
30173.0 10669.0
30174.0 10667.0
30176.0 10665.0
30178.0 10663.0
30179.0 10662.0
30181.0 10660.0
30183.0 10658.0
30184.0 10657.0
30185.0 10656.0
30186.0 10652.0
30189.0 10651.0
30191.0 10649.0
30192.0 10647.0
30193.0 10645.0
30196.0 10641.0
30198.0 10636.0
30202.0 10624.0
30207.0 10619.0
30209.0 10617.0
30212.0 10614.0
30214.0 10612.0
30217.0 10608.0
30220.0 10604.0
30224.0 10601.0
30225.0 10598.0
30230.0 10597.0
30232.0 10591.0
30235.0 10588.0
30240.0 10587.0
30242.0 10585.0
30243.0 10578.0
30248.0 10577.0
30253.0 10576.0
30254.0 10575.0
30255.0 10572.0
30256.0 10570.0
30258.0 10569.0
30259.0 10568.0
30263.0 10562.0
30268.0 10561.0
30272.0 10560.0
30274.0 10559.0
30276.0 10554.0
30278.0 10553.0
30283.0 10552.0
30284.0 10549.0
30287.0 10546.0
30288.0 10545.0
30293.0 10544.0
30297.0 10541.0
30299.0 10540.0
30300.0 10538.0
30301.0 10537.0
30303.0 10536.0
30304.0 10535.0
30307.0 10530.0
30308.0 10529.0
30313.0 10528.0
30317.0 10527.0
30319.0 10526.0
30320.0 10522.0
30321.0 10521.0
30323.0 10520.0
30328.0 10519.0
30329.0 10516.0
30332.0 10513.0
30336.0 10512.0
30341.0 10511.0
30342.0 10508.0
30344.0 10507.0
30345.0 10505.0
30348.0 10503.0
30352.0 10497.0
30357.0 10496.0
30361.0 10495.0
30365.0 10489.0
30370.0 10488.0
30378.0 10482.0
30383.0 10481.0
30392.0 10480.0
30394.0 10477.0
30398.0 10476.0
30401.0 10473.0
30406.0 10472.0
30407.0 10469.0
30412.0 10468.0
30414.0 10465.0
30419.0 10464.0
30420.0 10462.0
30425.0 10461.0
30427.0 10458.0
30432.0 10457.0
30441.0 10456.0
30443.0 10453.0
30447.0 10452.0
30449.0 10451.0
30452.0 10448.0
30456.0 10445.0
30461.0 10444.0
30465.0 10440.0
30469.0 10438.0
30474.0 10437.0
30478.0 10433.0
30483.0 10432.0
30488.0 10431.0
30494.0 10429.0
30496.0 10425.0
30501.0 10424.0
30508.0 10421.0
30513.0 10418.0
30517.0 10416.0
30519.0 10414.0
30524.0 10413.0
30531.0 10412.0
30535.0 10411.0
30537.0 10409.0
30538.0 10408.0
30542.0 10407.0
30543.0 10402.0
30545.0 10399.0
30546.0 10389.0
30551.0 10387.0
30552.0 10379.0
30559.0 10378.0
30565.0 10370.0
30575.0 10362.0
30578.0 10361.0
30582.0 10357.0
30587.0 10346.0
30594.0 10341.0
30596.0 10339.0
30603.0 10332.0
30611.0 10331.0
30612.0 10325.0
30616.0 10323.0
30620.0 10312.0
30628.0 10311.0
30629.0 10308.0
30632.0 10303.0
30635.0 10301.0
30639.0 10298.0
30641.0 10296.0
30642.0 10294.0
30643.0 10293.0
30644.0 10292.0
30645.0 10289.0
30651.0 10288.0
30653.0 10280.0
30658.0 10279.0
30659.0 10271.0
30668.0 10270.0
30674.0 10266.0
30676.0 10258.0
30679.0 10256.0
30686.0 10254.0
30690.0 10253.0
30693.0 10250.0
30696.0 10248.0
30697.0 10244.0
30701.0 10241.0
30710.0 10240.0
30714.0 10236.0
30718.0 10233.0
30722.0 10231.0
30731.0 10230.0
30732.0 10228.0
30736.0 10227.0
30737.0 10223.0
30746.0 10220.0
30748.0 10218.0
30754.0 10215.0
30758.0 10213.0
30763.0 10211.0
30765.0 10210.0
30767.0 10208.0
30771.0 10205.0
30773.0 10202.0
30779.0 10201.0
30780.0 10197.0
30784.0 10193.0
30785.0 10192.0
30790.0 10191.0
30794.0 10190.0
30795.0 10184.0
30802.0 10181.0
30810.0 10179.0
30812.0 10176.0
30813.0 10175.0
30816.0 10174.0
30818.0 10171.0
30828.0 10170.0
30831.0 10166.0
30834.0 10164.0
30835.0 10163.0
30836.0 10162.0
30839.0 10161.0
30844.0 10160.0
30846.0 10157.0
30851.0 10156.0
30854.0 10153.0
30857.0 10151.0
30859.0 10149.0
30864.0 10148.0
30866.0 10146.0
30869.0 10144.0
30873.0 10141.0
30877.0 10137.0
30881.0 10136.0
30884.0 10134.0
30886.0 10132.0
30891.0 10129.0
30894.0 10127.0
30898.0 10126.0
30899.0 10124.0
30900.0 10122.0
30902.0 10119.0
30906.0 10114.0
30912.0 10112.0
30914.0 10111.0
30918.0 10104.0
30920.0 10103.0
30924.0 10102.0
30926.0 10098.0
30930.0 10095.0
30932.0 10090.0
30938.0 10088.0
30940.0 10086.0
30944.0 10080.0
30950.0 10078.0
30952.0 10075.0
30955.0 10074.0
30956.0 10072.0
30958.0 10067.0
30964.0 10065.0
30966.0 10063.0
30970.0 10057.0
30972.0 10056.0
30976.0 10055.0
30978.0 10053.0
30980.0 10052.0
30981.0 10051.0
30984.0 10046.0
30988.0 10045.0
30990.0 10044.0
30992.0 10042.0
30993.0 10041.0
30995.0 10040.0
30998.0 10038.0
31002.0 10034.0
31005.0 10033.0
31007.0 10030.0
31011.0 10029.0
31013.0 10028.0
31016.0 10023.0
31019.0 10022.0
31022.0 10021.0
31025.0 10018.0
31028.0 10013.0
31030.0 10012.0
31034.0 10011.0
31037.0 10010.0
31040.0 10009.0
31042.0 10002.0
31046.0 10001.0
31048.0 10000.0
31053.0 9999.0
31056.0 9994.0
31060.0 9990.0
31065.0 9989.0
31069.0 9988.0
31071.0 9987.0
31074.0 9982.0
31079.0 9981.0
31081.0 9980.0
31083.0 9977.0
31088.0 9975.0
31092.0 9971.0
31097.0 9969.0
31102.0 9968.0
31104.0 9967.0
31106.0 9963.0
31111.0 9962.0
31113.0 9961.0
31115.0 9958.0
31120.0 9957.0
31126.0 9956.0
31127.0 9953.0
31129.0 9950.0
31131.0 9949.0
31136.0 9948.0
31138.0 9947.0
31139.0 9942.0
31145.0 9938.0
31149.0 9937.0
31151.0 9935.0
31153.0 9931.0
31158.0 9930.0
31163.0 9926.0
31165.0 9924.0
31170.0 9923.0
31174.0 9921.0
31177.0 9919.0
31181.0 9918.0
31184.0 9916.0
31186.0 9914.0
31191.0 9913.0
31195.0 9907.0
31200.0 9906.0
31206.0 9905.0
31209.0 9903.0
31212.0 9901.0
31216.0 9897.0
31221.0 9896.0
31222.0 9895.0
31227.0 9893.0
31232.0 9892.0
31233.0 9891.0
31236.0 9889.0
31238.0 9888.0
31242.0 9884.0
31247.0 9883.0
31250.0 9880.0
31255.0 9879.0
31261.0 9878.0
31263.0 9874.0
31268.0 9873.0
31269.0 9872.0
31271.0 9870.0
31276.0 9869.0
31283.0 9866.0
31285.0 9865.0
31293.0 9861.0
31297.0 9857.0
31302.0 9856.0
31311.0 9853.0
31318.0 9847.0
31339.0 9843.0
31344.0 9842.0
31349.0 9839.0
31353.0 9836.0
31358.0 9835.0
31362.0 9834.0
31367.0 9832.0
31372.0 9830.0
31375.0 9829.0
31376.0 9827.0
31385.0 9826.0
31389.0 9825.0
31390.0 9823.0
31398.0 9820.0
31401.0 9817.0
31406.0 9816.0
31412.0 9815.0
31415.0 9813.0
31420.0 9812.0
31424.0 9808.0
31430.0 9807.0
31438.0 9804.0
31444.0 9803.0
31450.0 9801.0
31456.0 9800.0
31464.0 9797.0
31470.0 9796.0
31480.0 9795.0
31482.0 9793.0
31488.0 9792.0
31494.0 9790.0
31500.0 9789.0
31508.0 9786.0
31514.0 9785.0
31524.0 9784.0
31533.0 9781.0
31539.0 9780.0
31547.0 9777.0
31553.0 9776.0
31559.0 9774.0
31565.0 9773.0
31573.0 9770.0
31579.0 9769.0
31589.0 9768.0
31603.0 9767.0
31619.0 9766.0
31654.0 9764.0
31655.0 9763.0
31661.0 9761.0
31667.0 9760.0
31669.0 9759.0
31672.0 9756.0
31678.0 9755.0
31682.0 9754.0
31684.0 9751.0
31685.0 9750.0
31691.0 9749.0
31698.0 9747.0
31699.0 9746.0
31702.0 9743.0
31708.0 9742.0
31712.0 9741.0
31716.0 9739.0
31722.0 9738.0
31726.0 9737.0
31732.0 9736.0
31736.0 9735.0
31742.0 9734.0
31749.0 9733.0
31753.0 9732.0
31754.0 9731.0
31764.0 9729.0
31774.0 9727.0
31781.0 9726.0
31788.0 9725.0
31791.0 9724.0
31792.0 9723.0
31798.0 9722.0
31802.0 9721.0
31808.0 9720.0
31816.0 9719.0
31819.0 9718.0
31825.0 9717.0
31830.0 9715.0
31840.0 9713.0
31855.0 9712.0
31856.0 9711.0
31857.0 9710.0
31866.0 9709.0
31870.0 9707.0
31880.0 9705.0
31895.0 9704.0
31897.0 9702.0
31910.0 9700.0
31920.0 9699.0
31921.0 9698.0
31922.0 9697.0
31924.0 9696.0
31932.0 9695.0
31936.0 9693.0
31946.0 9691.0
31961.0 9690.0
31963.0 9688.0
31981.0 9686.0
31988.0 9685.0
31991.0 9684.0
32006.0 9683.0
32008.0 9681.0
32026.0 9680.0
32033.0 9678.0
32051.0 9677.0
32076.0 9676.0
32086.0 9675.0
32090.0 9672.0
32095.0 9670.0
32102.0 9667.0
32108.0 9665.0
32113.0 9663.0
32120.0 9660.0
32127.0 9659.0
32132.0 9657.0
32135.0 9656.0
32139.0 9654.0
32147.0 9653.0
32151.0 9652.0
32154.0 9650.0
32158.0 9649.0
32166.0 9648.0
32173.0 9645.0
32183.0 9644.0
32190.0 9643.0
32194.0 9640.0
32199.0 9638.0
32206.0 9635.0
32213.0 9634.0
32218.0 9632.0
32221.0 9631.0
32225.0 9629.0
32233.0 9628.0
32240.0 9625.0
32263.0 9624.0
32265.0 9623.0
32266.0 9622.0
32278.0 9620.0
32280.0 9619.0
32289.0 9617.0
32296.0 9616.0
32301.0 9614.0
32304.0 9613.0
32308.0 9611.0
32316.0 9610.0
32323.0 9607.0
32349.0 9604.0
32394.0 9602.0
32420.0 9599.0
