7942.0 1324.0
7943.0 1283.0
7947.0 1267.0
7948.0 1253.0
7952.0 1237.0
7960.0 1223.0
7965.0 1219.0
7970.0 1211.0
7976.0 1204.0
7978.0 1203.0
7987.0 1198.0
7989.0 1192.0
7994.0 1187.0
7998.0 1185.0
8003.0 1180.0
8005.0 1178.0
8016.0 1175.0
8018.0 1171.0
8019.0 1168.0
8022.0 1167.0
8024.0 1166.0
8026.0 1163.0
8028.0 1160.0
8029.0 1159.0
8032.0 1149.0
8041.0 1144.0
8044.0 1142.0
8046.0 1141.0
8053.0 1137.0
8058.0 1134.0
8063.0 1133.0
8066.0 1130.0
8068.0 1127.0
8070.0 1115.0
8072.0 1112.0
8081.0 1105.0
8083.0 1102.0
8090.0 1099.0
8092.0 1097.0
8094.0 1094.0
8100.0 1093.0
8101.0 1089.0
8102.0 1087.0
8104.0 1085.0
8105.0 1084.0
8110.0 1080.0
8113.0 1077.0
8115.0 1075.0
8117.0 1073.0
8121.0 1070.0
8123.0 1064.0
8128.0 1063.0
8134.0 1054.0
8147.0 1048.0
8150.0 1045.0
8158.0 1038.0
8166.0 1036.0
8169.0 1033.0
8170.0 1030.0
8177.0 1028.0
8180.0 1023.0
8181.0 1022.0
8186.0 1021.0
8188.0 1018.0
8191.0 1015.0
8192.0 1012.0
8202.0 1005.0
8208.0 1003.0
8213.0 1001.0
8219.0 999.0
8236.0 998.0
8242.0 996.0
8248.0 994.0
8255.0 991.0
8258.0 989.0
8262.0 988.0
8265.0 986.0
8274.0 984.0
8278.0 983.0
8279.0 980.0
8282.0 978.0
8286.0 977.0
8289.0 975.0
8298.0 973.0
8308.0 971.0
8311.0 970.0
8312.0 969.0
8320.0 968.0
8321.0 967.0
8325.0 965.0
8327.0 961.0
8335.0 957.0
8353.0 955.0
8354.0 954.0
8359.0 952.0
8366.0 948.0
8376.0 947.0
8378.0 945.0
8388.0 937.0
8404.0 932.0
8415.0 931.0
8421.0 928.0
8441.0 920.0
8482.0 914.0
8520.0 912.0
8555.0 910.0
8610.0 908.0
8625.0 907.0
8640.0 905.0
