12936.0 3359.0
12937.0 3347.0
12939.0 3328.0
12940.0 3316.0
12945.0 3298.0
12946.0 3296.0
12947.0 3294.0
12948.0 3282.0
12951.0 3278.0
12953.0 3264.0
12959.0 3251.0
12961.0 3245.0
12964.0 3244.0
12965.0 3238.0
12966.0 3230.0
12971.0 3225.0
12972.0 3217.0
12974.0 3216.0
12977.0 3212.0
12978.0 3204.0
12980.0 3203.0
12983.0 3199.0
12984.0 3191.0
12990.0 3189.0
12991.0 3183.0
12993.0 3181.0
12998.0 3176.0
13001.0 3175.0
13003.0 3171.0
13004.0 3163.0
13010.0 3161.0
13011.0 3155.0
13013.0 3153.0
13016.0 3151.0
13017.0 3150.0
13020.0 3148.0
13021.0 3147.0
13023.0 3140.0
13029.0 3138.0
13030.0 3133.0
13032.0 3132.0
13035.0 3131.0
13036.0 3123.0
13037.0 3122.0
13043.0 3112.0
13049.0 3110.0
13052.0 3106.0
13054.0 3104.0
13055.0 3103.0
13058.0 3099.0
13061.0 3096.0
13064.0 3089.0
13067.0 3086.0
13074.0 3084.0
13077.0 3081.0
13079.0 3079.0
13080.0 3074.0
13083.0 3071.0
13089.0 3064.0
13092.0 3061.0
13101.0 3059.0
13106.0 3057.0
13107.0 3056.0
13109.0 3055.0
13111.0 3052.0
13112.0 3050.0
13114.0 3049.0
13117.0 3047.0
13119.0 3046.0
13123.0 3040.0
13125.0 3036.0
13130.0 3034.0
13135.0 3031.0
13139.0 3024.0
13141.0 3021.0
13147.0 3019.0
13150.0 3011.0
13156.0 3009.0
13165.0 3006.0
13167.0 3004.0
13173.0 3000.0
13175.0 2997.0
13181.0 2995.0
13182.0 2992.0
13184.0 2987.0
13190.0 2985.0
13194.0 2978.0
13204.0 2973.0
13206.0 2972.0
13215.0 2971.0
13216.0 2964.0
13226.0 2959.0
13236.0 2956.0
13239.0 2952.0
13240.0 2948.0
13249.0 2947.0
13250.0 2943.0
13259.0 2942.0
13260.0 2941.0
13261.0 2939.0
13264.0 2935.0
13270.0 2933.0
13271.0 2931.0
13273.0 2929.0
13275.0 2928.0
13276.0 2926.0
13278.0 2924.0
13281.0 2923.0
13284.0 2918.0
13289.0 2917.0
13290.0 2915.0
13294.0 2913.0
13299.0 2911.0
13302.0 2908.0
13303.0 2903.0
13306.0 2902.0
13313.0 2900.0
13316.0 2897.0
13317.0 2892.0
13320.0 2891.0
13324.0 2888.0
13334.0 2887.0
13335.0 2886.0
13336.0 2884.0
13338.0 2877.0
13349.0 2875.0
13350.0 2873.0
13355.0 2872.0
13356.0 2867.0
13361.0 2866.0
13367.0 2865.0
13369.0 2862.0
13374.0 2861.0
13378.0 2859.0
13380.0 2856.0
13384.0 2855.0
13387.0 2854.0
13388.0 2848.0
13392.0 2847.0
13396.0 2845.0
13401.0 2843.0
13405.0 2840.0
13407.0 2839.0
13411.0 2836.0
13417.0 2834.0
13419.0 2829.0
13425.0 2825.0
13436.0 2823.0
13438.0 2817.0
13449.0 2815.0
13452.0 2810.0
13460.0 2809.0
13463.0 2804.0
13468.0 2797.0
13477.0 2794.0
13482.0 2790.0
13485.0 2786.0
13491.0 2781.0
13498.0 2777.0
13502.0 2775.0
13507.0 2768.0
13515.0 2766.0
13521.0 2761.0
13527.0 2759.0
13530.0 2758.0
13532.0 2755.0
13537.0 2748.0
13543.0 2746.0
13551.0 2745.0
13552.0 2743.0
13555.0 2741.0
13556.0 2738.0
13561.0 2736.0
13568.0 2733.0
13572.0 2730.0
13577.0 2723.0
13592.0 2718.0
13599.0 2717.0
13606.0 2714.0
13611.0 2708.0
13622.0 2707.0
13625.0 2704.0
13630.0 2702.0
13638.0 2701.0
13646.0 2699.0
13652.0 2698.0
13660.0 2695.0
13665.0 2693.0
13671.0 2692.0
13679.0 2690.0
13687.0 2689.0
13688.0 2688.0
13689.0 2687.0
13695.0 2685.0
13696.0 2680.0
13703.0 2678.0
13713.0 2677.0
13716.0 2675.0
13720.0 2670.0
13727.0 2666.0
13738.0 2665.0
13744.0 2663.0
13747.0 2661.0
13751.0 2656.0
13762.0 2655.0
13770.0 2654.0
13783.0 2653.0
13787.0 2651.0
13794.0 2648.0
13804.0 2645.0
13813.0 2643.0
13835.0 2639.0
13844.0 2637.0
13858.0 2635.0
13866.0 2633.0
13875.0 2632.0
13876.0 2631.0
13893.0 2630.0
13894.0 2629.0
13901.0 2627.0
13902.0 2624.0
13913.0 2623.0
13916.0 2622.0
13929.0 2620.0
13936.0 2618.0
13945.0 2616.0
13948.0 2615.0
13960.0 2614.0
13968.0 2611.0
14003.0 2609.0
14024.0 2606.0
14059.0 2604.0
14077.0 2603.0
14091.0 2602.0
14092.0 2601.0
14102.0 2598.0
14141.0 2597.0
14142.0 2596.0
14152.0 2593.0
