71.0 114.0
65.0 140.0
71.0 114.0
65.0 140.0
67.0 121.0
67.0 121.0
65.0 140.0
71.0 114.0
67.0 121.0
71.0 114.0
65.0 140.0
67.0 121.0
71.0 114.0
65.0 140.0
67.0 121.0
71.0 114.0
65.0 140.0
67.0 121.0
71.0 114.0
65.0 140.0
67.0 121.0
71.0 114.0
65.0 140.0
67.0 121.0
65.0 140.0
71.0 114.0
67.0 121.0
65.0 140.0
71.0 114.0
67.0 121.0
65.0 140.0
71.0 114.0
67.0 121.0
71.0 114.0
65.0 140.0
67.0 121.0
71.0 114.0
65.0 140.0
67.0 121.0
71.0 114.0
65.0 140.0
67.0 121.0
71.0 114.0
65.0 140.0
67.0 121.0
65.0 140.0
71.0 114.0
67.0 121.0
71.0 114.0
65.0 140.0
67.0 121.0
71.0 114.0
65.0 140.0
67.0 121.0
71.0 114.0
65.0 140.0
67.0 121.0
65.0 140.0
71.0 114.0
67.0 121.0
65.0 140.0
71.0 114.0
67.0 121.0
65.0 140.0
71.0 114.0
67.0 121.0
65.0 140.0
71.0 114.0
67.0 121.0
71.0 114.0
65.0 140.0
67.0 121.0
71.0 114.0
65.0 140.0
67.0 121.0
65.0 140.0
71.0 114.0
67.0 121.0
65.0 140.0
71.0 114.0
67.0 121.0
65.0 140.0
71.0 114.0
67.0 121.0
65.0 140.0
71.0 114.0
67.0 121.0
65.0 140.0
71.0 114.0
67.0 121.0
71.0 114.0
65.0 140.0
67.0 121.0
65.0 140.0
71.0 114.0
67.0 121.0
65.0 140.0
71.0 114.0
67.0 121.0
71.0 114.0
