51.0 163.0
70.0 105.0
51.0 163.0
70.0 105.0
66.0 115.0
63.0 117.0
52.0 162.0
53.0 156.0
54.0 150.0
53.0 156.0
54.0 150.0
55.0 144.0
68.0 109.0
55.0 144.0
56.0 139.0
68.0 109.0
61.0 125.0
59.0 130.0
57.0 138.0
58.0 134.0
62.0 121.0
60.0 126.0
62.0 121.0
67.0 111.0
59.0 130.0
58.0 134.0
63.0 117.0
67.0 111.0
66.0 115.0
56.0 139.0
60.0 126.0
61.0 125.0
52.0 162.0
57.0 138.0
51.0 163.0
70.0 105.0
53.0 156.0
54.0 150.0
55.0 144.0
68.0 109.0
58.0 134.0
62.0 121.0
59.0 130.0
63.0 117.0
67.0 111.0
66.0 115.0
56.0 139.0
60.0 126.0
61.0 125.0
57.0 138.0
52.0 162.0
70.0 105.0
51.0 163.0
54.0 150.0
53.0 156.0
55.0 144.0
68.0 109.0
59.0 130.0
62.0 121.0
58.0 134.0
63.0 117.0
67.0 111.0
66.0 115.0
56.0 139.0
60.0 126.0
52.0 162.0
61.0 125.0
57.0 138.0
70.0 105.0
51.0 163.0
53.0 156.0
54.0 150.0
55.0 144.0
68.0 109.0
59.0 130.0
62.0 121.0
58.0 134.0
63.0 117.0
67.0 111.0
66.0 115.0
56.0 139.0
60.0 126.0
57.0 138.0
52.0 162.0
61.0 125.0
70.0 105.0
51.0 163.0
53.0 156.0
54.0 150.0
55.0 144.0
68.0 109.0
62.0 121.0
58.0 134.0
59.0 130.0
63.0 117.0
67.0 111.0
66.0 115.0
56.0 139.0
60.0 126.0
57.0 138.0
