616.0 1067.0
530.0 1365.0
616.0 1067.0
530.0 1365.0
531.0 1345.0
555.0 1197.0
558.0 1187.0
549.0 1227.0
559.0 1178.0
551.0 1216.0
553.0 1213.0
547.0 1230.0
570.0 1141.0
572.0 1140.0
563.0 1162.0
579.0 1123.0
531.0 1345.0
533.0 1322.0
532.0 1332.0
534.0 1309.0
577.0 1131.0
562.0 1168.0
537.0 1290.0
554.0 1208.0
582.0 1122.0
555.0 1197.0
559.0 1178.0
534.0 1309.0
532.0 1332.0
533.0 1322.0
535.0 1299.0
558.0 1187.0
562.0 1168.0
565.0 1161.0
568.0 1153.0
538.0 1285.0
539.0 1276.0
574.0 1132.0
613.0 1071.0
589.0 1110.0
595.0 1099.0
597.0 1094.0
591.0 1105.0
541.0 1264.0
542.0 1256.0
613.0 1071.0
597.0 1094.0
605.0 1082.0
587.0 1113.0
599.0 1090.0
607.0 1078.0
539.0 1276.0
540.0 1269.0
591.0 1105.0
587.0 1113.0
599.0 1090.0
603.0 1085.0
609.0 1076.0
593.0 1102.0
589.0 1110.0
595.0 1099.0
593.0 1102.0
605.0 1082.0
601.0 1087.0
611.0 1073.0
566.0 1159.0
569.0 1147.0
543.0 1251.0
569.0 1147.0
568.0 1153.0
578.0 1125.0
573.0 1134.0
550.0 1221.0
544.0 1245.0
607.0 1078.0
611.0 1073.0
601.0 1087.0
566.0 1159.0
609.0 1076.0
603.0 1085.0
535.0 1299.0
542.0 1256.0
540.0 1269.0
550.0 1221.0
544.0 1245.0
546.0 1235.0
545.0 1240.0
538.0 1285.0
554.0 1208.0
546.0 1235.0
541.0 1264.0
545.0 1240.0
543.0 1251.0
536.0 1294.0
584.0 1118.0
582.0 1122.0
585.0 1117.0
536.0 1294.0
585.0 1117.0
584.0 1118.0
