2642.0 615.0
3102.0 516.0
2642.0 615.0
3102.0 516.0
2992.0 518.0
2654.0 613.0
2662.0 596.0
2932.0 520.0
2992.0 518.0
2888.0 523.0
2836.0 532.0
2932.0 520.0
2806.0 538.0
2732.0 565.0
2716.0 570.0
2710.0 577.0
2682.0 584.0
2806.0 538.0
2836.0 532.0
2794.0 543.0
2778.0 548.0
2678.0 591.0
2772.0 560.0
2794.0 543.0
2866.0 530.0
2776.0 553.0
2760.0 562.0
2732.0 565.0
2716.0 570.0
2888.0 523.0
2776.0 553.0
2674.0 594.0
2694.0 582.0
2698.0 579.0
2778.0 548.0
2874.0 527.0
2874.0 527.0
2760.0 562.0
2678.0 591.0
2662.0 596.0
2654.0 613.0
2710.0 577.0
2682.0 584.0
2698.0 579.0
2870.0 529.0
2866.0 530.0
2694.0 582.0
2674.0 594.0
2768.0 561.0
2772.0 560.0
2870.0 529.0
2768.0 561.0
2642.0 615.0
3102.0 516.0
2992.0 518.0
2932.0 520.0
2806.0 538.0
2836.0 532.0
2794.0 543.0
2732.0 565.0
2716.0 570.0
2888.0 523.0
2776.0 553.0
2778.0 548.0
2874.0 527.0
2760.0 562.0
2678.0 591.0
2662.0 596.0
2654.0 613.0
2710.0 577.0
2682.0 584.0
2698.0 579.0
2866.0 530.0
2674.0 594.0
2694.0 582.0
2870.0 529.0
2768.0 561.0
2772.0 560.0
2642.0 615.0
3102.0 516.0
2992.0 518.0
2932.0 520.0
2806.0 538.0
2836.0 532.0
2794.0 543.0
2732.0 565.0
2716.0 570.0
2888.0 523.0
2776.0 553.0
2778.0 548.0
2874.0 527.0
2760.0 562.0
2678.0 591.0
2662.0 596.0
2654.0 613.0
2710.0 577.0
2682.0 584.0
2698.0 579.0
2694.0 582.0
2674.0 594.0
