17129.0 1033.0
16514.0 1278.0
17129.0 1033.0
16514.0 1278.0
16986.0 1045.0
17018.0 1044.0
16687.0 1138.0
16663.0 1152.0
16526.0 1270.0
16901.0 1062.0
16904.0 1059.0
16596.0 1191.0
16532.0 1259.0
16597.0 1184.0
17071.0 1038.0
16581.0 1200.0
16662.0 1159.0
16962.0 1051.0
16582.0 1193.0
17118.0 1034.0
17089.0 1035.0
17042.0 1039.0
16880.0 1065.0
16620.0 1167.0
16982.0 1049.0
16855.0 1072.0
16715.0 1122.0
16564.0 1209.0
16943.0 1056.0
16791.0 1092.0
16686.0 1145.0
16540.0 1256.0
16817.0 1089.0
16769.0 1102.0
16526.0 1270.0
16780.0 1098.0
16927.0 1057.0
16563.0 1216.0
16556.0 1224.0
16745.0 1110.0
16646.0 1163.0
16949.0 1054.0
16544.0 1248.0
16768.0 1104.0
16556.0 1224.0
17026.0 1043.0
16618.0 1178.0
16629.0 1166.0
16576.0 1204.0
16826.0 1085.0
16727.0 1118.0
16699.0 1134.0
16872.0 1071.0
16544.0 1248.0
16563.0 1216.0
16740.0 1115.0
16758.0 1107.0
16780.0 1098.0
16675.0 1148.0
16927.0 1057.0
16714.0 1129.0
16553.0 1231.0
16852.0 1075.0
16757.0 1108.0
16839.0 1079.0
16548.0 1241.0
16711.0 1132.0
16675.0 1148.0
16805.0 1091.0
16619.0 1174.0
17031.0 1040.0
16553.0 1231.0
16576.0 1204.0
16550.0 1237.0
16839.0 1079.0
16727.0 1118.0
16699.0 1134.0
16960.0 1053.0
17078.0 1036.0
16635.0 1164.0
16652.0 1161.0
16832.0 1082.0
16739.0 1116.0
16805.0 1091.0
16876.0 1069.0
16548.0 1241.0
16606.0 1181.0
16609.0 1179.0
16564.0 1209.0
16532.0 1259.0
16832.0 1082.0
16820.0 1086.0
17089.0 1035.0
17042.0 1039.0
16791.0 1092.0
17118.0 1034.0
16852.0 1075.0
16550.0 1237.0
16880.0 1065.0
16540.0 1256.0
