8453.0 930.0
7979.0 1243.0
8453.0 930.0
7979.0 1243.0
8226.0 1006.0
8021.0 1200.0
8012.0 1204.0
8143.0 1056.0
8203.0 1022.0
8249.0 987.0
8265.0 986.0
8038.0 1165.0
8158.0 1055.0
8085.0 1112.0
8074.0 1131.0
8092.0 1109.0
8266.0 980.0
8276.0 976.0
8350.0 957.0
8075.0 1124.0
8217.0 1021.0
8452.0 932.0
7985.0 1239.0
8044.0 1161.0
8058.0 1144.0
8045.0 1154.0
8169.0 1045.0
8116.0 1089.0
8110.0 1091.0
8031.0 1179.0
8175.0 1042.0
8159.0 1047.0
8398.0 941.0
8010.0 1214.0
8062.0 1137.0
8024.0 1190.0
8301.0 969.0
8199.0 1029.0
8183.0 1033.0
8283.0 974.0
8132.0 1066.0
8292.0 973.0
8435.0 934.0
8240.0 996.0
8058.0 1144.0
8096.0 1102.0
8428.0 936.0
8412.0 939.0
8412.0 939.0
8240.0 996.0
8031.0 1179.0
7986.0 1232.0
8389.0 946.0
8132.0 1066.0
8336.0 959.0
8030.0 1186.0
8081.0 1119.0
8366.0 955.0
8045.0 1154.0
8218.0 1016.0
7993.0 1228.0
7997.0 1222.0
8121.0 1078.0
8218.0 1016.0
8300.0 972.0
8235.0 1005.0
8189.0 1030.0
8064.0 1134.0
8312.0 966.0
8127.0 1077.0
8104.0 1096.0
8389.0 946.0
8038.0 1165.0
8004.0 1218.0
8329.0 961.0
8319.0 964.0
8119.0 1082.0
8104.0 1096.0
8143.0 1056.0
8130.0 1072.0
8004.0 1218.0
8398.0 941.0
8236.0 1003.0
8081.0 1119.0
8375.0 950.0
8179.0 1037.0
8319.0 964.0
8329.0 961.0
8312.0 966.0
8428.0 936.0
8379.0 949.0
8099.0 1101.0
8249.0 987.0
8375.0 950.0
8366.0 955.0
8357.0 956.0
7997.0 1222.0
8179.0 1037.0
7993.0 1228.0
8435.0 934.0
