324.0 1200.0
325.0 1161.0
326.0 1158.0
327.0 1147.0
328.0 1135.0
329.0 1132.0
330.0 1129.0
331.0 1119.0
333.0 1109.0
334.0 1097.0
335.0 1086.0
336.0 1056.0
337.0 1052.0
338.0 1037.0
339.0 1035.0
340.0 1020.0
341.0 1012.0
342.0 1008.0
343.0 1000.0
345.0 995.0
346.0 991.0
347.0 980.0
349.0 975.0
350.0 971.0
352.0 966.0
353.0 964.0
355.0 959.0
356.0 958.0
357.0 957.0
358.0 954.0
359.0 945.0
360.0 944.0
361.0 943.0
362.0 932.0
364.0 930.0
365.0 925.0
367.0 920.0
368.0 916.0
369.0 915.0
370.0 914.0
371.0 906.0
373.0 904.0
374.0 897.0
376.0 896.0
377.0 894.0
378.0 889.0
380.0 887.0
381.0 880.0
383.0 874.0
385.0 870.0
387.0 864.0
388.0 860.0
389.0 858.0
390.0 854.0
393.0 851.0
395.0 848.0
396.0 844.0
399.0 842.0
400.0 841.0
401.0 837.0
402.0 836.0
405.0 834.0
406.0 833.0
407.0 829.0
411.0 827.0
417.0 826.0
418.0 825.0
419.0 821.0
434.0 819.0
