525.0 1421.0
526.0 1397.0
527.0 1390.0
528.0 1388.0
529.0 1378.0
530.0 1366.0
531.0 1351.0
532.0 1343.0
533.0 1330.0
534.0 1312.0
535.0 1307.0
537.0 1293.0
538.0 1288.0
539.0 1276.0
541.0 1270.0
542.0 1266.0
543.0 1254.0
544.0 1250.0
545.0 1246.0
546.0 1235.0
547.0 1231.0
548.0 1222.0
549.0 1212.0
550.0 1211.0
551.0 1205.0
552.0 1202.0
553.0 1198.0
554.0 1196.0
555.0 1191.0
556.0 1188.0
557.0 1183.0
558.0 1182.0
559.0 1176.0
560.0 1173.0
561.0 1170.0
562.0 1167.0
564.0 1163.0
565.0 1160.0
566.0 1159.0
567.0 1158.0
568.0 1153.0
569.0 1150.0
570.0 1146.0
571.0 1143.0
572.0 1141.0
573.0 1139.0
574.0 1136.0
575.0 1133.0
576.0 1130.0
577.0 1128.0
578.0 1126.0
579.0 1123.0
581.0 1120.0
582.0 1117.0
583.0 1116.0
585.0 1110.0
587.0 1106.0
589.0 1099.0
590.0 1097.0
592.0 1091.0
594.0 1087.0
597.0 1078.0
603.0 1077.0
609.0 1072.0
621.0 1070.0
623.0 1067.0
630.0 1066.0
