5390.0 713.0
5391.0 707.0
5392.0 683.0
5393.0 677.0
5395.0 674.0
5396.0 668.0
5397.0 666.0
5398.0 660.0
5401.0 657.0
5402.0 651.0
5403.0 649.0
5404.0 643.0
5408.0 638.0
5423.0 636.0
5424.0 633.0
5426.0 625.0
5429.0 619.0
5433.0 614.0
5442.0 610.0
5446.0 605.0
5455.0 602.0
5459.0 597.0
5482.0 596.0
5488.0 590.0
5491.0 583.0
5493.0 579.0
5497.0 574.0
5512.0 571.0
5516.0 566.0
5539.0 564.0
5547.0 561.0
5564.0 560.0
5570.0 559.0
5580.0 558.0
5584.0 556.0
5595.0 555.0
5607.0 554.0
5615.0 553.0
5624.0 552.0
5627.0 550.0
5633.0 549.0
5634.0 548.0
5636.0 543.0
5646.0 541.0
5654.0 538.0
5659.0 537.0
5663.0 534.0
5667.0 532.0
5676.0 530.0
5686.0 529.0
5688.0 527.0
5693.0 525.0
5703.0 522.0
5710.0 521.0
5714.0 520.0
5719.0 518.0
5731.0 516.0
5762.0 512.0
5781.0 511.0
5802.0 510.0
5849.0 506.0
5887.0 505.0
