19425.0 5874.0
19426.0 5872.0
19427.0 5852.0
19428.0 5850.0
19429.0 5844.0
19430.0 5842.0
19431.0 5832.0
19432.0 5830.0
19433.0 5824.0
19434.0 5822.0
19435.0 5821.0
19436.0 5819.0
19437.0 5813.0
19438.0 5811.0
19439.0 5808.0
19440.0 5806.0
19444.0 5802.0
19445.0 5794.0
19446.0 5792.0
19447.0 5786.0
19448.0 5784.0
19452.0 5782.0
19456.0 5772.0
19457.0 5770.0
19458.0 5764.0
19459.0 5762.0
19461.0 5756.0
19462.0 5754.0
19463.0 5748.0
19464.0 5746.0
19468.0 5744.0
19472.0 5742.0
19473.0 5739.0
19474.0 5737.0
19477.0 5736.0
19478.0 5734.0
19479.0 5732.0
19483.0 5730.0
19487.0 5726.0
19488.0 5713.0
19490.0 5705.0
19493.0 5699.0
19494.0 5697.0
19495.0 5691.0
19496.0 5685.0
19498.0 5677.0
19500.0 5675.0
19504.0 5667.0
19507.0 5620.0
19513.0 5613.0
19514.0 5590.0
19520.0 5583.0
19522.0 5571.0
19526.0 5558.0
19534.0 5546.0
19539.0 5537.0
19547.0 5525.0
19551.0 5524.0
19556.0 5513.0
19559.0 5512.0
19560.0 5511.0
19564.0 5498.0
19566.0 5492.0
19570.0 5490.0
19571.0 5483.0
19577.0 5482.0
19580.0 5477.0
19583.0 5472.0
19584.0 5470.0
19588.0 5468.0
19589.0 5465.0
19591.0 5461.0
19592.0 5454.0
19594.0 5448.0
19598.0 5446.0
19599.0 5443.0
19603.0 5442.0
19604.0 5437.0
19608.0 5428.0
19610.0 5422.0
19614.0 5420.0
19618.0 5419.0
19619.0 5416.0
19620.0 5412.0
19624.0 5407.0
19627.0 5402.0
19631.0 5399.0
19633.0 5394.0
19638.0 5388.0
19640.0 5387.0
19642.0 5381.0
19646.0 5375.0
19650.0 5367.0
19654.0 5365.0
19657.0 5362.0
19661.0 5356.0
19662.0 5351.0
19668.0 5349.0
19670.0 5343.0
19672.0 5341.0
19673.0 5340.0
19674.0 5337.0
19676.0 5335.0
19678.0 5329.0
19682.0 5323.0
19686.0 5321.0
19688.0 5319.0
19690.0 5317.0
19692.0 5316.0
19694.0 5307.0
19696.0 5305.0
19704.0 5300.0
19706.0 5298.0
19711.0 5297.0
19713.0 5295.0
19715.0 5293.0
19717.0 5292.0
19719.0 5283.0
19721.0 5281.0
19729.0 5276.0
19731.0 5274.0
19739.0 5271.0
19741.0 5269.0
19747.0 5267.0
19748.0 5264.0
19751.0 5261.0
19757.0 5260.0
19758.0 5257.0
19761.0 5254.0
19768.0 5252.0
19771.0 5249.0
19778.0 5248.0
19779.0 5247.0
19782.0 5243.0
19789.0 5240.0
19792.0 5238.0
19794.0 5237.0
19799.0 5235.0
19804.0 5230.0
19811.0 5228.0
19814.0 5226.0
19816.0 5225.0
19820.0 5223.0
19821.0 5221.0
19828.0 5213.0
19837.0 5208.0
19838.0 5206.0
19845.0 5204.0
19850.0 5201.0
19852.0 5198.0
19855.0 5197.0
19859.0 5193.0
19862.0 5188.0
19869.0 5183.0
19879.0 5180.0
19889.0 5177.0
19893.0 5175.0
19896.0 5170.0
19898.0 5165.0
19910.0 5164.0
19912.0 5161.0
19913.0 5155.0
19922.0 5151.0
19927.0 5149.0
19931.0 5145.0
19933.0 5140.0
19943.0 5136.0
19948.0 5130.0
19953.0 5126.0
19962.0 5120.0
19969.0 5115.0
19979.0 5105.0
19989.0 5102.0
20000.0 5101.0
20003.0 5097.0
20008.0 5095.0
20011.0 5094.0
20015.0 5093.0
20017.0 5091.0
20022.0 5087.0
20029.0 5086.0
20031.0 5081.0
20038.0 5076.0
20046.0 5071.0
20048.0 5066.0
20058.0 5063.0
20064.0 5060.0
20072.0 5058.0
20074.0 5057.0
20077.0 5056.0
20082.0 5055.0
20083.0 5054.0
20087.0 5053.0
20088.0 5052.0
20093.0 5050.0
20098.0 5049.0
20100.0 5048.0
20103.0 5047.0
20104.0 5046.0
20111.0 5042.0
20117.0 5040.0
20125.0 5039.0
20126.0 5037.0
20130.0 5035.0
20132.0 5032.0
20138.0 5030.0
20145.0 5028.0
20146.0 5027.0
20149.0 5026.0
20150.0 5023.0
20156.0 5021.0
20165.0 5020.0
20167.0 5017.0
20173.0 5015.0
20181.0 5014.0
20182.0 5012.0
20188.0 5010.0
20194.0 5009.0
20199.0 5004.0
20205.0 5002.0
20215.0 5001.0
20220.0 5000.0
20224.0 4999.0
20230.0 4997.0
20234.0 4996.0
20244.0 4995.0
20245.0 4994.0
20246.0 4993.0
20250.0 4991.0
20256.0 4989.0
20257.0 4986.0
20262.0 4984.0
20268.0 4982.0
20282.0 4981.0
20283.0 4980.0
20288.0 4979.0
20289.0 4974.0
20304.0 4973.0
20305.0 4972.0
20313.0 4968.0
20318.0 4965.0
20323.0 4961.0
20326.0 4957.0
20330.0 4951.0
20336.0 4950.0
20337.0 4948.0
20339.0 4947.0
20344.0 4945.0
20345.0 4943.0
20350.0 4938.0
20354.0 4932.0
20358.0 4926.0
20367.0 4922.0
20381.0 4918.0
20390.0 4914.0
20402.0 4913.0
20405.0 4910.0
20411.0 4906.0
20419.0 4904.0
20420.0 4902.0
20428.0 4900.0
20432.0 4899.0
20435.0 4898.0
20439.0 4896.0
20444.0 4894.0
20449.0 4892.0
20455.0 4890.0
20460.0 4886.0
20461.0 4885.0
20464.0 4880.0
20471.0 4877.0
20473.0 4876.0
20480.0 4873.0
20498.0 4872.0
20500.0 4870.0
20505.0 4869.0
20506.0 4868.0
20510.0 4863.0
20516.0 4860.0
20518.0 4859.0
20521.0 4854.0
20530.0 4850.0
20544.0 4847.0
20552.0 4846.0
20553.0 4843.0
20557.0 4840.0
20563.0 4839.0
20566.0 4836.0
20572.0 4835.0
20580.0 4832.0
20585.0 4831.0
20589.0 4828.0
20594.0 4827.0
20598.0 4826.0
20600.0 4825.0
20602.0 4824.0
20607.0 4822.0
20611.0 4820.0
20616.0 4819.0
20618.0 4818.0
20622.0 4817.0
20624.0 4816.0
20629.0 4814.0
20633.0 4812.0
20640.0 4811.0
20644.0 4810.0
20648.0 4808.0
20652.0 4807.0
20653.0 4806.0
20657.0 4804.0
20665.0 4803.0
20670.0 4801.0
20674.0 4799.0
20684.0 4798.0
20687.0 4796.0
20695.0 4795.0
20696.0 4793.0
20700.0 4791.0
20705.0 4789.0
20709.0 4787.0
20721.0 4785.0
20729.0 4784.0
20740.0 4781.0
20744.0 4779.0
20749.0 4777.0
20753.0 4775.0
20768.0 4774.0
20771.0 4773.0
20785.0 4772.0
20791.0 4770.0
20795.0 4768.0
20808.0 4767.0
20813.0 4766.0
20818.0 4765.0
20827.0 4762.0
20832.0 4760.0
20837.0 4759.0
20842.0 4757.0
20849.0 4756.0
20851.0 4754.0
20859.0 4753.0
20861.0 4751.0
20873.0 4748.0
20883.0 4745.0
20900.0 4744.0
20932.0 4743.0
20952.0 4740.0
20984.0 4739.0
21045.0 4737.0
21058.0 4735.0
21093.0 4733.0
21130.0 4732.0
21168.0 4731.0
21186.0 4728.0
21204.0 4726.0
