29696.0 11892.0
29697.0 11871.0
29698.0 11853.0
29699.0 11832.0
29700.0 11615.0
29703.0 11611.0
29704.0 11603.0
29706.0 11598.0
29707.0 11586.0
29712.0 11579.0
29713.0 11569.0
29718.0 11559.0
29721.0 11542.0
29724.0 11538.0
29726.0 11535.0
29729.0 11531.0
29731.0 11528.0
29733.0 11520.0
29736.0 11518.0
29737.0 11508.0
29739.0 11501.0
29743.0 11489.0
29748.0 11482.0
29751.0 11473.0
29754.0 11470.0
29755.0 11461.0
29756.0 11434.0
29760.0 11422.0
29762.0 11396.0
29766.0 11384.0
29769.0 11367.0
29774.0 11360.0
29776.0 11350.0
29781.0 11343.0
29782.0 11341.0
29786.0 11335.0
29787.0 11334.0
29788.0 11331.0
29789.0 11324.0
29794.0 11316.0
29795.0 11314.0
29796.0 11306.0
29797.0 11299.0
29798.0 11296.0
29799.0 11289.0
29800.0 11266.0
29805.0 11259.0
29807.0 11249.0
29812.0 11242.0
29815.0 11231.0
29820.0 11224.0
29825.0 11220.0
29827.0 11219.0
29828.0 11207.0
29833.0 11200.0
29837.0 11196.0
29840.0 11195.0
29842.0 11189.0
29844.0 11187.0
29848.0 11185.0
29849.0 11180.0
29851.0 11170.0
29856.0 11163.0
29863.0 11158.0
29867.0 11156.0
29868.0 11155.0
29869.0 11154.0
29870.0 11153.0
29872.0 11146.0
29877.0 11136.0
29881.0 11130.0
29882.0 11129.0
29886.0 11123.0
29890.0 11115.0
29892.0 11110.0
29894.0 11106.0
29896.0 11101.0
29898.0 11099.0
29899.0 11093.0
29901.0 11091.0
29902.0 11090.0
29903.0 11084.0
29905.0 11082.0
29906.0 11081.0
29908.0 11079.0
29911.0 11075.0
29913.0 11073.0
29914.0 11072.0
29915.0 11069.0
29917.0 11067.0
29918.0 11064.0
29920.0 11062.0
29921.0 11061.0
29922.0 11057.0
29924.0 11053.0
29925.0 11052.0
29926.0 11050.0
29928.0 11045.0
29929.0 11040.0
29931.0 11036.0
29934.0 11033.0
29937.0 11031.0
29938.0 11022.0
29940.0 11020.0
29941.0 11019.0
29943.0 11017.0
29946.0 11013.0
29947.0 11003.0
29950.0 11000.0
29954.0 10996.0
29955.0 10994.0
29957.0 10993.0
29958.0 10991.0
29961.0 10988.0
29962.0 10987.0
29963.0 10986.0
29965.0 10984.0
29966.0 10982.0
29968.0 10981.0
29969.0 10976.0
29972.0 10967.0
29975.0 10964.0
29979.0 10960.0
29980.0 10958.0
29982.0 10957.0
29983.0 10955.0
29986.0 10952.0
29987.0 10951.0
29990.0 10948.0
29991.0 10946.0
29993.0 10945.0
29994.0 10940.0
29997.0 10937.0
30001.0 10933.0
30004.0 10930.0
30005.0 10928.0
30008.0 10925.0
30011.0 10922.0
30012.0 10918.0
30016.0 10916.0
30018.0 10912.0
30019.0 10909.0
30020.0 10906.0
30022.0 10905.0
30024.0 10903.0
30026.0 10900.0
30027.0 10899.0
30028.0 10895.0
30031.0 10893.0
30032.0 10891.0
30033.0 10890.0
30034.0 10889.0
30035.0 10888.0
30036.0 10883.0
30038.0 10882.0
30039.0 10879.0
30040.0 10875.0
30042.0 10874.0
30045.0 10873.0
30046.0 10872.0
30047.0 10866.0
30049.0 10864.0
30050.0 10862.0
30051.0 10860.0
30053.0 10857.0
30055.0 10853.0
30056.0 10850.0
30058.0 10846.0
30061.0 10845.0
30062.0 10842.0
30064.0 10840.0
30065.0 10835.0
30067.0 10832.0
30069.0 10828.0
30070.0 10825.0
30072.0 10821.0
30074.0 10818.0
30077.0 10817.0
30078.0 10815.0
30080.0 10811.0
30081.0 10807.0
30083.0 10805.0
30085.0 10801.0
30086.0 10797.0
30088.0 10793.0
30091.0 10792.0
30092.0 10790.0
30094.0 10786.0
30097.0 10785.0
30099.0 10777.0
30101.0 10773.0
30104.0 10772.0
30105.0 10770.0
30107.0 10766.0
30110.0 10764.0
30112.0 10760.0
30115.0 10759.0
30116.0 10757.0
30118.0 10753.0
30121.0 10752.0
30123.0 10744.0
30125.0 10740.0
30128.0 10739.0
30129.0 10737.0
30131.0 10733.0
30134.0 10732.0
30139.0 10729.0
30141.0 10724.0
30144.0 10721.0
30147.0 10720.0
30149.0 10717.0
30152.0 10716.0
30155.0 10714.0
30157.0 10713.0
30160.0 10707.0
30163.0 10706.0
30165.0 10704.0
30167.0 10699.0
30170.0 10698.0
30172.0 10696.0
30173.0 10687.0
30176.0 10686.0
30181.0 10685.0
30182.0 10683.0
30183.0 10678.0
30186.0 10677.0
30190.0 10674.0
30193.0 10670.0
30196.0 10669.0
30200.0 10665.0
30203.0 10661.0
30205.0 10658.0
30208.0 10657.0
30214.0 10654.0
30215.0 10649.0
30218.0 10648.0
30220.0 10647.0
30222.0 10641.0
30225.0 10640.0
30230.0 10638.0
30231.0 10634.0
30232.0 10632.0
30234.0 10629.0
30237.0 10628.0
30239.0 10627.0
30240.0 10625.0
30241.0 10621.0
30242.0 10620.0
30243.0 10616.0
30244.0 10614.0
30245.0 10610.0
30248.0 10609.0
30253.0 10607.0
30254.0 10605.0
30255.0 10601.0
30257.0 10598.0
30260.0 10597.0
30263.0 10594.0
30265.0 10589.0
30267.0 10583.0
30270.0 10582.0
30275.0 10580.0
30276.0 10579.0
30277.0 10574.0
30279.0 10571.0
30282.0 10570.0
30287.0 10568.0
30288.0 10567.0
30289.0 10562.0
30292.0 10561.0
30297.0 10558.0
30300.0 10557.0
30305.0 10555.0
30307.0 10554.0
30308.0 10553.0
30309.0 10548.0
30312.0 10547.0
30314.0 10545.0
30317.0 10543.0
30319.0 10539.0
30320.0 10538.0
30321.0 10536.0
30324.0 10535.0
30327.0 10534.0
30329.0 10533.0
30331.0 10527.0
30334.0 10526.0
30340.0 10525.0
30341.0 10522.0
30345.0 10519.0
30349.0 10518.0
30352.0 10514.0
30353.0 10513.0
30354.0 10511.0
30357.0 10510.0
30360.0 10509.0
30361.0 10508.0
30364.0 10502.0
30367.0 10501.0
30371.0 10499.0
30372.0 10498.0
30373.0 10496.0
30376.0 10495.0
30377.0 10493.0
30383.0 10487.0
30387.0 10484.0
30393.0 10483.0
30397.0 10480.0
30398.0 10479.0
30401.0 10477.0
30404.0 10474.0
30405.0 10473.0
30406.0 10471.0
30409.0 10469.0
30410.0 10468.0
30411.0 10467.0
30413.0 10465.0
30416.0 10462.0
30419.0 10460.0
30420.0 10459.0
30421.0 10458.0
30423.0 10456.0
30426.0 10455.0
30432.0 10454.0
30434.0 10453.0
30435.0 10450.0
30437.0 10448.0
30439.0 10446.0
30442.0 10445.0
30444.0 10444.0
30446.0 10442.0
30448.0 10441.0
30450.0 10439.0
30452.0 10438.0
30453.0 10437.0
30454.0 10436.0
30455.0 10435.0
30456.0 10434.0
30457.0 10433.0
30459.0 10432.0
30460.0 10431.0
30461.0 10429.0
30463.0 10427.0
30465.0 10425.0
30467.0 10424.0
30469.0 10422.0
30471.0 10420.0
30473.0 10418.0
30475.0 10416.0
30477.0 10415.0
30479.0 10413.0
30485.0 10412.0
30487.0 10410.0
30489.0 10408.0
30491.0 10406.0
30493.0 10405.0
30495.0 10403.0
30499.0 10401.0
30505.0 10400.0
30507.0 10398.0
30509.0 10396.0
30511.0 10394.0
30513.0 10393.0
30515.0 10391.0
30522.0 10387.0
30526.0 10384.0
30530.0 10383.0
30532.0 10381.0
30537.0 10379.0
30538.0 10377.0
30542.0 10374.0
30546.0 10372.0
30550.0 10371.0
30552.0 10369.0
30558.0 10365.0
30562.0 10362.0
30568.0 10361.0
30569.0 10359.0
30575.0 10358.0
30576.0 10355.0
30578.0 10352.0
30584.0 10351.0
30585.0 10349.0
30589.0 10347.0
30594.0 10342.0
30598.0 10340.0
30604.0 10339.0
30605.0 10337.0
30614.0 10330.0
30626.0 10328.0
30632.0 10326.0
30633.0 10325.0
30637.0 10323.0
30643.0 10322.0
30645.0 10320.0
30646.0 10319.0
30648.0 10316.0
30653.0 10313.0
30664.0 10311.0
30671.0 10309.0
30674.0 10308.0
30676.0 10306.0
30679.0 10304.0
30684.0 10303.0
30687.0 10299.0
30696.0 10297.0
30701.0 10294.0
30710.0 10292.0
30716.0 10291.0
30718.0 10289.0
30725.0 10288.0
30727.0 10287.0
30730.0 10286.0
30732.0 10281.0
30741.0 10278.0
30752.0 10276.0
30757.0 10275.0
30762.0 10273.0
30763.0 10271.0
30769.0 10269.0
30772.0 10268.0
30774.0 10266.0
30779.0 10265.0
30785.0 10264.0
30787.0 10261.0
30796.0 10260.0
30799.0 10259.0
30801.0 10257.0
30803.0 10256.0
30804.0 10254.0
30808.0 10253.0
30809.0 10251.0
30818.0 10250.0
30819.0 10249.0
30824.0 10248.0
30827.0 10246.0
30831.0 10245.0
30832.0 10243.0
30839.0 10240.0
30840.0 10238.0
30848.0 10237.0
30849.0 10235.0
30861.0 10233.0
30862.0 10232.0
30863.0 10230.0
30869.0 10228.0
30872.0 10227.0
30873.0 10224.0
30878.0 10223.0
30880.0 10218.0
30884.0 10214.0
30894.0 10209.0
30899.0 10205.0
30905.0 10199.0
30911.0 10198.0
30913.0 10194.0
30915.0 10193.0
30920.0 10192.0
30925.0 10190.0
30926.0 10183.0
30927.0 10181.0
30931.0 10176.0
30936.0 10167.0
30945.0 10162.0
30950.0 10161.0
30954.0 10160.0
30958.0 10154.0
30959.0 10146.0
30967.0 10142.0
30969.0 10138.0
30980.0 10134.0
30985.0 10128.0
30996.0 10127.0
30997.0 10118.0
31016.0 10115.0
31018.0 10114.0
31022.0 10109.0
31024.0 10108.0
31025.0 10106.0
31029.0 10105.0
31031.0 10104.0
31033.0 10099.0
31036.0 10097.0
31041.0 10095.0
31042.0 10094.0
31044.0 10093.0
31045.0 10088.0
31047.0 10087.0
31052.0 10086.0
31053.0 10084.0
31055.0 10080.0
31056.0 10078.0
31063.0 10076.0
31064.0 10074.0
31066.0 10070.0
31073.0 10069.0
31074.0 10066.0
31078.0 10062.0
31079.0 10061.0
31082.0 10060.0
31085.0 10059.0
31086.0 10058.0
31089.0 10055.0
31091.0 10053.0
31092.0 10052.0
31094.0 10050.0
31100.0 10044.0
31104.0 10042.0
31110.0 10038.0
31112.0 10036.0
31115.0 10035.0
31116.0 10034.0
31120.0 10032.0
31122.0 10030.0
31125.0 10029.0
31126.0 10026.0
31130.0 10024.0
31136.0 10020.0
31138.0 10018.0
31141.0 10017.0
31142.0 10016.0
31148.0 10012.0
31151.0 10011.0
31152.0 10010.0
31153.0 10009.0
31160.0 10006.0
31163.0 10003.0
31168.0 10002.0
31171.0 10001.0
31172.0 9999.0
31175.0 9997.0
31180.0 9994.0
31182.0 9993.0
31184.0 9991.0
31187.0 9990.0
31188.0 9989.0
31192.0 9988.0
31194.0 9985.0
31197.0 9984.0
31198.0 9983.0
31199.0 9982.0
31206.0 9979.0
31209.0 9976.0
31214.0 9975.0
31217.0 9974.0
31220.0 9973.0
31221.0 9970.0
31226.0 9967.0
31232.0 9965.0
31235.0 9964.0
31238.0 9961.0
31244.0 9959.0
31245.0 9958.0
31247.0 9956.0
31256.0 9953.0
31257.0 9950.0
31265.0 9949.0
31268.0 9945.0
31269.0 9944.0
31277.0 9943.0
31279.0 9942.0
31280.0 9939.0
31288.0 9938.0
31291.0 9934.0
31292.0 9933.0
31300.0 9932.0
31303.0 9928.0
31311.0 9927.0
31315.0 9926.0
31316.0 9920.0
31324.0 9919.0
31325.0 9918.0
31326.0 9916.0
31327.0 9915.0
31328.0 9914.0
31336.0 9913.0
31337.0 9911.0
31338.0 9910.0
31339.0 9909.0
31347.0 9908.0
31348.0 9905.0
31353.0 9904.0
31354.0 9903.0
31358.0 9899.0
31365.0 9898.0
31367.0 9897.0
31368.0 9895.0
31369.0 9894.0
31370.0 9893.0
31378.0 9892.0
31379.0 9890.0
31380.0 9889.0
31381.0 9888.0
31389.0 9887.0
31391.0 9884.0
31395.0 9883.0
31396.0 9882.0
31404.0 9881.0
31405.0 9879.0
31406.0 9878.0
31407.0 9877.0
31417.0 9873.0
31431.0 9872.0
31432.0 9871.0
31437.0 9870.0
31442.0 9867.0
31447.0 9866.0
31457.0 9865.0
31459.0 9864.0
31472.0 9860.0
31484.0 9858.0
31489.0 9857.0
31499.0 9856.0
31504.0 9855.0
31514.0 9851.0
31529.0 9849.0
31542.0 9848.0
31557.0 9847.0
31564.0 9844.0
31569.0 9843.0
31574.0 9842.0
31579.0 9841.0
31586.0 9840.0
31594.0 9837.0
31600.0 9836.0
31604.0 9835.0
31606.0 9834.0
31616.0 9833.0
31617.0 9829.0
31631.0 9828.0
31641.0 9827.0
31642.0 9823.0
31647.0 9822.0
31665.0 9821.0
31672.0 9816.0
31690.0 9815.0
31700.0 9814.0
31718.0 9813.0
31738.0 9811.0
31739.0 9810.0
31740.0 9807.0
31746.0 9802.0
31752.0 9801.0
31760.0 9796.0
31766.0 9795.0
31767.0 9792.0
31773.0 9791.0
31781.0 9786.0
31787.0 9785.0
31793.0 9782.0
31799.0 9781.0
31800.0 9780.0
31806.0 9778.0
31807.0 9776.0
31813.0 9775.0
31814.0 9771.0
31820.0 9770.0
31827.0 9769.0
31828.0 9766.0
31834.0 9765.0
31835.0 9761.0
31841.0 9760.0
31852.0 9759.0
31853.0 9757.0
31857.0 9756.0
31861.0 9751.0
31867.0 9750.0
31874.0 9747.0
31880.0 9746.0
31882.0 9741.0
31888.0 9740.0
31899.0 9739.0
31900.0 9737.0
31904.0 9736.0
31910.0 9735.0
31917.0 9734.0
31921.0 9727.0
31927.0 9726.0
31938.0 9725.0
31943.0 9722.0
31949.0 9721.0
31960.0 9720.0
31966.0 9719.0
31978.0 9716.0
31982.0 9712.0
31988.0 9711.0
31999.0 9710.0
32004.0 9707.0
32010.0 9706.0
32021.0 9705.0
32027.0 9704.0
32039.0 9701.0
32045.0 9700.0
32056.0 9697.0
32061.0 9696.0
32067.0 9695.0
32079.0 9694.0
32083.0 9691.0
32085.0 9689.0
32095.0 9688.0
32107.0 9684.0
32113.0 9683.0
32135.0 9681.0
32141.0 9680.0
32148.0 9678.0
32159.0 9674.0
32165.0 9673.0
32187.0 9672.0
32191.0 9671.0
32195.0 9670.0
32206.0 9668.0
32208.0 9666.0
32219.0 9664.0
32223.0 9663.0
32224.0 9662.0
32230.0 9661.0
32235.0 9660.0
32236.0 9659.0
32237.0 9658.0
32241.0 9657.0
32252.0 9655.0
32254.0 9653.0
32269.0 9652.0
32272.0 9651.0
32280.0 9648.0
32281.0 9647.0
32287.0 9646.0
32298.0 9642.0
32323.0 9641.0
32347.0 9639.0
32372.0 9638.0
32391.0 9637.0
32400.0 9635.0
32414.0 9632.0
32432.0 9631.0
32440.0 9629.0
32454.0 9626.0
32474.0 9625.0
32488.0 9622.0
32499.0 9621.0
32517.0 9619.0
32525.0 9618.0
32533.0 9617.0
32541.0 9615.0
32549.0 9614.0
32561.0 9612.0
32575.0 9611.0
32583.0 9610.0
32595.0 9608.0
32611.0 9607.0
32614.0 9605.0
32622.0 9604.0
32645.0 9603.0
32648.0 9601.0
32656.0 9600.0
32689.0 9599.0
32712.0 9598.0
32715.0 9596.0
32723.0 9595.0
32796.0 9594.0
32798.0 9593.0
32806.0 9592.0
