9480.0 642.0
9481.0 628.0
9482.0 612.0
9486.0 609.0
9487.0 604.0
9490.0 595.0
9507.0 594.0
9517.0 586.0
9524.0 584.0
9533.0 579.0
9536.0 570.0
9560.0 568.0
9563.0 561.0
9570.0 559.0
9580.0 556.0
9585.0 554.0
9592.0 552.0
9597.0 551.0
9608.0 549.0
9611.0 548.0
9622.0 547.0
9624.0 546.0
9625.0 545.0
9636.0 542.0
9648.0 539.0
9653.0 530.0
9675.0 529.0
9682.0 528.0
9686.0 527.0
9693.0 526.0
9699.0 522.0
9710.0 520.0
9716.0 514.0
9727.0 512.0
9752.0 511.0
9772.0 509.0
9775.0 506.0
9778.0 504.0
9789.0 502.0
9818.0 501.0
9838.0 500.0
9880.0 498.0
9895.0 496.0
9911.0 495.0
9922.0 493.0
9939.0 492.0
