9958.0 1862.0
9959.0 1819.0
9965.0 1815.0
9967.0 1812.0
9968.0 1805.0
9972.0 1802.0
9977.0 1796.0
9988.0 1794.0
9991.0 1790.0
9993.0 1789.0
9998.0 1788.0
10001.0 1783.0
10002.0 1782.0
10005.0 1774.0
10010.0 1772.0
10012.0 1769.0
10013.0 1764.0
10018.0 1762.0
10019.0 1759.0
10021.0 1754.0
10027.0 1749.0
10029.0 1746.0
10031.0 1744.0
10039.0 1737.0
10046.0 1736.0
10047.0 1735.0
10050.0 1729.0
10056.0 1724.0
10058.0 1719.0
10064.0 1714.0
10066.0 1711.0
10075.0 1709.0
10079.0 1706.0
10081.0 1703.0
10087.0 1702.0
10090.0 1701.0
10091.0 1699.0
10093.0 1696.0
10095.0 1695.0
10100.0 1694.0
10105.0 1690.0
10106.0 1686.0
10108.0 1681.0
10112.0 1674.0
10116.0 1673.0
10127.0 1666.0
10131.0 1665.0
10137.0 1662.0
10141.0 1661.0
10142.0 1660.0
10145.0 1659.0
10149.0 1658.0
10150.0 1655.0
10152.0 1654.0
10156.0 1653.0
10157.0 1652.0
10159.0 1647.0
10163.0 1646.0
10169.0 1643.0
10173.0 1642.0
10175.0 1641.0
10176.0 1638.0
10178.0 1635.0
10181.0 1633.0
10185.0 1626.0
10189.0 1625.0
10201.0 1624.0
10203.0 1619.0
10207.0 1617.0
10210.0 1614.0
10214.0 1613.0
10215.0 1612.0
10217.0 1608.0
10219.0 1605.0
10223.0 1604.0
10232.0 1597.0
10241.0 1593.0
10242.0 1588.0
10252.0 1587.0
10253.0 1586.0
10259.0 1585.0
10266.0 1573.0
10276.0 1572.0
10279.0 1569.0
10284.0 1565.0
10294.0 1564.0
10297.0 1563.0
10302.0 1562.0
10306.0 1560.0
10307.0 1558.0
10312.0 1557.0
10313.0 1554.0
10317.0 1553.0
10319.0 1551.0
10320.0 1550.0
10325.0 1546.0
10329.0 1545.0
10330.0 1544.0
10331.0 1542.0
10335.0 1541.0
10336.0 1540.0
10339.0 1536.0
10345.0 1532.0
10350.0 1528.0
10355.0 1527.0
10356.0 1524.0
10361.0 1523.0
10365.0 1521.0
10366.0 1519.0
10371.0 1518.0
10372.0 1515.0
10377.0 1514.0
10382.0 1510.0
10387.0 1509.0
10398.0 1508.0
10400.0 1506.0
10405.0 1505.0
10408.0 1502.0
10410.0 1501.0
10415.0 1500.0
10432.0 1499.0
10436.0 1494.0
10441.0 1493.0
10450.0 1492.0
10461.0 1491.0
10468.0 1488.0
10477.0 1486.0
10495.0 1482.0
10498.0 1480.0
10516.0 1476.0
10536.0 1474.0
10557.0 1473.0
10577.0 1471.0
10615.0 1470.0
10627.0 1466.0
10642.0 1462.0
10656.0 1457.0
10708.0 1454.0
10714.0 1452.0
10746.0 1450.0
