15273.0 4211.0
15276.0 4206.0
15280.0 4200.0
15281.0 4186.0
15284.0 4181.0
15287.0 4173.0
15291.0 4169.0
15292.0 4146.0
15294.0 4143.0
15296.0 4114.0
15307.0 4113.0
15308.0 4100.0
15310.0 4085.0
15314.0 4079.0
15320.0 4072.0
15325.0 4061.0
15326.0 4047.0
15330.0 4044.0
15331.0 4031.0
15332.0 3928.0
15335.0 3908.0
15344.0 3872.0
15346.0 3837.0
15349.0 3817.0
15355.0 3801.0
15359.0 3797.0
15362.0 3794.0
15365.0 3779.0
15367.0 3773.0
15368.0 3766.0
15370.0 3760.0
15373.0 3753.0
15376.0 3740.0
15383.0 3739.0
15385.0 3731.0
15386.0 3726.0
15388.0 3722.0
15395.0 3717.0
15396.0 3714.0
15397.0 3713.0
15398.0 3710.0
15402.0 3708.0
15404.0 3703.0
15407.0 3701.0
15408.0 3699.0
15409.0 3698.0
15410.0 3686.0
15414.0 3685.0
15416.0 3682.0
15418.0 3678.0
15419.0 3673.0
15420.0 3669.0
15421.0 3663.0
15424.0 3661.0
15426.0 3660.0
15428.0 3647.0
15433.0 3641.0
15435.0 3637.0
15436.0 3634.0
15441.0 3633.0
15443.0 3629.0
15444.0 3626.0
15446.0 3624.0
15447.0 3619.0
15451.0 3612.0
15455.0 3611.0
15457.0 3608.0
15459.0 3604.0
15462.0 3601.0
15465.0 3600.0
15467.0 3599.0
15468.0 3597.0
15469.0 3596.0
15470.0 3593.0
15471.0 3592.0
15473.0 3589.0
15476.0 3585.0
15479.0 3581.0
15480.0 3580.0
15482.0 3577.0
15483.0 3573.0
15486.0 3568.0
15489.0 3564.0
15492.0 3560.0
15495.0 3556.0
15496.0 3552.0
15499.0 3548.0
15502.0 3544.0
15505.0 3540.0
15509.0 3537.0
15511.0 3536.0
15512.0 3532.0
15516.0 3524.0
15522.0 3516.0
15528.0 3512.0
15529.0 3508.0
15535.0 3500.0
15541.0 3495.0
15544.0 3492.0
15547.0 3487.0
15548.0 3486.0
15550.0 3484.0
15551.0 3479.0
15554.0 3478.0
15556.0 3476.0
15557.0 3471.0
15563.0 3469.0
15564.0 3468.0
15568.0 3466.0
15570.0 3464.0
15573.0 3460.0
15579.0 3458.0
15580.0 3453.0
15587.0 3450.0
15591.0 3448.0
15593.0 3446.0
15598.0 3445.0
15599.0 3443.0
15604.0 3441.0
15606.0 3440.0
15608.0 3439.0
15610.0 3438.0
15611.0 3435.0
15614.0 3434.0
15616.0 3432.0
15617.0 3427.0
15620.0 3426.0
15622.0 3424.0
15623.0 3419.0
15632.0 3417.0
15635.0 3414.0
15636.0 3412.0
15640.0 3411.0
15642.0 3409.0
15647.0 3405.0
15650.0 3401.0
15653.0 3397.0
15661.0 3396.0
15665.0 3392.0
15666.0 3390.0
15670.0 3389.0
15672.0 3387.0
15676.0 3386.0
15678.0 3385.0
15679.0 3379.0
15683.0 3377.0
15691.0 3374.0
15692.0 3372.0
15696.0 3371.0
15700.0 3369.0
15704.0 3367.0
15707.0 3365.0
15711.0 3364.0
15712.0 3363.0
15713.0 3358.0
15722.0 3353.0
15725.0 3350.0
15728.0 3347.0
15731.0 3340.0
15742.0 3338.0
15754.0 3336.0
15756.0 3332.0
15757.0 3328.0
15766.0 3323.0
15779.0 3320.0
15783.0 3319.0
15788.0 3317.0
15792.0 3311.0
15801.0 3310.0
15802.0 3309.0
15806.0 3307.0
15808.0 3306.0
15811.0 3302.0
15815.0 3300.0
15819.0 3298.0
15822.0 3297.0
15824.0 3295.0
15827.0 3294.0
15828.0 3291.0
15834.0 3290.0
15835.0 3289.0
15841.0 3286.0
15845.0 3283.0
15848.0 3281.0
15851.0 3276.0
15855.0 3274.0
15863.0 3273.0
15868.0 3270.0
15871.0 3268.0
15875.0 3266.0
15885.0 3264.0
15888.0 3262.0
15891.0 3257.0
15899.0 3256.0
15906.0 3255.0
15910.0 3252.0
15911.0 3249.0
15924.0 3248.0
15946.0 3245.0
15957.0 3238.0
15970.0 3237.0
15994.0 3234.0
16001.0 3231.0
16008.0 3229.0
16015.0 3227.0
16034.0 3226.0
16048.0 3221.0
16049.0 3215.0
16073.0 3214.0
16074.0 3210.0
16077.0 3206.0
16080.0 3201.0
16100.0 3200.0
16105.0 3196.0
16108.0 3192.0
16128.0 3190.0
16133.0 3187.0
16136.0 3182.0
16151.0 3181.0
16154.0 3179.0
16155.0 3177.0
16160.0 3175.0
16173.0 3174.0
16174.0 3172.0
16176.0 3171.0
16180.0 3164.0
16194.0 3163.0
16198.0 3161.0
16208.0 3153.0
16226.0 3150.0
16253.0 3148.0
16266.0 3141.0
16284.0 3138.0
16316.0 3136.0
16401.0 3135.0
16406.0 3133.0
16409.0 3131.0
16483.0 3130.0
16511.0 3128.0
