19381.0 6258.0
19383.0 6251.0
19385.0 6236.0
19391.0 6178.0
19393.0 6156.0
19399.0 6143.0
19403.0 6129.0
19408.0 6122.0
19409.0 6115.0
19412.0 6105.0
19415.0 6089.0
19422.0 6084.0
19423.0 6077.0
19425.0 6064.0
19429.0 6051.0
19437.0 6041.0
19439.0 6026.0
19447.0 6024.0
19450.0 5804.0
19455.0 5776.0
19460.0 5769.0
19461.0 5744.0
19465.0 5723.0
19469.0 5720.0
19473.0 5719.0
19474.0 5718.0
19475.0 5716.0
19476.0 5715.0
19479.0 5712.0
19481.0 5711.0
19482.0 5707.0
19484.0 5700.0
19485.0 5698.0
19487.0 5691.0
19491.0 5684.0
19497.0 5680.0
19500.0 5679.0
19501.0 5676.0
19502.0 5671.0
19506.0 5664.0
19510.0 5657.0
19514.0 5653.0
19516.0 5651.0
19518.0 5646.0
19519.0 5645.0
19523.0 5641.0
19525.0 5639.0
19526.0 5638.0
19529.0 5632.0
19530.0 5631.0
19533.0 5611.0
19536.0 5606.0
19539.0 5596.0
19540.0 5585.0
19543.0 5575.0
19547.0 5571.0
19549.0 5569.0
19551.0 5566.0
19553.0 5563.0
19555.0 5559.0
19559.0 5555.0
19560.0 5554.0
19561.0 5553.0
19564.0 5547.0
19568.0 5543.0
19570.0 5541.0
19574.0 5535.0
19578.0 5531.0
19584.0 5525.0
19588.0 5518.0
19593.0 5512.0
19594.0 5505.0
19596.0 5503.0
19601.0 5501.0
19602.0 5490.0
19603.0 5485.0
19610.0 5477.0
19611.0 5470.0
19616.0 5466.0
19621.0 5460.0
19624.0 5451.0
19631.0 5447.0
19634.0 5441.0
19641.0 5437.0
19644.0 5433.0
19646.0 5431.0
19648.0 5428.0
19652.0 5427.0
19655.0 5426.0
19656.0 5421.0
19658.0 5418.0
19662.0 5415.0
19665.0 5414.0
19666.0 5410.0
19668.0 5408.0
19672.0 5405.0
19675.0 5404.0
19676.0 5403.0
19679.0 5401.0
19680.0 5397.0
19683.0 5392.0
19686.0 5387.0
19695.0 5385.0
19698.0 5380.0
19701.0 5375.0
19704.0 5371.0
19707.0 5370.0
19713.0 5368.0
19716.0 5364.0
19719.0 5359.0
19722.0 5358.0
19725.0 5354.0
19729.0 5353.0
19731.0 5352.0
19733.0 5348.0
19736.0 5347.0
19737.0 5344.0
19739.0 5342.0
19743.0 5338.0
19746.0 5337.0
19750.0 5336.0
19752.0 5333.0
19754.0 5331.0
19755.0 5328.0
19757.0 5326.0
19760.0 5325.0
19765.0 5324.0
19770.0 5317.0
19773.0 5316.0
19775.0 5315.0
19778.0 5314.0
19783.0 5311.0
19787.0 5310.0
19788.0 5309.0
19789.0 5308.0
19790.0 5303.0
19793.0 5302.0
19796.0 5300.0
19799.0 5299.0
19803.0 5298.0
19805.0 5294.0
19806.0 5293.0
19809.0 5288.0
19810.0 5287.0
19811.0 5286.0
19814.0 5285.0
19818.0 5283.0
19821.0 5280.0
19825.0 5278.0
19826.0 5277.0
19832.0 5276.0
19835.0 5274.0
19836.0 5271.0
19837.0 5270.0
19840.0 5266.0
19842.0 5265.0
19847.0 5264.0
19850.0 5260.0
19853.0 5259.0
19855.0 5258.0
19859.0 5252.0
19860.0 5251.0
19865.0 5250.0
19866.0 5249.0
19867.0 5248.0
19870.0 5245.0
19874.0 5243.0
19875.0 5242.0
19880.0 5241.0
19881.0 5240.0
19883.0 5239.0
19885.0 5236.0
19887.0 5228.0
19891.0 5220.0
19895.0 5216.0
19901.0 5210.0
19905.0 5206.0
19911.0 5204.0
19915.0 5203.0
19917.0 5196.0
19921.0 5192.0
19927.0 5188.0
19931.0 5184.0
19936.0 5182.0
19938.0 5179.0
19942.0 5175.0
19946.0 5172.0
19950.0 5168.0
19958.0 5163.0
19962.0 5159.0
19972.0 5155.0
19976.0 5154.0
19977.0 5153.0
19979.0 5151.0
19983.0 5150.0
19985.0 5149.0
19986.0 5145.0
19990.0 5141.0
19993.0 5140.0
19994.0 5139.0
19996.0 5135.0
20000.0 5133.0
20001.0 5132.0
20005.0 5130.0
20010.0 5123.0
20014.0 5122.0
20017.0 5117.0
20026.0 5110.0
20029.0 5105.0
20033.0 5104.0
20036.0 5098.0
20038.0 5092.0
20045.0 5088.0
20048.0 5086.0
20050.0 5080.0
20057.0 5076.0
20062.0 5068.0
20070.0 5062.0
20077.0 5057.0
20082.0 5050.0
20092.0 5046.0
20097.0 5039.0
20111.0 5036.0
20116.0 5034.0
20122.0 5028.0
20136.0 5025.0
20146.0 5023.0
20152.0 5020.0
20155.0 5017.0
20169.0 5014.0
20179.0 5012.0
20183.0 5010.0
20193.0 5009.0
20194.0 5007.0
20202.0 5002.0
20216.0 4999.0
20226.0 4997.0
20227.0 4996.0
20235.0 4991.0
20249.0 4988.0
20256.0 4987.0
20259.0 4986.0
20262.0 4983.0
20269.0 4978.0
20273.0 4976.0
20276.0 4975.0
20279.0 4974.0
20280.0 4973.0
20286.0 4971.0
20290.0 4969.0
20293.0 4968.0
20294.0 4967.0
20297.0 4966.0
20298.0 4965.0
20300.0 4961.0
20303.0 4960.0
20304.0 4959.0
20307.0 4958.0
20310.0 4957.0
20313.0 4956.0
20317.0 4954.0
20321.0 4952.0
20327.0 4950.0
20328.0 4949.0
20332.0 4947.0
20334.0 4943.0
20338.0 4941.0
20344.0 4939.0
20349.0 4938.0
20350.0 4937.0
20354.0 4935.0
20374.0 4934.0
20375.0 4933.0
20378.0 4932.0
20379.0 4931.0
20383.0 4927.0
20389.0 4925.0
20394.0 4924.0
20398.0 4922.0
20399.0 4921.0
20420.0 4916.0
20438.0 4913.0
20460.0 4912.0
20477.0 4911.0
20485.0 4908.0
20487.0 4906.0
20494.0 4903.0
20500.0 4899.0
20508.0 4898.0
20511.0 4897.0
20514.0 4894.0
20518.0 4893.0
20522.0 4892.0
20524.0 4890.0
20527.0 4889.0
20532.0 4888.0
20538.0 4887.0
20539.0 4884.0
20543.0 4883.0
20545.0 4881.0
20550.0 4879.0
20556.0 4877.0
20558.0 4875.0
20564.0 4874.0
20569.0 4873.0
20571.0 4871.0
20574.0 4869.0
20577.0 4868.0
20579.0 4866.0
20586.0 4865.0
20588.0 4864.0
20595.0 4860.0
20603.0 4858.0
20605.0 4856.0
20612.0 4855.0
20619.0 4851.0
20621.0 4850.0
20631.0 4849.0
20639.0 4848.0
20645.0 4841.0
20663.0 4839.0
20665.0 4838.0
20687.0 4837.0
20689.0 4829.0
20713.0 4827.0
20755.0 4826.0
20759.0 4825.0
20768.0 4824.0
20772.0 4823.0
20781.0 4821.0
20785.0 4820.0
20787.0 4819.0
20790.0 4818.0
20794.0 4817.0
20800.0 4815.0
20804.0 4814.0
20806.0 4813.0
20810.0 4812.0
20823.0 4810.0
20832.0 4809.0
20843.0 4807.0
20847.0 4806.0
20851.0 4805.0
20860.0 4804.0
20862.0 4801.0
20866.0 4800.0
20870.0 4799.0
20879.0 4798.0
20887.0 4796.0
20894.0 4795.0
20905.0 4794.0
20910.0 4792.0
20923.0 4790.0
20932.0 4786.0
20955.0 4783.0
20967.0 4780.0
20976.0 4776.0
20990.0 4774.0
21009.0 4773.0
21015.0 4771.0
21031.0 4770.0
21050.0 4768.0
21056.0 4767.0
21152.0 4766.0
21161.0 4761.0
21172.0 4760.0
21177.0 4759.0
21185.0 4758.0
21193.0 4755.0
21194.0 4754.0
21199.0 4753.0
21203.0 4749.0
21219.0 4747.0
21221.0 4746.0
21224.0 4744.0
21237.0 4739.0
21259.0 4738.0
21262.0 4736.0
21263.0 4734.0
21272.0 4730.0
21280.0 4727.0
21289.0 4723.0
21321.0 4719.0
21331.0 4716.0
21363.0 4712.0
21380.0 4711.0
21390.0 4709.0
21418.0 4707.0
21422.0 4705.0
21439.0 4704.0
