24776.0 7786.0
24777.0 7734.0
24779.0 7716.0
24780.0 7702.0
24782.0 7684.0
24785.0 7677.0
24786.0 7672.0
24787.0 7671.0
24788.0 7664.0
24791.0 7613.0
24792.0 7587.0
24797.0 7577.0
24801.0 7571.0
24803.0 7563.0
24807.0 7562.0
24808.0 7559.0
24810.0 7557.0
24811.0 7553.0
24812.0 7550.0
24813.0 7537.0
24815.0 7535.0
24816.0 7531.0
24818.0 7527.0
24820.0 7462.0
24821.0 7446.0
24823.0 7435.0
24824.0 7423.0
24826.0 7412.0
24827.0 7411.0
24828.0 7406.0
24829.0 7394.0
24831.0 7383.0
24834.0 7378.0
24836.0 7367.0
24840.0 7355.0
24841.0 7314.0
24844.0 7291.0
24849.0 7289.0
24854.0 7267.0
24856.0 7266.0
24861.0 7264.0
24863.0 7257.0
24864.0 7250.0
24865.0 7247.0
24866.0 7242.0
24873.0 7229.0
24877.0 7222.0
24883.0 7212.0
24885.0 7204.0
24890.0 7201.0
24892.0 7195.0
24895.0 7194.0
24899.0 7187.0
24900.0 7184.0
24902.0 7176.0
24907.0 7174.0
24909.0 7167.0
24912.0 7160.0
24917.0 7158.0
24919.0 7151.0
24922.0 7147.0
24926.0 7145.0
24929.0 7138.0
24932.0 7131.0
24935.0 7129.0
24936.0 7125.0
24939.0 7122.0
24942.0 7120.0
24943.0 7116.0
24945.0 7113.0
24946.0 7110.0
24951.0 7108.0
24952.0 7104.0
24953.0 7101.0
24958.0 7099.0
24959.0 7098.0
24961.0 7097.0
24964.0 7093.0
24965.0 7091.0
24966.0 7083.0
24972.0 7074.0
24975.0 7072.0
24977.0 7067.0
24979.0 7060.0
24982.0 7055.0
24986.0 7048.0
24988.0 7041.0
24993.0 7035.0
24995.0 7028.0
24999.0 7025.0
25000.0 7024.0
25002.0 7017.0
25006.0 7014.0
25012.0 7011.0
25015.0 7006.0
25017.0 6999.0
25019.0 6998.0
25021.0 6996.0
25023.0 6995.0
25024.0 6994.0
25025.0 6990.0
25026.0 6987.0
25030.0 6984.0
25031.0 6981.0
25032.0 6978.0
25036.0 6975.0
25040.0 6972.0
25041.0 6969.0
25045.0 6966.0
25046.0 6963.0
25047.0 6960.0
25051.0 6957.0
25052.0 6955.0
25056.0 6952.0
25057.0 6951.0
25058.0 6947.0
25059.0 6944.0
25063.0 6941.0
25069.0 6939.0
25070.0 6935.0
25071.0 6932.0
25073.0 6929.0
25074.0 6926.0
25078.0 6923.0
25084.0 6921.0
25085.0 6917.0
25086.0 6914.0
25090.0 6911.0
25095.0 6909.0
25096.0 6906.0
25098.0 6905.0
25104.0 6904.0
25106.0 6901.0
25107.0 6897.0
25108.0 6894.0
25110.0 6893.0
25113.0 6892.0
25115.0 6891.0
25116.0 6888.0
25118.0 6885.0
25119.0 6882.0
25125.0 6879.0
25127.0 6878.0
25129.0 6877.0
25130.0 6873.0
25131.0 6870.0
25133.0 6868.0
25135.0 6867.0
25139.0 6865.0
25144.0 6863.0
25146.0 6862.0
25147.0 6861.0
25148.0 6860.0
25149.0 6857.0
25152.0 6853.0
25153.0 6850.0
25155.0 6849.0
25163.0 6848.0
25164.0 6845.0
25166.0 6844.0
25168.0 6841.0
25169.0 6838.0
25171.0 6837.0
25172.0 6834.0
25176.0 6831.0
25177.0 6827.0
25178.0 6824.0
25184.0 6821.0
25188.0 6820.0
25189.0 6817.0
25192.0 6813.0
25193.0 6810.0
25194.0 6807.0
25196.0 6805.0
25197.0 6802.0
25202.0 6801.0
25204.0 6799.0
25205.0 6796.0
25210.0 6795.0
25212.0 6792.0
25213.0 6790.0
25215.0 6788.0
25216.0 6785.0
25217.0 6782.0
25219.0 6780.0
25220.0 6777.0
25225.0 6776.0
25227.0 6774.0
25228.0 6771.0
25233.0 6770.0
25234.0 6767.0
25239.0 6766.0
25241.0 6764.0
25242.0 6761.0
25245.0 6759.0
25247.0 6757.0
25248.0 6754.0
25251.0 6752.0
25253.0 6750.0
25254.0 6747.0
25256.0 6745.0
25257.0 6742.0
25262.0 6741.0
25264.0 6739.0
25265.0 6736.0
25268.0 6734.0
25270.0 6732.0
25271.0 6729.0
25274.0 6727.0
25278.0 6726.0
25279.0 6723.0
25282.0 6721.0
25287.0 6719.0
25290.0 6717.0
25296.0 6715.0
25299.0 6713.0
25300.0 6711.0
25303.0 6710.0
25306.0 6708.0
25308.0 6705.0
25309.0 6703.0
25313.0 6701.0
25314.0 6698.0
25317.0 6696.0
25321.0 6695.0
25322.0 6692.0
25325.0 6690.0
25331.0 6688.0
25334.0 6686.0
25340.0 6684.0
25344.0 6682.0
25346.0 6681.0
25348.0 6679.0
25349.0 6677.0
25351.0 6674.0
25352.0 6672.0
25361.0 6670.0
25362.0 6668.0
25363.0 6666.0
25365.0 6664.0
25366.0 6661.0
25374.0 6659.0
25380.0 6658.0
25381.0 6656.0
25383.0 6655.0
25385.0 6654.0
25386.0 6651.0
25392.0 6648.0
25395.0 6646.0
25398.0 6643.0
25403.0 6641.0
25404.0 6639.0
25405.0 6637.0
25406.0 6636.0
25407.0 6633.0
25410.0 6632.0
25415.0 6629.0
25416.0 6626.0
25419.0 6625.0
25421.0 6624.0
25423.0 6622.0
25426.0 6621.0
25428.0 6618.0
25429.0 6615.0
25432.0 6614.0
25437.0 6611.0
25440.0 6610.0
25441.0 6607.0
25443.0 6606.0
25445.0 6604.0
25448.0 6603.0
25451.0 6602.0
25454.0 6601.0
25455.0 6598.0
25458.0 6597.0
25460.0 6595.0
25462.0 6594.0
25464.0 6592.0
25470.0 6590.0
25473.0 6589.0
25474.0 6586.0
25480.0 6584.0
25486.0 6582.0
25488.0 6580.0
25490.0 6578.0
25492.0 6577.0
25494.0 6575.0
25498.0 6574.0
25499.0 6572.0
25503.0 6568.0
25509.0 6566.0
25519.0 6565.0
25520.0 6563.0
25523.0 6562.0
25524.0 6559.0
25528.0 6558.0
25530.0 6557.0
25532.0 6554.0
25533.0 6551.0
25537.0 6550.0
25543.0 6548.0
25549.0 6547.0
25551.0 6546.0
25555.0 6545.0
25561.0 6543.0
25564.0 6542.0
25565.0 6539.0
25569.0 6538.0
25580.0 6537.0
25581.0 6535.0
25588.0 6533.0
25591.0 6532.0
25599.0 6531.0
25601.0 6530.0
25603.0 6529.0
25604.0 6527.0
25608.0 6523.0
25612.0 6520.0
25618.0 6519.0
25628.0 6516.0
25633.0 6513.0
25636.0 6510.0
25642.0 6509.0
25648.0 6506.0
25652.0 6504.0
25658.0 6503.0
25660.0 6502.0
25661.0 6501.0
25662.0 6500.0
25665.0 6499.0
25666.0 6497.0
25676.0 6494.0
25682.0 6491.0
25690.0 6487.0
25701.0 6485.0
25706.0 6483.0
25708.0 6481.0
25724.0 6477.0
25742.0 6476.0
25744.0 6475.0
25755.0 6473.0
25757.0 6471.0
25759.0 6470.0
25762.0 6469.0
25770.0 6468.0
25774.0 6467.0
25775.0 6465.0
25777.0 6464.0
25791.0 6463.0
25793.0 6462.0
25807.0 6461.0
25809.0 6460.0
25823.0 6457.0
25825.0 6456.0
25851.0 6455.0
25858.0 6453.0
25860.0 6452.0
25886.0 6451.0
25895.0 6450.0
25897.0 6449.0
25920.0 6444.0
25925.0 6443.0
25934.0 6438.0
25941.0 6437.0
25950.0 6435.0
25955.0 6431.0
25966.0 6430.0
25973.0 6429.0
25975.0 6428.0
25981.0 6427.0
25982.0 6426.0
25983.0 6425.0
25984.0 6424.0
25987.0 6423.0
25994.0 6422.0
25996.0 6421.0
26002.0 6420.0
26003.0 6419.0
26012.0 6418.0
26013.0 6417.0
26015.0 6415.0
26017.0 6414.0
26027.0 6413.0
26032.0 6412.0
26035.0 6411.0
26040.0 6408.0
26041.0 6407.0
26048.0 6406.0
26056.0 6405.0
26057.0 6404.0
26061.0 6401.0
26062.0 6400.0
26073.0 6399.0
26077.0 6398.0
26082.0 6397.0
26089.0 6396.0
26090.0 6394.0
26091.0 6393.0
26094.0 6392.0
26102.0 6391.0
26103.0 6390.0
26110.0 6389.0
26118.0 6388.0
26119.0 6387.0
26122.0 6386.0
26123.0 6384.0
26124.0 6383.0
26142.0 6382.0
26147.0 6381.0
26148.0 6380.0
26152.0 6377.0
26153.0 6376.0
26202.0 6375.0
26218.0 6373.0
26232.0 6371.0
26242.0 6368.0
26256.0 6367.0
26270.0 6365.0
26284.0 6364.0
26305.0 6363.0
26317.0 6362.0
26319.0 6361.0
26326.0 6360.0
26331.0 6359.0
26335.0 6356.0
26339.0 6355.0
26348.0 6354.0
26356.0 6353.0
26360.0 6352.0
26361.0 6348.0
26371.0 6347.0
26372.0 6343.0
26381.0 6342.0
26391.0 6341.0
26403.0 6340.0
26413.0 6339.0
26417.0 6338.0
26426.0 6337.0
26436.0 6336.0
26437.0 6333.0
26447.0 6332.0
26459.0 6331.0
26469.0 6330.0
26471.0 6329.0
26492.0 6327.0
26495.0 6326.0
26501.0 6323.0
26508.0 6321.0
26542.0 6319.0
26549.0 6317.0
26565.0 6316.0
26582.0 6315.0
26585.0 6314.0
26591.0 6311.0
26616.0 6310.0
26632.0 6307.0
26650.0 6304.0
26662.0 6302.0
26671.0 6300.0
26681.0 6299.0
26684.0 6296.0
26693.0 6294.0
26704.0 6293.0
26709.0 6290.0
26719.0 6289.0
26731.0 6284.0
26751.0 6283.0
26754.0 6282.0
26755.0 6281.0
26762.0 6279.0
26777.0 6278.0
26786.0 6276.0
26789.0 6273.0
26812.0 6271.0
26813.0 6270.0
26820.0 6268.0
26844.0 6265.0
26949.0 6264.0
26956.0 6262.0
26980.0 6259.0
