85.0 137.0
88.0 129.0
88.0 129.0
92.0 116.0
92.0 116.0
92.0 116.0
92.0 116.0
88.0 129.0
92.0 116.0
96.0 106.0
88.0 129.0
87.0 131.0
98.0 104.0
96.0 106.0
88.0 129.0
98.0 104.0
96.0 106.0
96.0 106.0
88.0 129.0
88.0 129.0
96.0 106.0
96.0 106.0
98.0 104.0
91.0 120.0
96.0 106.0
87.0 131.0
98.0 104.0
92.0 116.0
87.0 131.0
87.0 131.0
96.0 106.0
96.0 106.0
107.0 101.0
107.0 101.0
87.0 131.0
95.0 111.0
87.0 131.0
107.0 101.0
85.0 137.0
107.0 101.0
95.0 111.0
92.0 116.0
98.0 104.0
87.0 131.0
88.0 129.0
91.0 120.0
107.0 101.0
88.0 129.0
96.0 106.0
96.0 106.0
88.0 129.0
107.0 101.0
95.0 111.0
107.0 101.0
87.0 131.0
87.0 131.0
96.0 106.0
87.0 131.0
95.0 111.0
107.0 101.0
92.0 116.0
107.0 101.0
96.0 106.0
95.0 111.0
92.0 116.0
95.0 111.0
92.0 116.0
95.0 111.0
92.0 116.0
85.0 137.0
107.0 101.0
98.0 104.0
88.0 129.0
95.0 111.0
87.0 131.0
87.0 131.0
95.0 111.0
98.0 104.0
92.0 116.0
98.0 104.0
95.0 111.0
98.0 104.0
98.0 104.0
98.0 104.0
98.0 104.0
91.0 120.0
92.0 116.0
107.0 101.0
88.0 129.0
95.0 111.0
95.0 111.0
107.0 101.0
107.0 101.0
95.0 111.0
98.0 104.0
95.0 111.0
87.0 131.0
107.0 101.0
88.0 129.0
91.0 120.0
