19.0 192.0
19.0 192.0
19.0 192.0
19.0 192.0
18.0 207.0
18.0 207.0
20.0 191.0
18.0 207.0
20.0 191.0
19.0 192.0
19.0 192.0
18.0 207.0
18.0 207.0
25.0 160.0
20.0 191.0
19.0 192.0
18.0 207.0
20.0 191.0
25.0 160.0
25.0 160.0
25.0 160.0
31.0 152.0
20.0 191.0
18.0 207.0
23.0 162.0
33.0 148.0
23.0 162.0
33.0 148.0
25.0 160.0
33.0 148.0
20.0 191.0
18.0 207.0
20.0 191.0
33.0 148.0
19.0 192.0
23.0 162.0
21.0 171.0
27.0 156.0
31.0 152.0
23.0 162.0
31.0 152.0
33.0 148.0
31.0 152.0
33.0 148.0
21.0 171.0
19.0 192.0
25.0 160.0
21.0 171.0
20.0 191.0
21.0 171.0
23.0 162.0
27.0 156.0
31.0 152.0
27.0 156.0
21.0 171.0
31.0 152.0
25.0 160.0
31.0 152.0
31.0 152.0
23.0 162.0
25.0 160.0
19.0 192.0
18.0 207.0
33.0 148.0
20.0 191.0
31.0 152.0
33.0 148.0
21.0 171.0
27.0 156.0
33.0 148.0
23.0 162.0
27.0 156.0
21.0 171.0
27.0 156.0
27.0 156.0
29.0 154.0
29.0 154.0
21.0 171.0
29.0 154.0
20.0 191.0
27.0 156.0
29.0 154.0
29.0 154.0
29.0 154.0
25.0 160.0
21.0 171.0
29.0 154.0
31.0 152.0
18.0 207.0
29.0 154.0
29.0 154.0
23.0 162.0
27.0 156.0
33.0 148.0
25.0 160.0
23.0 162.0
29.0 154.0
27.0 156.0
21.0 171.0
23.0 162.0
