52.0 142.0
60.0 136.0
52.0 142.0
62.0 133.0
62.0 133.0
62.0 133.0
56.0 140.0
62.0 133.0
47.0 167.0
60.0 136.0
47.0 167.0
48.0 159.0
62.0 133.0
59.0 137.0
47.0 167.0
66.0 132.0
66.0 132.0
48.0 159.0
55.0 141.0
56.0 140.0
47.0 167.0
59.0 137.0
56.0 140.0
66.0 132.0
66.0 132.0
47.0 167.0
59.0 137.0
52.0 142.0
62.0 133.0
52.0 142.0
66.0 132.0
66.0 132.0
50.0 152.0
50.0 152.0
55.0 141.0
48.0 159.0
55.0 141.0
59.0 137.0
48.0 159.0
60.0 136.0
47.0 167.0
66.0 132.0
50.0 152.0
48.0 159.0
55.0 141.0
50.0 152.0
62.0 133.0
56.0 140.0
48.0 159.0
50.0 152.0
51.0 144.0
51.0 144.0
55.0 141.0
61.0 135.0
48.0 159.0
48.0 159.0
56.0 140.0
51.0 144.0
51.0 144.0
60.0 136.0
47.0 167.0
66.0 132.0
59.0 137.0
56.0 140.0
50.0 152.0
52.0 142.0
50.0 152.0
56.0 140.0
52.0 142.0
50.0 152.0
61.0 135.0
51.0 144.0
47.0 167.0
61.0 135.0
52.0 142.0
61.0 135.0
59.0 137.0
48.0 159.0
66.0 132.0
56.0 140.0
50.0 152.0
60.0 136.0
60.0 136.0
61.0 135.0
59.0 137.0
61.0 135.0
59.0 137.0
60.0 136.0
51.0 144.0
61.0 135.0
47.0 167.0
55.0 141.0
62.0 133.0
52.0 142.0
55.0 141.0
60.0 136.0
51.0 144.0
55.0 141.0
51.0 144.0
61.0 135.0
