737.0 938.0
742.0 901.0
734.0 966.0
737.0 938.0
725.0 1028.0
745.0 891.0
753.0 869.0
755.0 861.0
758.0 856.0
727.0 1007.0
767.0 825.0
745.0 891.0
727.0 1007.0
734.0 966.0
774.0 817.0
742.0 901.0
730.0 988.0
774.0 817.0
754.0 864.0
724.0 1030.0
742.0 901.0
758.0 856.0
750.0 874.0
750.0 874.0
747.0 884.0
767.0 825.0
733.0 970.0
730.0 988.0
729.0 992.0
741.0 906.0
729.0 992.0
726.0 1012.0
728.0 1002.0
747.0 884.0
741.0 906.0
731.0 985.0
740.0 912.0
755.0 861.0
731.0 985.0
754.0 864.0
767.0 825.0
744.0 896.0
735.0 960.0
759.0 850.0
747.0 884.0
725.0 1028.0
728.0 1002.0
762.0 840.0
744.0 896.0
735.0 960.0
733.0 970.0
746.0 889.0
770.0 822.0
758.0 856.0
751.0 872.0
776.0 810.0
740.0 912.0
759.0 850.0
737.0 938.0
732.0 977.0
753.0 869.0
724.0 1030.0
735.0 960.0
727.0 1007.0
746.0 889.0
739.0 917.0
776.0 810.0
736.0 955.0
779.0 807.0
744.0 896.0
749.0 879.0
736.0 955.0
764.0 835.0
779.0 807.0
733.0 970.0
732.0 977.0
764.0 835.0
749.0 879.0
753.0 869.0
771.0 820.0
732.0 977.0
724.0 1030.0
764.0 835.0
776.0 810.0
729.0 992.0
736.0 955.0
774.0 817.0
779.0 807.0
751.0 872.0
762.0 840.0
741.0 906.0
759.0 850.0
762.0 840.0
771.0 820.0
755.0 861.0
749.0 879.0
734.0 966.0
728.0 1002.0
740.0 912.0
770.0 822.0
