117.0 1038.0
117.0 1038.0
153.0 907.0
108.0 1115.0
146.0 921.0
153.0 907.0
117.0 1038.0
139.0 930.0
155.0 903.0
117.0 1038.0
136.0 939.0
143.0 928.0
108.0 1115.0
144.0 925.0
153.0 907.0
112.0 1100.0
112.0 1100.0
155.0 903.0
144.0 925.0
149.0 913.0
108.0 1115.0
116.0 1056.0
116.0 1056.0
118.0 1023.0
118.0 1023.0
117.0 1038.0
139.0 930.0
116.0 1056.0
118.0 1023.0
118.0 1023.0
123.0 982.0
113.0 1071.0
147.0 917.0
159.0 901.0
113.0 1071.0
112.0 1100.0
123.0 982.0
123.0 982.0
144.0 925.0
112.0 1100.0
147.0 917.0
116.0 1056.0
139.0 930.0
120.0 1012.0
121.0 996.0
135.0 948.0
129.0 960.0
136.0 939.0
159.0 901.0
145.0 922.0
129.0 960.0
149.0 913.0
113.0 1071.0
120.0 1012.0
159.0 901.0
135.0 948.0
125.0 962.0
113.0 1071.0
120.0 1012.0
161.0 897.0
145.0 922.0
115.0 1057.0
143.0 928.0
144.0 925.0
121.0 996.0
112.0 1100.0
145.0 922.0
125.0 962.0
120.0 1012.0
125.0 962.0
161.0 897.0
161.0 897.0
123.0 982.0
118.0 1023.0
121.0 996.0
121.0 996.0
132.0 953.0
132.0 953.0
113.0 1071.0
143.0 928.0
121.0 996.0
132.0 953.0
125.0 962.0
135.0 948.0
161.0 897.0
123.0 982.0
129.0 960.0
143.0 928.0
155.0 903.0
139.0 930.0
149.0 913.0
145.0 922.0
132.0 953.0
159.0 901.0
147.0 917.0
120.0 1012.0
147.0 917.0
129.0 960.0
149.0 913.0
135.0 948.0
