435.0 1297.0
435.0 1297.0
464.0 1085.0
438.0 1215.0
459.0 1110.0
459.0 1110.0
447.0 1145.0
447.0 1145.0
452.0 1139.0
435.0 1297.0
459.0 1110.0
473.0 1070.0
444.0 1160.0
437.0 1295.0
494.0 1044.0
447.0 1145.0
496.0 1037.0
447.0 1145.0
460.0 1109.0
488.0 1047.0
488.0 1047.0
437.0 1295.0
452.0 1139.0
487.0 1052.0
496.0 1037.0
450.0 1142.0
478.0 1060.0
460.0 1109.0
471.0 1077.0
462.0 1100.0
460.0 1109.0
461.0 1106.0
473.0 1070.0
461.0 1106.0
468.0 1084.0
468.0 1084.0
450.0 1142.0
487.0 1052.0
471.0 1077.0
452.0 1139.0
461.0 1106.0
435.0 1297.0
478.0 1060.0
452.0 1139.0
484.0 1057.0
450.0 1142.0
462.0 1100.0
463.0 1099.0
455.0 1120.0
453.0 1124.0
493.0 1045.0
469.0 1079.0
458.0 1113.0
441.0 1184.0
437.0 1295.0
458.0 1113.0
462.0 1100.0
475.0 1065.0
488.0 1047.0
441.0 1184.0
494.0 1044.0
450.0 1142.0
475.0 1065.0
463.0 1099.0
461.0 1106.0
486.0 1054.0
455.0 1120.0
441.0 1184.0
468.0 1084.0
468.0 1084.0
458.0 1113.0
441.0 1184.0
469.0 1079.0
453.0 1124.0
453.0 1124.0
494.0 1044.0
496.0 1037.0
455.0 1120.0
484.0 1057.0
486.0 1054.0
487.0 1052.0
463.0 1099.0
486.0 1054.0
478.0 1060.0
485.0 1055.0
438.0 1215.0
488.0 1047.0
456.0 1115.0
475.0 1065.0
493.0 1045.0
496.0 1037.0
456.0 1115.0
484.0 1057.0
444.0 1160.0
455.0 1120.0
456.0 1115.0
469.0 1079.0
471.0 1077.0
453.0 1124.0
478.0 1060.0
