6194.0 580.0
5786.0 748.0
6180.0 584.0
6122.0 601.0
6360.0 565.0
6122.0 601.0
6360.0 565.0
6034.0 613.0
5796.0 723.0
6194.0 580.0
6000.0 617.0
5796.0 723.0
6150.0 590.0
6208.0 579.0
6180.0 584.0
5796.0 723.0
6150.0 590.0
6090.0 602.0
5812.0 698.0
5786.0 748.0
6222.0 575.0
6034.0 613.0
5814.0 684.0
6208.0 579.0
5788.0 747.0
5996.0 619.0
6000.0 617.0
6194.0 580.0
6090.0 602.0
5808.0 700.0
5804.0 701.0
6034.0 613.0
5860.0 664.0
5788.0 747.0
5996.0 619.0
5890.0 660.0
5804.0 701.0
5898.0 653.0
6150.0 590.0
5860.0 664.0
6078.0 606.0
5886.0 661.0
5812.0 698.0
5820.0 676.0
5898.0 653.0
6090.0 602.0
5824.0 675.0
5820.0 676.0
6222.0 575.0
6136.0 597.0
6208.0 579.0
5812.0 698.0
5926.0 628.0
5824.0 675.0
5838.0 668.0
6078.0 606.0
6164.0 586.0
5814.0 684.0
5898.0 653.0
5926.0 628.0
6164.0 586.0
5818.0 683.0
6180.0 584.0
6038.0 612.0
5914.0 636.0
5996.0 619.0
5886.0 661.0
5860.0 664.0
5914.0 636.0
5890.0 660.0
5914.0 636.0
5824.0 675.0
5808.0 700.0
6230.0 573.0
5818.0 683.0
5902.0 652.0
5886.0 661.0
5820.0 676.0
5902.0 652.0
6136.0 597.0
6000.0 617.0
5890.0 660.0
6360.0 565.0
5804.0 701.0
6164.0 586.0
5864.0 663.0
5926.0 628.0
6122.0 601.0
5864.0 663.0
6038.0 612.0
6078.0 606.0
5814.0 684.0
5978.0 620.0
6222.0 575.0
5978.0 620.0
6038.0 612.0
5978.0 620.0
5902.0 652.0
6136.0 597.0
5864.0 663.0
