2462.0 200.0
2462.0 200.0
2480.0 188.0
2478.0 190.0
2478.0 190.0
2480.0 188.0
2478.0 190.0
2478.0 190.0
2468.0 194.0
2468.0 194.0
2541.0 158.0
2484.0 178.0
2484.0 178.0
2484.0 178.0
2518.0 167.0
2452.0 218.0
2478.0 190.0
2518.0 167.0
2478.0 190.0
2452.0 218.0
2541.0 158.0
2518.0 167.0
2518.0 167.0
2518.0 167.0
2541.0 158.0
2452.0 218.0
2541.0 158.0
2452.0 218.0
2520.0 164.0
2498.0 170.0
2541.0 158.0
2484.0 178.0
2520.0 164.0
2480.0 188.0
2455.0 210.0
2520.0 164.0
2484.0 178.0
2455.0 210.0
2484.0 178.0
2455.0 210.0
2541.0 158.0
2455.0 210.0
2541.0 158.0
2480.0 188.0
2452.0 218.0
2521.0 161.0
2520.0 164.0
2455.0 210.0
2452.0 218.0
2520.0 164.0
2484.0 178.0
2498.0 170.0
2468.0 194.0
2521.0 161.0
2468.0 194.0
2484.0 178.0
2518.0 167.0
2452.0 218.0
2452.0 218.0
2551.0 155.0
2461.0 208.0
2468.0 194.0
2521.0 161.0
2480.0 188.0
2455.0 210.0
2551.0 155.0
2520.0 164.0
2551.0 155.0
2461.0 208.0
2468.0 194.0
2521.0 161.0
2461.0 208.0
2478.0 190.0
2461.0 208.0
2468.0 194.0
2455.0 210.0
2461.0 208.0
2461.0 208.0
2521.0 161.0
2498.0 170.0
2461.0 208.0
2551.0 155.0
2551.0 155.0
2518.0 167.0
2498.0 170.0
2518.0 167.0
2551.0 155.0
2468.0 194.0
2521.0 161.0
2498.0 170.0
2498.0 170.0
2498.0 170.0
2498.0 170.0
2461.0 208.0
2455.0 210.0
2520.0 164.0
2551.0 155.0
2551.0 155.0
2541.0 158.0
2521.0 161.0
