4828.0 328.0
4864.0 327.0
4761.0 336.0
4761.0 336.0
4828.0 328.0
4761.0 336.0
4583.0 432.0
4828.0 328.0
4864.0 327.0
4600.0 406.0
4864.0 327.0
4586.0 420.0
4595.0 407.0
4761.0 336.0
4595.0 407.0
4603.0 404.0
4761.0 336.0
4761.0 336.0
4605.0 380.0
4694.0 346.0
4586.0 420.0
4595.0 407.0
4583.0 432.0
4680.0 347.0
4603.0 404.0
4712.0 338.0
4603.0 404.0
4583.0 432.0
4694.0 346.0
4712.0 338.0
4605.0 380.0
4680.0 347.0
4595.0 407.0
4694.0 346.0
4712.0 338.0
4712.0 338.0
4586.0 420.0
4583.0 432.0
4626.0 372.0
4680.0 347.0
4583.0 432.0
4708.0 343.0
4586.0 420.0
4627.0 371.0
4603.0 404.0
4627.0 371.0
4649.0 358.0
4635.0 370.0
4600.0 406.0
4657.0 357.0
4649.0 358.0
4712.0 338.0
4657.0 357.0
4708.0 343.0
4626.0 372.0
4674.0 350.0
4614.0 375.0
4694.0 346.0
4708.0 343.0
4674.0 350.0
4680.0 347.0
4708.0 343.0
4864.0 327.0
4614.0 375.0
4636.0 362.0
4680.0 347.0
4586.0 420.0
4600.0 406.0
4614.0 375.0
4657.0 357.0
4694.0 346.0
4635.0 370.0
4614.0 375.0
4635.0 370.0
4657.0 357.0
4627.0 371.0
4626.0 372.0
4636.0 362.0
4649.0 358.0
4636.0 362.0
4636.0 362.0
4603.0 404.0
4627.0 371.0
4636.0 362.0
4694.0 346.0
4627.0 371.0
4674.0 350.0
4595.0 407.0
4649.0 358.0
4708.0 343.0
4649.0 358.0
4635.0 370.0
4674.0 350.0
4626.0 372.0
4626.0 372.0
4635.0 370.0
4828.0 328.0
4657.0 357.0
4674.0 350.0
4614.0 375.0
