5346.0 734.0
5354.0 717.0
5364.0 698.0
5365.0 684.0
5369.0 664.0
5387.0 640.0
5401.0 632.0
5411.0 630.0
5421.0 627.0
5422.0 624.0
5425.0 622.0
5432.0 621.0
5438.0 620.0
5442.0 619.0
5445.0 617.0
5446.0 613.0
5459.0 612.0
5462.0 610.0
5466.0 608.0
5476.0 605.0
5483.0 601.0
5496.0 600.0
5503.0 596.0
5507.0 595.0
5514.0 594.0
5518.0 590.0
5528.0 586.0
5535.0 585.0
5550.0 582.0
5565.0 581.0
5570.0 576.0
5587.0 569.0
5591.0 567.0
5603.0 558.0
5620.0 551.0
5634.0 548.0
5646.0 541.0
5659.0 537.0
5663.0 534.0
5676.0 530.0
5686.0 529.0
5693.0 528.0
5702.0 525.0
5703.0 522.0
5719.0 518.0
5738.0 517.0
5756.0 516.0
5762.0 512.0
5781.0 511.0
5822.0 508.0
5838.0 507.0
5867.0 506.0
5883.0 505.0
