460.0 751.0
499.0 631.0
499.0 631.0
460.0 751.0
482.0 660.0
461.0 741.0
462.0 727.0
486.0 655.0
479.0 671.0
461.0 741.0
488.0 651.0
498.0 633.0
495.0 635.0
482.0 660.0
486.0 655.0
480.0 666.0
474.0 681.0
468.0 706.0
469.0 698.0
475.0 673.0
476.0 672.0
469.0 698.0
470.0 691.0
480.0 666.0
489.0 645.0
495.0 635.0
492.0 639.0
493.0 637.0
490.0 643.0
466.0 715.0
465.0 720.0
466.0 715.0
467.0 710.0
462.0 727.0
490.0 643.0
467.0 710.0
471.0 689.0
492.0 639.0
468.0 706.0
488.0 651.0
472.0 685.0
463.0 723.0
472.0 685.0
473.0 682.0
470.0 691.0
489.0 645.0
493.0 637.0
464.0 722.0
498.0 633.0
465.0 720.0
471.0 689.0
475.0 673.0
476.0 672.0
463.0 723.0
473.0 682.0
474.0 681.0
479.0 671.0
464.0 722.0
499.0 631.0
460.0 751.0
461.0 741.0
482.0 660.0
486.0 655.0
469.0 698.0
480.0 666.0
495.0 635.0
466.0 715.0
462.0 727.0
490.0 643.0
467.0 710.0
468.0 706.0
492.0 639.0
488.0 651.0
472.0 685.0
470.0 691.0
489.0 645.0
493.0 637.0
471.0 689.0
498.0 633.0
465.0 720.0
475.0 673.0
476.0 672.0
463.0 723.0
473.0 682.0
464.0 722.0
474.0 681.0
479.0 671.0
499.0 631.0
460.0 751.0
461.0 741.0
482.0 660.0
486.0 655.0
469.0 698.0
480.0 666.0
495.0 635.0
466.0 715.0
462.0 727.0
490.0 643.0
467.0 710.0
492.0 639.0
