48.0 623.0
22.0 713.0
48.0 623.0
22.0 713.0
44.0 627.0
24.0 698.0
25.0 683.0
23.0 703.0
42.0 632.0
39.0 639.0
40.0 634.0
44.0 627.0
25.0 683.0
28.0 671.0
32.0 657.0
26.0 676.0
33.0 650.0
29.0 664.0
36.0 643.0
37.0 640.0
34.0 647.0
42.0 632.0
23.0 703.0
24.0 698.0
34.0 647.0
36.0 643.0
33.0 650.0
29.0 664.0
26.0 676.0
30.0 661.0
27.0 673.0
40.0 634.0
30.0 661.0
27.0 673.0
31.0 659.0
31.0 659.0
32.0 657.0
28.0 671.0
37.0 640.0
39.0 639.0
48.0 623.0
22.0 713.0
44.0 627.0
25.0 683.0
42.0 632.0
23.0 703.0
24.0 698.0
34.0 647.0
36.0 643.0
29.0 664.0
26.0 676.0
33.0 650.0
40.0 634.0
30.0 661.0
27.0 673.0
31.0 659.0
28.0 671.0
32.0 657.0
37.0 640.0
39.0 639.0
48.0 623.0
22.0 713.0
44.0 627.0
25.0 683.0
42.0 632.0
23.0 703.0
24.0 698.0
34.0 647.0
36.0 643.0
26.0 676.0
33.0 650.0
29.0 664.0
40.0 634.0
30.0 661.0
27.0 673.0
31.0 659.0
28.0 671.0
32.0 657.0
37.0 640.0
39.0 639.0
48.0 623.0
22.0 713.0
44.0 627.0
25.0 683.0
42.0 632.0
23.0 703.0
24.0 698.0
34.0 647.0
36.0 643.0
29.0 664.0
26.0 676.0
33.0 650.0
40.0 634.0
27.0 673.0
30.0 661.0
31.0 659.0
28.0 671.0
32.0 657.0
37.0 640.0
39.0 639.0
