722.0 1046.0
783.0 800.0
783.0 800.0
722.0 1046.0
747.0 868.0
726.0 1006.0
723.0 1027.0
727.0 987.0
746.0 882.0
767.0 816.0
771.0 815.0
744.0 886.0
765.0 820.0
762.0 826.0
760.0 830.0
750.0 858.0
762.0 826.0
765.0 820.0
747.0 868.0
725.0 1016.0
726.0 1006.0
750.0 858.0
743.0 895.0
753.0 852.0
755.0 843.0
760.0 830.0
739.0 917.0
740.0 910.0
729.0 975.0
737.0 929.0
758.0 837.0
731.0 963.0
728.0 982.0
742.0 902.0
729.0 975.0
743.0 895.0
740.0 910.0
738.0 922.0
730.0 968.0
732.0 956.0
741.0 903.0
755.0 843.0
758.0 837.0
733.0 951.0
724.0 1022.0
735.0 940.0
736.0 934.0
734.0 945.0
725.0 1016.0
767.0 816.0
775.0 810.0
753.0 852.0
773.0 813.0
727.0 987.0
723.0 1027.0
730.0 968.0
732.0 956.0
738.0 922.0
736.0 934.0
734.0 945.0
739.0 917.0
731.0 963.0
724.0 1022.0
735.0 940.0
737.0 929.0
728.0 982.0
733.0 951.0
744.0 886.0
746.0 882.0
773.0 813.0
751.0 856.0
775.0 810.0
752.0 853.0
780.0 804.0
777.0 808.0
757.0 839.0
756.0 841.0
757.0 839.0
751.0 856.0
756.0 841.0
781.0 802.0
778.0 806.0
741.0 903.0
752.0 853.0
778.0 806.0
781.0 802.0
779.0 805.0
782.0 801.0
776.0 809.0
772.0 814.0
777.0 808.0
771.0 815.0
780.0 804.0
742.0 902.0
782.0 801.0
772.0 814.0
776.0 809.0
779.0 805.0
722.0 1046.0
783.0 800.0
