14043.0 2592.0
12970.0 3293.0
12970.0 3293.0
14043.0 2592.0
13561.0 2763.0
13439.0 2814.0
13271.0 2963.0
13518.0 2774.0
13312.0 2926.0
13019.0 3183.0
13513.0 2789.0
13229.0 2994.0
13915.0 2617.0
13981.0 2603.0
13483.0 2796.0
13143.0 3062.0
13468.0 2810.0
13716.0 2680.0
13427.0 2829.0
13904.0 2626.0
13850.0 2650.0
13187.0 3018.0
13127.0 3068.0
13655.0 2712.0
13579.0 2746.0
13147.0 3048.0
13613.0 2729.0
13411.0 2841.0
13332.0 2893.0
13289.0 2962.0
13666.0 2704.0
13765.0 2666.0
14009.0 2596.0
13171.0 3040.0
13793.0 2657.0
13245.0 2988.0
13709.0 2690.0
12975.0 3268.0
13035.0 3173.0
13065.0 3125.0
13535.0 2764.0
13971.0 2605.0
13739.0 2677.0
13765.0 2666.0
13065.0 3125.0
12979.0 3249.0
13209.0 3016.0
13048.0 3141.0
13248.0 2978.0
12997.0 3213.0
13354.0 2879.0
13793.0 2657.0
13087.0 3106.0
13039.0 3155.0
13939.0 2615.0
13947.0 2607.0
13823.0 2651.0
13382.0 2857.0
13299.0 2952.0
13302.0 2936.0
13416.0 2831.0
14009.0 2596.0
12975.0 3268.0
13394.0 2846.0
13048.0 3141.0
13579.0 2746.0
13637.0 2716.0
13854.0 2640.0
13364.0 2869.0
12993.0 3232.0
13690.0 2691.0
13332.0 2893.0
13094.0 3094.0
13630.0 2726.0
13600.0 2736.0
13823.0 2651.0
13080.0 3109.0
13354.0 2879.0
13034.0 3179.0
13739.0 2677.0
13382.0 2857.0
13178.0 3027.0
13007.0 3197.0
12979.0 3249.0
12989.0 3233.0
13317.0 2910.0
13364.0 2869.0
13600.0 2736.0
13120.0 3078.0
13872.0 2636.0
13886.0 2630.0
13321.0 2908.0
13219.0 3005.0
13219.0 3005.0
13108.0 3086.0
13683.0 2701.0
13248.0 2978.0
13006.0 3208.0
13483.0 2796.0
13039.0 3155.0
