35.0 151.0
46.0 133.0
46.0 133.0
35.0 151.0
41.0 137.0
39.0 144.0
37.0 145.0
44.0 136.0
41.0 137.0
37.0 145.0
39.0 144.0
44.0 136.0
46.0 133.0
35.0 151.0
41.0 137.0
37.0 145.0
39.0 144.0
44.0 136.0
35.0 151.0
46.0 133.0
41.0 137.0
37.0 145.0
39.0 144.0
44.0 136.0
35.0 151.0
46.0 133.0
41.0 137.0
37.0 145.0
44.0 136.0
39.0 144.0
35.0 151.0
46.0 133.0
41.0 137.0
37.0 145.0
39.0 144.0
44.0 136.0
35.0 151.0
46.0 133.0
41.0 137.0
37.0 145.0
39.0 144.0
44.0 136.0
46.0 133.0
35.0 151.0
41.0 137.0
37.0 145.0
44.0 136.0
39.0 144.0
46.0 133.0
35.0 151.0
41.0 137.0
37.0 145.0
44.0 136.0
39.0 144.0
35.0 151.0
46.0 133.0
41.0 137.0
37.0 145.0
39.0 144.0
44.0 136.0
46.0 133.0
35.0 151.0
41.0 137.0
37.0 145.0
39.0 144.0
44.0 136.0
46.0 133.0
35.0 151.0
41.0 137.0
37.0 145.0
39.0 144.0
44.0 136.0
35.0 151.0
46.0 133.0
41.0 137.0
37.0 145.0
44.0 136.0
39.0 144.0
46.0 133.0
35.0 151.0
41.0 137.0
37.0 145.0
44.0 136.0
39.0 144.0
46.0 133.0
35.0 151.0
41.0 137.0
37.0 145.0
44.0 136.0
39.0 144.0
46.0 133.0
35.0 151.0
41.0 137.0
37.0 145.0
39.0 144.0
44.0 136.0
46.0 133.0
35.0 151.0
41.0 137.0
37.0 145.0
