133.0 140.0
115.0 212.0
133.0 140.0
115.0 212.0
126.0 144.0
129.0 142.0
116.0 200.0
117.0 194.0
118.0 184.0
129.0 142.0
118.0 184.0
119.0 175.0
125.0 152.0
116.0 200.0
121.0 167.0
117.0 194.0
122.0 161.0
122.0 161.0
123.0 156.0
119.0 175.0
120.0 171.0
120.0 171.0
121.0 167.0
123.0 156.0
124.0 153.0
126.0 144.0
124.0 153.0
125.0 152.0
115.0 212.0
133.0 140.0
129.0 142.0
118.0 184.0
116.0 200.0
117.0 194.0
122.0 161.0
119.0 175.0
121.0 167.0
120.0 171.0
123.0 156.0
126.0 144.0
124.0 153.0
125.0 152.0
133.0 140.0
115.0 212.0
129.0 142.0
118.0 184.0
116.0 200.0
117.0 194.0
122.0 161.0
119.0 175.0
121.0 167.0
120.0 171.0
123.0 156.0
126.0 144.0
124.0 153.0
125.0 152.0
115.0 212.0
133.0 140.0
129.0 142.0
118.0 184.0
116.0 200.0
117.0 194.0
122.0 161.0
119.0 175.0
121.0 167.0
120.0 171.0
123.0 156.0
126.0 144.0
124.0 153.0
125.0 152.0
133.0 140.0
115.0 212.0
129.0 142.0
118.0 184.0
116.0 200.0
117.0 194.0
122.0 161.0
119.0 175.0
121.0 167.0
120.0 171.0
123.0 156.0
126.0 144.0
124.0 153.0
125.0 152.0
115.0 212.0
133.0 140.0
129.0 142.0
118.0 184.0
116.0 200.0
117.0 194.0
122.0 161.0
119.0 175.0
120.0 171.0
121.0 167.0
123.0 156.0
126.0 144.0
124.0 153.0
125.0 152.0
133.0 140.0
115.0 212.0
