490.0 639.0
460.0 776.0
490.0 639.0
460.0 776.0
479.0 656.0
482.0 652.0
461.0 768.0
462.0 757.0
465.0 739.0
466.0 730.0
461.0 768.0
469.0 713.0
471.0 701.0
478.0 663.0
473.0 689.0
472.0 694.0
470.0 706.0
474.0 682.0
462.0 757.0
466.0 730.0
468.0 719.0
476.0 674.0
463.0 751.0
464.0 745.0
469.0 713.0
467.0 724.0
477.0 668.0
463.0 751.0
464.0 745.0
465.0 739.0
486.0 645.0
484.0 646.0
474.0 682.0
472.0 694.0
470.0 706.0
477.0 668.0
467.0 724.0
473.0 689.0
471.0 701.0
468.0 719.0
478.0 663.0
475.0 677.0
483.0 647.0
479.0 656.0
482.0 652.0
475.0 677.0
476.0 674.0
488.0 642.0
487.0 644.0
489.0 640.0
488.0 642.0
484.0 646.0
483.0 647.0
489.0 640.0
486.0 645.0
487.0 644.0
490.0 639.0
460.0 776.0
461.0 768.0
462.0 757.0
466.0 730.0
463.0 751.0
464.0 745.0
465.0 739.0
469.0 713.0
470.0 706.0
472.0 694.0
474.0 682.0
477.0 668.0
467.0 724.0
478.0 663.0
471.0 701.0
468.0 719.0
473.0 689.0
479.0 656.0
482.0 652.0
475.0 677.0
476.0 674.0
488.0 642.0
484.0 646.0
483.0 647.0
489.0 640.0
487.0 644.0
486.0 645.0
490.0 639.0
460.0 776.0
461.0 768.0
462.0 757.0
466.0 730.0
463.0 751.0
464.0 745.0
469.0 713.0
465.0 739.0
474.0 682.0
472.0 694.0
470.0 706.0
467.0 724.0
477.0 668.0
471.0 701.0
468.0 719.0
