191.0 392.0
147.0 539.0
147.0 539.0
191.0 392.0
185.0 396.0
158.0 464.0
181.0 401.0
161.0 459.0
179.0 409.0
185.0 396.0
156.0 476.0
152.0 507.0
153.0 494.0
156.0 476.0
165.0 441.0
155.0 486.0
150.0 517.0
151.0 508.0
163.0 450.0
176.0 411.0
158.0 464.0
181.0 401.0
161.0 459.0
149.0 525.0
164.0 449.0
150.0 517.0
148.0 531.0
167.0 439.0
168.0 435.0
168.0 435.0
170.0 428.0
148.0 531.0
149.0 525.0
170.0 428.0
179.0 409.0
174.0 418.0
175.0 413.0
163.0 450.0
153.0 494.0
171.0 426.0
154.0 490.0
155.0 486.0
154.0 490.0
172.0 422.0
172.0 422.0
173.0 419.0
165.0 441.0
176.0 411.0
175.0 413.0
167.0 439.0
171.0 426.0
151.0 508.0
173.0 419.0
174.0 418.0
152.0 507.0
164.0 449.0
147.0 539.0
191.0 392.0
185.0 396.0
156.0 476.0
158.0 464.0
181.0 401.0
161.0 459.0
150.0 517.0
168.0 435.0
148.0 531.0
149.0 525.0
170.0 428.0
179.0 409.0
163.0 450.0
153.0 494.0
154.0 490.0
155.0 486.0
172.0 422.0
165.0 441.0
176.0 411.0
175.0 413.0
171.0 426.0
167.0 439.0
151.0 508.0
173.0 419.0
174.0 418.0
164.0 449.0
152.0 507.0
147.0 539.0
191.0 392.0
185.0 396.0
156.0 476.0
158.0 464.0
181.0 401.0
161.0 459.0
150.0 517.0
168.0 435.0
148.0 531.0
149.0 525.0
170.0 428.0
179.0 409.0
163.0 450.0
153.0 494.0
154.0 490.0
