1476.0 318.0
1785.0 242.0
1476.0 318.0
1785.0 242.0
1480.0 304.0
1779.0 243.0
1733.0 244.0
1568.0 283.0
1570.0 276.0
1487.0 299.0
1640.0 255.0
1609.0 257.0
1583.0 269.0
1570.0 276.0
1596.0 264.0
1600.0 259.0
1506.0 298.0
1583.0 269.0
1480.0 304.0
1715.0 247.0
1678.0 251.0
1658.0 252.0
1554.0 286.0
1522.0 294.0
1554.0 286.0
1640.0 255.0
1508.0 296.0
1587.0 266.0
1699.0 248.0
1699.0 248.0
1684.0 249.0
1537.0 290.0
1527.0 292.0
1544.0 288.0
1654.0 253.0
1609.0 257.0
1727.0 245.0
1715.0 247.0
1544.0 288.0
1537.0 290.0
1568.0 283.0
1727.0 245.0
1527.0 292.0
1522.0 294.0
1600.0 259.0
1587.0 266.0
1596.0 264.0
1654.0 253.0
1487.0 299.0
1508.0 296.0
1733.0 244.0
1779.0 243.0
1658.0 252.0
1682.0 250.0
1678.0 251.0
1684.0 249.0
1506.0 298.0
1682.0 250.0
1785.0 242.0
1476.0 318.0
1570.0 276.0
1583.0 269.0
1480.0 304.0
1640.0 255.0
1554.0 286.0
1699.0 248.0
1609.0 257.0
1715.0 247.0
1544.0 288.0
1537.0 290.0
1568.0 283.0
1727.0 245.0
1527.0 292.0
1522.0 294.0
1600.0 259.0
1587.0 266.0
1596.0 264.0
1654.0 253.0
1487.0 299.0
1508.0 296.0
1733.0 244.0
1779.0 243.0
1658.0 252.0
1678.0 251.0
1684.0 249.0
1682.0 250.0
1506.0 298.0
1785.0 242.0
1476.0 318.0
1570.0 276.0
1583.0 269.0
1480.0 304.0
1640.0 255.0
1554.0 286.0
1699.0 248.0
1609.0 257.0
1715.0 247.0
1544.0 288.0
1537.0 290.0
1568.0 283.0
