15399.0 3811.0
16274.0 3205.0
15399.0 3811.0
16274.0 3205.0
16264.0 3208.0
16203.0 3214.0
15757.0 3370.0
15448.0 3689.0
15659.0 3442.0
15539.0 3553.0
15547.0 3535.0
15879.0 3292.0
15486.0 3628.0
15624.0 3459.0
15492.0 3625.0
15553.0 3525.0
16157.0 3220.0
15846.0 3310.0
15820.0 3327.0
16056.0 3228.0
16008.0 3241.0
15401.0 3785.0
15867.0 3306.0
15931.0 3270.0
16193.0 3217.0
15740.0 3381.0
16033.0 3233.0
15509.0 3596.0
15405.0 3763.0
15440.0 3705.0
15529.0 3561.0
15475.0 3645.0
15501.0 3607.0
16154.0 3221.0
15401.0 3785.0
15985.0 3246.0
15475.0 3645.0
15783.0 3353.0
15771.0 3356.0
15429.0 3722.0
15467.0 3661.0
15420.0 3735.0
15923.0 3276.0
16081.0 3227.0
16101.0 3223.0
15458.0 3674.0
15584.0 3490.0
15568.0 3508.0
16043.0 3230.0
15584.0 3490.0
15675.0 3428.0
15603.0 3476.0
15412.0 3751.0
16126.0 3222.0
15568.0 3508.0
15797.0 3339.0
15458.0 3674.0
15518.0 3578.0
15603.0 3476.0
15730.0 3397.0
15518.0 3578.0
15420.0 3735.0
15467.0 3661.0
15429.0 3722.0
15710.0 3411.0
15644.0 3445.0
15695.0 3414.0
16126.0 3222.0
15437.0 3706.0
15740.0 3381.0
15613.0 3470.0
15412.0 3751.0
15501.0 3607.0
15726.0 3403.0
15675.0 3428.0
15574.0 3498.0
15958.0 3261.0
15889.0 3289.0
15985.0 3246.0
15945.0 3263.0
15529.0 3561.0
15959.0 3256.0
15913.0 3279.0
15908.0 3281.0
15634.0 3453.0
15840.0 3318.0
15889.0 3289.0
15685.0 3422.0
16101.0 3223.0
16081.0 3227.0
15405.0 3763.0
15797.0 3339.0
15806.0 3334.0
15514.0 3589.0
15552.0 3528.0
15969.0 3253.0
15710.0 3411.0
16018.0 3240.0
15969.0 3253.0
15613.0 3470.0
