57.0 63.0
38.0 86.0
38.0 86.0
57.0 63.0
56.0 65.0
46.0 68.0
52.0 66.0
48.0 67.0
52.0 66.0
45.0 72.0
43.0 79.0
44.0 75.0
44.0 75.0
41.0 84.0
45.0 72.0
42.0 81.0
48.0 67.0
40.0 85.0
42.0 81.0
43.0 79.0
46.0 68.0
40.0 85.0
56.0 65.0
41.0 84.0
38.0 86.0
57.0 63.0
52.0 66.0
44.0 75.0
45.0 72.0
48.0 67.0
42.0 81.0
43.0 79.0
46.0 68.0
41.0 84.0
40.0 85.0
56.0 65.0
57.0 63.0
38.0 86.0
52.0 66.0
44.0 75.0
45.0 72.0
48.0 67.0
42.0 81.0
43.0 79.0
46.0 68.0
40.0 85.0
41.0 84.0
56.0 65.0
57.0 63.0
38.0 86.0
52.0 66.0
44.0 75.0
45.0 72.0
48.0 67.0
42.0 81.0
43.0 79.0
46.0 68.0
56.0 65.0
40.0 85.0
41.0 84.0
57.0 63.0
38.0 86.0
52.0 66.0
44.0 75.0
45.0 72.0
48.0 67.0
42.0 81.0
43.0 79.0
46.0 68.0
56.0 65.0
41.0 84.0
40.0 85.0
38.0 86.0
57.0 63.0
52.0 66.0
44.0 75.0
45.0 72.0
48.0 67.0
42.0 81.0
43.0 79.0
46.0 68.0
40.0 85.0
41.0 84.0
56.0 65.0
57.0 63.0
38.0 86.0
52.0 66.0
44.0 75.0
45.0 72.0
48.0 67.0
42.0 81.0
43.0 79.0
46.0 68.0
41.0 84.0
56.0 65.0
40.0 85.0
38.0 86.0
57.0 63.0
52.0 66.0
44.0 75.0
