501.0 619.0
459.0 767.0
501.0 619.0
459.0 767.0
464.0 737.0
465.0 721.0
475.0 669.0
482.0 654.0
479.0 663.0
483.0 648.0
480.0 657.0
496.0 623.0
498.0 621.0
493.0 625.0
469.0 703.0
470.0 695.0
460.0 759.0
474.0 676.0
477.0 666.0
477.0 666.0
483.0 648.0
472.0 684.0
467.0 713.0
461.0 755.0
462.0 749.0
463.0 743.0
491.0 633.0
471.0 690.0
472.0 684.0
464.0 737.0
468.0 707.0
462.0 749.0
463.0 743.0
485.0 642.0
473.0 678.0
492.0 627.0
498.0 621.0
485.0 642.0
496.0 623.0
486.0 640.0
470.0 695.0
471.0 690.0
488.0 638.0
465.0 721.0
460.0 759.0
468.0 707.0
466.0 717.0
469.0 703.0
461.0 755.0
466.0 717.0
467.0 713.0
475.0 669.0
480.0 657.0
482.0 654.0
479.0 663.0
493.0 625.0
473.0 678.0
492.0 627.0
486.0 640.0
490.0 635.0
489.0 637.0
488.0 638.0
474.0 676.0
490.0 635.0
491.0 633.0
489.0 637.0
459.0 767.0
501.0 619.0
477.0 666.0
483.0 648.0
462.0 749.0
472.0 684.0
464.0 737.0
463.0 743.0
498.0 621.0
485.0 642.0
496.0 623.0
470.0 695.0
471.0 690.0
465.0 721.0
460.0 759.0
468.0 707.0
466.0 717.0
469.0 703.0
461.0 755.0
467.0 713.0
475.0 669.0
480.0 657.0
482.0 654.0
479.0 663.0
493.0 625.0
492.0 627.0
473.0 678.0
486.0 640.0
490.0 635.0
491.0 633.0
474.0 676.0
488.0 638.0
489.0 637.0
501.0 619.0
