372.0 501.0
315.0 696.0
315.0 696.0
372.0 501.0
319.0 622.0
317.0 653.0
317.0 653.0
364.0 506.0
316.0 678.0
316.0 678.0
344.0 543.0
319.0 622.0
321.0 611.0
323.0 600.0
325.0 589.0
323.0 600.0
321.0 611.0
340.0 550.0
351.0 522.0
355.0 517.0
355.0 517.0
327.0 585.0
329.0 578.0
335.0 568.0
345.0 537.0
364.0 506.0
347.0 536.0
348.0 531.0
358.0 515.0
325.0 589.0
329.0 578.0
333.0 572.0
362.0 510.0
327.0 585.0
331.0 574.0
340.0 550.0
344.0 543.0
350.0 525.0
360.0 511.0
348.0 531.0
350.0 525.0
336.0 562.0
331.0 574.0
333.0 572.0
351.0 522.0
362.0 510.0
336.0 562.0
339.0 554.0
335.0 568.0
337.0 558.0
359.0 514.0
338.0 557.0
339.0 554.0
358.0 515.0
345.0 537.0
360.0 511.0
337.0 558.0
347.0 536.0
338.0 557.0
359.0 514.0
372.0 501.0
315.0 696.0
317.0 653.0
316.0 678.0
319.0 622.0
321.0 611.0
323.0 600.0
355.0 517.0
364.0 506.0
325.0 589.0
329.0 578.0
327.0 585.0
340.0 550.0
344.0 543.0
348.0 531.0
350.0 525.0
331.0 574.0
333.0 572.0
351.0 522.0
362.0 510.0
336.0 562.0
335.0 568.0
339.0 554.0
358.0 515.0
345.0 537.0
360.0 511.0
337.0 558.0
338.0 557.0
347.0 536.0
359.0 514.0
372.0 501.0
315.0 696.0
317.0 653.0
316.0 678.0
319.0 622.0
323.0 600.0
321.0 611.0
355.0 517.0
364.0 506.0
325.0 589.0
