412.0 835.0
340.0 1062.0
412.0 835.0
340.0 1062.0
345.0 1009.0
341.0 1041.0
346.0 988.0
343.0 1028.0
348.0 981.0
349.0 963.0
344.0 1010.0
355.0 930.0
407.0 838.0
395.0 850.0
382.0 879.0
354.0 944.0
403.0 842.0
399.0 846.0
403.0 842.0
399.0 846.0
407.0 838.0
386.0 875.0
376.0 890.0
352.0 955.0
353.0 945.0
393.0 855.0
381.0 884.0
359.0 927.0
361.0 917.0
379.0 885.0
379.0 885.0
395.0 850.0
373.0 898.0
375.0 894.0
389.0 868.0
342.0 1035.0
343.0 1028.0
367.0 912.0
371.0 900.0
341.0 1041.0
392.0 861.0
351.0 961.0
342.0 1035.0
352.0 955.0
391.0 863.0
363.0 915.0
365.0 913.0
357.0 928.0
373.0 898.0
363.0 915.0
376.0 890.0
393.0 855.0
389.0 868.0
360.0 922.0
391.0 863.0
360.0 922.0
365.0 913.0
357.0 928.0
346.0 988.0
382.0 879.0
369.0 907.0
388.0 872.0
370.0 903.0
386.0 875.0
375.0 894.0
347.0 984.0
370.0 903.0
347.0 984.0
348.0 981.0
368.0 909.0
355.0 930.0
361.0 917.0
371.0 900.0
368.0 909.0
387.0 874.0
369.0 907.0
392.0 861.0
388.0 872.0
349.0 963.0
344.0 1010.0
353.0 945.0
350.0 962.0
381.0 884.0
387.0 874.0
359.0 927.0
345.0 1009.0
367.0 912.0
350.0 962.0
354.0 944.0
351.0 961.0
412.0 835.0
340.0 1062.0
403.0 842.0
399.0 846.0
407.0 838.0
379.0 885.0
395.0 850.0
343.0 1028.0
341.0 1041.0
352.0 955.0
