26250.0 6405.0
24801.0 7564.0
26250.0 6405.0
24801.0 7564.0
25934.0 6464.0
25409.0 6676.0
25152.0 6882.0
25597.0 6574.0
25839.0 6510.0
26203.0 6409.0
25137.0 6898.0
25160.0 6845.0
25392.0 6698.0
24952.0 7169.0
24972.0 7155.0
26175.0 6418.0
25024.0 7023.0
24887.0 7311.0
25646.0 6556.0
24851.0 7382.0
25107.0 6911.0
24918.0 7234.0
25182.0 6842.0
25058.0 6967.0
25635.0 6571.0
26007.0 6444.0
25845.0 6494.0
24811.0 7510.0
25784.0 6513.0
25453.0 6645.0
25092.0 6922.0
25505.0 6603.0
25012.0 7060.0
25873.0 6483.0
24868.0 7346.0
25918.0 6474.0
25070.0 6947.0
24832.0 7447.0
24881.0 7345.0
25982.0 6450.0
24865.0 7379.0
24835.0 7416.0
25315.0 6745.0
25321.0 6731.0
24999.0 7062.0
24892.0 7292.0
25351.0 6730.0
25710.0 6536.0
25045.0 6985.0
25249.0 6772.0
25036.0 7017.0
24943.0 7195.0
24934.0 7196.0
25471.0 6624.0
25750.0 6522.0
25750.0 6522.0
24815.0 7483.0
25438.0 6662.0
25224.0 6793.0
25682.0 6547.0
24815.0 7483.0
24982.0 7130.0
26105.0 6425.0
24832.0 7447.0
25566.0 6586.0
26247.0 6408.0
24897.0 7276.0
25533.0 6592.0
26066.0 6435.0
24987.0 7099.0
24835.0 7416.0
25710.0 6536.0
25249.0 6772.0
25469.0 6636.0
25373.0 6711.0
26105.0 6425.0
25982.0 6450.0
25285.0 6746.0
24809.0 7532.0
26041.0 6441.0
25498.0 6618.0
26141.0 6422.0
24994.0 7089.0
25201.0 6819.0
24925.0 7222.0
25873.0 6483.0
25682.0 6547.0
25275.0 6756.0
25566.0 6586.0
25224.0 6793.0
25373.0 6711.0
25784.0 6513.0
26141.0 6422.0
26066.0 6435.0
24900.0 7261.0
24900.0 7261.0
24982.0 7130.0
25212.0 6813.0
25082.0 6941.0
24809.0 7532.0
