521.0 1383.0
522.0 1365.0
523.0 1350.0
524.0 1346.0
525.0 1330.0
526.0 1315.0
527.0 1306.0
528.0 1289.0
529.0 1280.0
530.0 1279.0
531.0 1267.0
532.0 1266.0
534.0 1257.0
535.0 1253.0
536.0 1244.0
539.0 1238.0
540.0 1237.0
541.0 1229.0
542.0 1219.0
543.0 1213.0
544.0 1206.0
545.0 1203.0
546.0 1197.0
549.0 1194.0
550.0 1188.0
551.0 1187.0
552.0 1181.0
553.0 1177.0
555.0 1172.0
556.0 1166.0
559.0 1163.0
560.0 1159.0
561.0 1155.0
563.0 1151.0
564.0 1146.0
566.0 1143.0
568.0 1138.0
569.0 1134.0
571.0 1129.0
573.0 1128.0
575.0 1122.0
576.0 1117.0
577.0 1116.0
578.0 1112.0
580.0 1110.0
581.0 1100.0
584.0 1099.0
585.0 1098.0
586.0 1091.0
588.0 1086.0
597.0 1084.0
598.0 1079.0
610.0 1074.0
611.0 1073.0
612.0 1072.0
614.0 1071.0
615.0 1069.0
616.0 1067.0
617.0 1063.0
618.0 1061.0
621.0 1058.0
622.0 1057.0
625.0 1049.0
633.0 1044.0
