16463.0 1404.0
16465.0 1388.0
16467.0 1383.0
16469.0 1367.0
16473.0 1358.0
16480.0 1356.0
16482.0 1346.0
16485.0 1340.0
16487.0 1339.0
16490.0 1336.0
16491.0 1332.0
16493.0 1327.0
16499.0 1322.0
16507.0 1308.0
16518.0 1303.0
16527.0 1302.0
16528.0 1289.0
16536.0 1271.0
16537.0 1263.0
16540.0 1249.0
16545.0 1239.0
16550.0 1234.0
16556.0 1232.0
16560.0 1230.0
16563.0 1227.0
16569.0 1222.0
16573.0 1219.0
16574.0 1212.0
16579.0 1211.0
16589.0 1209.0
16593.0 1207.0
16600.0 1205.0
16601.0 1198.0
16606.0 1197.0
16615.0 1195.0
16621.0 1193.0
16623.0 1190.0
16625.0 1189.0
16626.0 1187.0
16633.0 1186.0
16639.0 1185.0
16642.0 1174.0
16648.0 1172.0
16653.0 1168.0
16656.0 1156.0
16663.0 1152.0
16675.0 1148.0
16682.0 1146.0
16684.0 1140.0
16690.0 1138.0
16696.0 1136.0
16702.0 1134.0
16704.0 1133.0
16713.0 1132.0
16714.0 1129.0
16715.0 1122.0
16727.0 1118.0
16739.0 1116.0
16741.0 1113.0
16745.0 1110.0
16758.0 1107.0
16761.0 1102.0
16775.0 1095.0
16785.0 1093.0
16789.0 1092.0
16792.0 1090.0
16808.0 1083.0
16817.0 1082.0
16823.0 1077.0
16830.0 1074.0
16843.0 1070.0
16846.0 1067.0
16882.0 1064.0
16893.0 1062.0
16900.0 1059.0
16904.0 1057.0
16913.0 1055.0
16916.0 1052.0
16959.0 1050.0
16972.0 1046.0
16991.0 1045.0
17006.0 1041.0
17007.0 1039.0
17031.0 1033.0
17063.0 1028.0
17101.0 1027.0
17103.0 1026.0
17141.0 1025.0
17338.0 1022.0
17372.0 1021.0
17382.0 1018.0
17426.0 1017.0
