48.0 136.0
48.0 136.0
48.0 136.0
51.0 134.0
41.0 137.0
51.0 134.0
48.0 136.0
36.0 158.0
51.0 134.0
36.0 158.0
51.0 134.0
38.0 145.0
41.0 137.0
37.0 149.0
41.0 137.0
38.0 145.0
37.0 149.0
36.0 158.0
36.0 158.0
38.0 145.0
38.0 145.0
36.0 158.0
48.0 136.0
48.0 136.0
36.0 158.0
38.0 145.0
36.0 158.0
36.0 158.0
37.0 149.0
41.0 137.0
51.0 134.0
37.0 149.0
37.0 149.0
48.0 136.0
37.0 149.0
37.0 149.0
48.0 136.0
41.0 137.0
41.0 137.0
41.0 137.0
41.0 137.0
36.0 158.0
37.0 149.0
41.0 137.0
41.0 137.0
48.0 136.0
36.0 158.0
41.0 137.0
36.0 158.0
48.0 136.0
51.0 134.0
51.0 134.0
48.0 136.0
51.0 134.0
37.0 149.0
41.0 137.0
38.0 145.0
37.0 149.0
41.0 137.0
48.0 136.0
37.0 149.0
36.0 158.0
51.0 134.0
51.0 134.0
36.0 158.0
36.0 158.0
51.0 134.0
51.0 134.0
38.0 145.0
51.0 134.0
37.0 149.0
38.0 145.0
38.0 145.0
36.0 158.0
37.0 149.0
51.0 134.0
48.0 136.0
38.0 145.0
41.0 137.0
48.0 136.0
51.0 134.0
37.0 149.0
38.0 145.0
38.0 145.0
38.0 145.0
38.0 145.0
48.0 136.0
37.0 149.0
41.0 137.0
38.0 145.0
36.0 158.0
41.0 137.0
37.0 149.0
48.0 136.0
36.0 158.0
38.0 145.0
38.0 145.0
37.0 149.0
41.0 137.0
51.0 134.0
