117.0 197.0
128.0 143.0
116.0 206.0
116.0 206.0
118.0 184.0
128.0 143.0
118.0 184.0
128.0 143.0
126.0 149.0
118.0 184.0
120.0 171.0
119.0 175.0
126.0 149.0
118.0 184.0
119.0 175.0
119.0 175.0
120.0 171.0
126.0 149.0
119.0 175.0
122.0 161.0
128.0 143.0
118.0 184.0
120.0 171.0
122.0 161.0
122.0 161.0
126.0 149.0
122.0 161.0
126.0 149.0
126.0 149.0
128.0 143.0
126.0 149.0
128.0 143.0
120.0 171.0
122.0 161.0
116.0 206.0
118.0 184.0
120.0 171.0
121.0 167.0
118.0 184.0
123.0 159.0
121.0 167.0
122.0 161.0
126.0 149.0
122.0 161.0
119.0 175.0
123.0 159.0
128.0 143.0
116.0 206.0
120.0 171.0
123.0 159.0
116.0 206.0
120.0 171.0
126.0 149.0
123.0 159.0
128.0 143.0
123.0 159.0
118.0 184.0
128.0 143.0
124.0 153.0
123.0 159.0
124.0 153.0
119.0 175.0
124.0 153.0
120.0 171.0
124.0 153.0
116.0 206.0
119.0 175.0
123.0 159.0
116.0 206.0
121.0 167.0
124.0 153.0
124.0 153.0
124.0 153.0
123.0 159.0
121.0 167.0
123.0 159.0
124.0 153.0
118.0 184.0
123.0 159.0
121.0 167.0
116.0 206.0
122.0 161.0
120.0 171.0
120.0 171.0
118.0 184.0
121.0 167.0
128.0 143.0
122.0 161.0
119.0 175.0
119.0 175.0
119.0 175.0
124.0 153.0
121.0 167.0
121.0 167.0
124.0 153.0
116.0 206.0
116.0 206.0
121.0 167.0
121.0 167.0
126.0 149.0
