18.0 191.0
18.0 191.0
18.0 191.0
18.0 191.0
21.0 179.0
22.0 170.0
22.0 170.0
18.0 191.0
22.0 170.0
21.0 179.0
26.0 162.0
21.0 179.0
21.0 179.0
28.0 153.0
26.0 162.0
26.0 162.0
26.0 162.0
25.0 164.0
25.0 164.0
26.0 162.0
18.0 191.0
22.0 170.0
21.0 179.0
28.0 153.0
28.0 153.0
21.0 179.0
18.0 191.0
22.0 170.0
26.0 162.0
24.0 165.0
22.0 170.0
28.0 153.0
25.0 164.0
20.0 187.0
20.0 187.0
20.0 187.0
25.0 164.0
25.0 164.0
18.0 191.0
21.0 179.0
28.0 153.0
25.0 164.0
28.0 153.0
24.0 165.0
26.0 162.0
22.0 170.0
22.0 170.0
28.0 153.0
25.0 164.0
24.0 165.0
28.0 153.0
25.0 164.0
21.0 179.0
20.0 187.0
25.0 164.0
20.0 187.0
18.0 191.0
28.0 153.0
24.0 165.0
18.0 191.0
24.0 165.0
24.0 165.0
22.0 170.0
26.0 162.0
20.0 187.0
24.0 165.0
21.0 179.0
20.0 187.0
22.0 170.0
20.0 187.0
21.0 179.0
27.0 158.0
27.0 158.0
27.0 158.0
27.0 158.0
24.0 165.0
28.0 153.0
24.0 165.0
26.0 162.0
21.0 179.0
20.0 187.0
27.0 158.0
26.0 162.0
18.0 191.0
26.0 162.0
27.0 158.0
24.0 165.0
20.0 187.0
24.0 165.0
20.0 187.0
25.0 164.0
21.0 179.0
27.0 158.0
25.0 164.0
27.0 158.0
27.0 158.0
22.0 170.0
27.0 158.0
28.0 153.0
27.0 158.0
