394.0 599.0
418.0 534.0
394.0 599.0
418.0 534.0
392.0 607.0
391.0 613.0
418.0 534.0
396.0 593.0
392.0 607.0
415.0 538.0
418.0 534.0
391.0 613.0
415.0 538.0
418.0 534.0
394.0 599.0
391.0 613.0
396.0 593.0
396.0 593.0
403.0 574.0
400.0 582.0
411.0 551.0
394.0 599.0
397.0 587.0
415.0 538.0
411.0 551.0
414.0 544.0
415.0 538.0
411.0 551.0
390.0 621.0
411.0 551.0
390.0 621.0
392.0 607.0
397.0 587.0
391.0 613.0
397.0 587.0
415.0 538.0
394.0 599.0
411.0 551.0
403.0 574.0
400.0 582.0
391.0 613.0
390.0 621.0
403.0 574.0
400.0 582.0
402.0 580.0
403.0 574.0
397.0 587.0
402.0 580.0
390.0 621.0
409.0 553.0
392.0 607.0
414.0 544.0
402.0 580.0
409.0 553.0
402.0 580.0
392.0 607.0
397.0 587.0
403.0 574.0
406.0 556.0
414.0 544.0
414.0 544.0
393.0 605.0
393.0 605.0
396.0 593.0
406.0 556.0
412.0 546.0
409.0 553.0
406.0 556.0
412.0 546.0
408.0 554.0
391.0 613.0
415.0 538.0
409.0 553.0
396.0 593.0
414.0 544.0
393.0 605.0
409.0 553.0
402.0 580.0
418.0 534.0
412.0 546.0
390.0 621.0
412.0 546.0
406.0 556.0
408.0 554.0
400.0 582.0
408.0 554.0
396.0 593.0
393.0 605.0
390.0 621.0
412.0 546.0
397.0 587.0
408.0 554.0
402.0 580.0
393.0 605.0
403.0 574.0
394.0 599.0
400.0 582.0
414.0 544.0
406.0 556.0
408.0 554.0
