466.0 772.0
466.0 772.0
468.0 749.0
499.0 627.0
469.0 738.0
469.0 738.0
485.0 660.0
469.0 738.0
497.0 629.0
497.0 629.0
497.0 629.0
497.0 629.0
469.0 738.0
485.0 660.0
499.0 627.0
499.0 627.0
462.0 795.0
467.0 756.0
472.0 700.0
477.0 675.0
483.0 665.0
473.0 696.0
485.0 660.0
473.0 696.0
471.0 722.0
474.0 691.0
485.0 660.0
493.0 631.0
474.0 691.0
477.0 675.0
487.0 651.0
493.0 631.0
487.0 651.0
476.0 679.0
474.0 691.0
488.0 649.0
470.0 726.0
487.0 651.0
483.0 665.0
487.0 651.0
470.0 726.0
471.0 722.0
478.0 673.0
478.0 673.0
493.0 631.0
477.0 675.0
468.0 749.0
493.0 631.0
483.0 665.0
470.0 726.0
499.0 627.0
467.0 756.0
488.0 649.0
470.0 726.0
477.0 675.0
476.0 679.0
475.0 687.0
475.0 687.0
479.0 669.0
488.0 649.0
483.0 665.0
476.0 679.0
479.0 669.0
483.0 665.0
472.0 700.0
475.0 687.0
474.0 691.0
478.0 673.0
479.0 669.0
472.0 700.0
471.0 722.0
471.0 722.0
473.0 696.0
469.0 738.0
472.0 700.0
490.0 640.0
490.0 640.0
479.0 669.0
471.0 722.0
473.0 696.0
476.0 679.0
490.0 640.0
477.0 675.0
490.0 640.0
488.0 649.0
490.0 640.0
493.0 631.0
475.0 687.0
485.0 660.0
476.0 679.0
487.0 651.0
488.0 649.0
475.0 687.0
474.0 691.0
478.0 673.0
479.0 669.0
472.0 700.0
473.0 696.0
470.0 726.0
499.0 627.0
