771.0 812.0
746.0 898.0
777.0 807.0
771.0 812.0
724.0 1006.0
724.0 1006.0
759.0 853.0
759.0 853.0
763.0 840.0
759.0 853.0
757.0 859.0
770.0 820.0
764.0 837.0
777.0 807.0
757.0 859.0
724.0 1006.0
728.0 979.0
762.0 841.0
732.0 961.0
746.0 898.0
739.0 931.0
771.0 812.0
764.0 837.0
728.0 979.0
756.0 860.0
763.0 840.0
726.0 1000.0
756.0 860.0
720.0 1037.0
739.0 931.0
728.0 979.0
752.0 874.0
736.0 941.0
722.0 1029.0
765.0 829.0
722.0 1029.0
760.0 848.0
730.0 970.0
741.0 918.0
748.0 889.0
744.0 900.0
754.0 862.0
723.0 1018.0
747.0 894.0
752.0 874.0
730.0 970.0
737.0 934.0
720.0 1037.0
760.0 848.0
733.0 952.0
720.0 1037.0
737.0 934.0
768.0 824.0
753.0 873.0
741.0 918.0
765.0 829.0
731.0 962.0
743.0 908.0
753.0 873.0
747.0 894.0
738.0 933.0
744.0 900.0
777.0 807.0
760.0 848.0
742.0 913.0
736.0 941.0
727.0 987.0
762.0 841.0
743.0 908.0
726.0 1000.0
742.0 913.0
740.0 920.0
731.0 962.0
748.0 889.0
748.0 889.0
722.0 1029.0
726.0 1000.0
727.0 987.0
723.0 1018.0
770.0 820.0
754.0 862.0
733.0 952.0
745.0 899.0
727.0 987.0
743.0 908.0
745.0 899.0
738.0 933.0
750.0 876.0
768.0 824.0
732.0 961.0
734.0 944.0
750.0 876.0
730.0 970.0
734.0 944.0
740.0 920.0
735.0 943.0
735.0 943.0
723.0 1018.0
733.0 952.0
765.0 829.0
