1565.0 284.0
1652.0 254.0
1749.0 248.0
1631.0 262.0
1749.0 248.0
1652.0 254.0
1652.0 254.0
1692.0 250.0
1595.0 280.0
1652.0 254.0
1692.0 250.0
1595.0 280.0
1587.0 283.0
1533.0 312.0
1542.0 292.0
1692.0 250.0
1614.0 272.0
1652.0 254.0
1517.0 318.0
1587.0 283.0
1533.0 312.0
1587.0 283.0
1587.0 283.0
1587.0 283.0
1629.0 270.0
1533.0 312.0
1587.0 283.0
1629.0 270.0
1629.0 270.0
1542.0 292.0
1533.0 312.0
1533.0 312.0
1629.0 270.0
1565.0 284.0
1652.0 254.0
1542.0 292.0
1587.0 283.0
1646.0 260.0
1629.0 270.0
1542.0 292.0
1629.0 270.0
1611.0 279.0
1587.0 283.0
1517.0 318.0
1542.0 292.0
1533.0 312.0
1542.0 292.0
1646.0 260.0
1631.0 262.0
1542.0 292.0
1587.0 283.0
1631.0 262.0
1565.0 284.0
1652.0 254.0
1587.0 283.0
1629.0 270.0
1646.0 260.0
1611.0 279.0
1595.0 280.0
1652.0 254.0
1646.0 260.0
1542.0 292.0
1629.0 270.0
1533.0 312.0
1533.0 312.0
1611.0 279.0
1611.0 279.0
1629.0 270.0
1631.0 262.0
1646.0 260.0
1646.0 260.0
1542.0 292.0
1646.0 260.0
1631.0 262.0
1611.0 279.0
1646.0 260.0
1611.0 279.0
1652.0 254.0
1611.0 279.0
1611.0 279.0
1652.0 254.0
1595.0 280.0
1646.0 260.0
1542.0 292.0
1533.0 312.0
1652.0 254.0
1533.0 312.0
1611.0 279.0
1542.0 292.0
1646.0 260.0
1542.0 292.0
1611.0 279.0
1565.0 284.0
1646.0 260.0
1533.0 312.0
1629.0 270.0
1629.0 270.0
1595.0 280.0
1587.0 283.0
1611.0 279.0
