5467.0 623.0
5812.0 549.0
5812.0 549.0
5629.0 576.0
5584.0 597.0
5584.0 597.0
5812.0 549.0
5452.0 639.0
5736.0 557.0
5477.0 622.0
5626.0 580.0
5626.0 580.0
5477.0 622.0
5629.0 576.0
5467.0 623.0
5598.0 588.0
5505.0 610.0
5584.0 597.0
5797.0 554.0
5626.0 580.0
5598.0 588.0
5736.0 557.0
5489.0 611.0
5797.0 554.0
5452.0 639.0
5593.0 591.0
5598.0 588.0
5736.0 557.0
5657.0 571.0
5489.0 611.0
5679.0 565.0
5721.0 562.0
5614.0 581.0
5467.0 623.0
5489.0 611.0
5812.0 549.0
5584.0 597.0
5664.0 569.0
5721.0 562.0
5790.0 555.0
5463.0 627.0
5664.0 569.0
5721.0 562.0
5797.0 554.0
5629.0 576.0
5686.0 563.0
5686.0 563.0
5477.0 622.0
5463.0 627.0
5736.0 557.0
5515.0 605.0
5790.0 555.0
5505.0 610.0
5657.0 571.0
5686.0 563.0
5505.0 610.0
5573.0 598.0
5463.0 627.0
5721.0 562.0
5593.0 591.0
5671.0 568.0
5790.0 555.0
5607.0 582.0
5664.0 569.0
5671.0 568.0
5489.0 611.0
5664.0 569.0
5604.0 586.0
5604.0 586.0
5686.0 563.0
5657.0 571.0
5598.0 588.0
5477.0 622.0
5604.0 586.0
5631.0 572.0
5797.0 554.0
5614.0 581.0
5505.0 610.0
5573.0 598.0
5463.0 627.0
5607.0 582.0
5452.0 639.0
5790.0 555.0
5573.0 598.0
5452.0 639.0
5679.0 565.0
5679.0 565.0
5657.0 571.0
5607.0 582.0
5614.0 581.0
5671.0 568.0
5679.0 565.0
5631.0 572.0
5593.0 591.0
5573.0 598.0
5593.0 591.0
5671.0 568.0
5607.0 582.0
5614.0 581.0
5631.0 572.0
