325.0 1201.0
326.0 1186.0
327.0 1172.0
328.0 1133.0
329.0 1114.0
330.0 1099.0
332.0 1093.0
333.0 1090.0
334.0 1075.0
335.0 1063.0
336.0 1058.0
337.0 1047.0
339.0 1039.0
340.0 1030.0
341.0 1023.0
342.0 1012.0
344.0 1006.0
345.0 999.0
347.0 993.0
348.0 992.0
349.0 990.0
350.0 987.0
351.0 979.0
353.0 978.0
354.0 970.0
355.0 967.0
356.0 960.0
357.0 957.0
358.0 956.0
359.0 947.0
360.0 945.0
361.0 943.0
363.0 935.0
365.0 934.0
366.0 929.0
367.0 923.0
369.0 922.0
370.0 921.0
371.0 918.0
372.0 915.0
374.0 908.0
375.0 905.0
376.0 900.0
377.0 897.0
378.0 892.0
380.0 890.0
381.0 885.0
383.0 883.0
384.0 880.0
387.0 878.0
388.0 875.0
392.0 871.0
393.0 868.0
395.0 867.0
397.0 862.0
399.0 856.0
403.0 850.0
406.0 848.0
407.0 845.0
408.0 839.0
411.0 837.0
412.0 833.0
414.0 830.0
417.0 826.0
418.0 822.0
421.0 818.0
425.0 816.0
429.0 814.0
433.0 812.0
440.0 809.0
