444.0 1134.0
445.0 1123.0
446.0 1116.0
447.0 1106.0
448.0 1095.0
449.0 1094.0
450.0 1084.0
451.0 1076.0
452.0 1071.0
453.0 1063.0
454.0 1062.0
455.0 1059.0
456.0 1037.0
457.0 1029.0
458.0 1027.0
459.0 1019.0
461.0 1003.0
462.0 1001.0
463.0 990.0
464.0 984.0
465.0 978.0
467.0 972.0
469.0 967.0
471.0 961.0
473.0 956.0
474.0 952.0
475.0 946.0
477.0 943.0
478.0 940.0
479.0 935.0
481.0 932.0
482.0 929.0
484.0 927.0
485.0 926.0
487.0 922.0
489.0 917.0
493.0 913.0
494.0 909.0
495.0 906.0
496.0 904.0
498.0 898.0
501.0 885.0
503.0 882.0
505.0 877.0
506.0 874.0
508.0 871.0
510.0 866.0
511.0 863.0
515.0 860.0
516.0 854.0
519.0 853.0
520.0 851.0
521.0 847.0
525.0 844.0
