19408.0 6023.0
19411.0 6012.0
19412.0 6011.0
19414.0 6006.0
19417.0 5995.0
19420.0 5989.0
19423.0 5978.0
19431.0 5975.0
19433.0 5969.0
19434.0 5965.0
19436.0 5963.0
19438.0 5959.0
19439.0 5952.0
19441.0 5948.0
19444.0 5946.0
19445.0 5935.0
19447.0 5933.0
19450.0 5929.0
19453.0 5923.0
19455.0 5921.0
19456.0 5912.0
19458.0 5910.0
19464.0 5908.0
19465.0 5899.0
19466.0 5867.0
19467.0 5852.0
19472.0 5849.0
19473.0 5834.0
19475.0 5827.0
19481.0 5823.0
19483.0 5816.0
19488.0 5815.0
19492.0 5802.0
19494.0 5797.0
19497.0 5793.0
19500.0 5791.0
19501.0 5782.0
19506.0 5771.0
19507.0 5768.0
19514.0 5756.0
19518.0 5753.0
19522.0 5745.0
19524.0 5741.0
19528.0 5727.0
19529.0 5726.0
19530.0 5721.0
19536.0 5709.0
19538.0 5706.0
19539.0 5701.0
19540.0 5695.0
19545.0 5689.0
19548.0 5684.0
19549.0 5675.0
19552.0 5670.0
19553.0 5662.0
19554.0 5661.0
19556.0 5647.0
19558.0 5645.0
19559.0 5644.0
19561.0 5630.0
19567.0 5621.0
19569.0 5617.0
19570.0 5615.0
19571.0 5608.0
19574.0 5600.0
19577.0 5599.0
19578.0 5596.0
19580.0 5586.0
19583.0 5579.0
19584.0 5578.0
19588.0 5575.0
19589.0 5571.0
19590.0 5564.0
19593.0 5557.0
19599.0 5549.0
19602.0 5542.0
19603.0 5536.0
19609.0 5533.0
19612.0 5521.0
19613.0 5520.0
19614.0 5519.0
19615.0 5517.0
19619.0 5511.0
19622.0 5505.0
19623.0 5504.0
19624.0 5499.0
19627.0 5497.0
19628.0 5493.0
19631.0 5491.0
19632.0 5489.0
19633.0 5487.0
19634.0 5477.0
19637.0 5475.0
19638.0 5471.0
19641.0 5469.0
19644.0 5467.0
19645.0 5463.0
19646.0 5458.0
19649.0 5456.0
19650.0 5452.0
19653.0 5450.0
19656.0 5448.0
19657.0 5444.0
19661.0 5440.0
19662.0 5437.0
19668.0 5432.0
19669.0 5428.0
19674.0 5426.0
19676.0 5420.0
19680.0 5418.0
19681.0 5415.0
19684.0 5410.0
19686.0 5409.0
19688.0 5407.0
19691.0 5402.0
19695.0 5400.0
19697.0 5399.0
19699.0 5395.0
19700.0 5393.0
19702.0 5391.0
19703.0 5390.0
19705.0 5386.0
19707.0 5383.0
19711.0 5380.0
19712.0 5377.0
19714.0 5374.0
19715.0 5372.0
19717.0 5371.0
19718.0 5367.0
19720.0 5364.0
19721.0 5361.0
19724.0 5360.0
19726.0 5359.0
19727.0 5357.0
19729.0 5354.0
19730.0 5351.0
19732.0 5348.0
19735.0 5347.0
19737.0 5344.0
19739.0 5341.0
19741.0 5339.0
19742.0 5338.0
19744.0 5335.0
19746.0 5329.0
19748.0 5326.0
19752.0 5320.0
19754.0 5317.0
19758.0 5316.0
19759.0 5311.0
19761.0 5308.0
19762.0 5306.0
19764.0 5304.0
19768.0 5302.0
19770.0 5300.0
19771.0 5295.0
19773.0 5293.0
19777.0 5291.0
19778.0 5289.0
19779.0 5288.0
19780.0 5286.0
19781.0 5284.0
19785.0 5283.0
19786.0 5282.0
19788.0 5278.0
19789.0 5275.0
19791.0 5273.0
19795.0 5269.0
19797.0 5266.0
19799.0 5264.0
19802.0 5263.0
19804.0 5260.0
19806.0 5258.0
19807.0 5253.0
19814.0 5247.0
19817.0 5242.0
19824.0 5236.0
19828.0 5234.0
19830.0 5231.0
19835.0 5228.0
19837.0 5225.0
19838.0 5223.0
19844.0 5222.0
19845.0 5217.0
19851.0 5212.0
19856.0 5211.0
19858.0 5206.0
19862.0 5204.0
19865.0 5203.0
19868.0 5201.0
19869.0 5198.0
19874.0 5195.0
19876.0 5194.0
19877.0 5193.0
19878.0 5192.0
19881.0 5190.0
19882.0 5189.0
19887.0 5184.0
19890.0 5182.0
19894.0 5176.0
19900.0 5173.0
19903.0 5171.0
19905.0 5170.0
19907.0 5167.0
19908.0 5166.0
19913.0 5165.0
19914.0 5163.0
19915.0 5158.0
19919.0 5157.0
19921.0 5154.0
19924.0 5153.0
19925.0 5151.0
19928.0 5149.0
19929.0 5148.0
19933.0 5147.0
19934.0 5146.0
19936.0 5145.0
19937.0 5141.0
19940.0 5139.0
19943.0 5138.0
19946.0 5136.0
19947.0 5134.0
19950.0 5132.0
19951.0 5131.0
19953.0 5130.0
19954.0 5129.0
19956.0 5128.0
19958.0 5126.0
19960.0 5123.0
19964.0 5122.0
19965.0 5120.0
19966.0 5118.0
19967.0 5117.0
19972.0 5116.0
19973.0 5112.0
19978.0 5107.0
19981.0 5105.0
19983.0 5102.0
19985.0 5101.0
19988.0 5099.0
19989.0 5097.0
19990.0 5096.0
19995.0 5095.0
19996.0 5091.0
20001.0 5086.0
20004.0 5084.0
20008.0 5080.0
20011.0 5078.0
20015.0 5077.0
20017.0 5075.0
20019.0 5074.0
20020.0 5073.0
20022.0 5072.0
20025.0 5069.0
20027.0 5067.0
20029.0 5064.0
20033.0 5062.0
20035.0 5059.0
20037.0 5058.0
20040.0 5056.0
20043.0 5054.0
20046.0 5053.0
20047.0 5048.0
20050.0 5046.0
20055.0 5045.0
20056.0 5043.0
20059.0 5041.0
20064.0 5040.0
20066.0 5039.0
20069.0 5037.0
20074.0 5036.0
20075.0 5034.0
20078.0 5032.0
20083.0 5031.0
20088.0 5030.0
20091.0 5028.0
20094.0 5027.0
20096.0 5026.0
20097.0 5025.0
20100.0 5023.0
20105.0 5022.0
20106.0 5021.0
20111.0 5020.0
20113.0 5015.0
20116.0 5013.0
20126.0 5012.0
20129.0 5008.0
20136.0 5006.0
20138.0 5004.0
20140.0 5003.0
20142.0 5002.0
20143.0 5001.0
20144.0 4998.0
20147.0 4996.0
20152.0 4995.0
20160.0 4991.0
20165.0 4990.0
20166.0 4989.0
20169.0 4987.0
20171.0 4986.0
20174.0 4984.0
20179.0 4983.0
20182.0 4982.0
20183.0 4979.0
20186.0 4977.0
20196.0 4975.0
20199.0 4974.0
20203.0 4973.0
20204.0 4972.0
20206.0 4971.0
20208.0 4968.0
20213.0 4967.0
20214.0 4965.0
20220.0 4962.0
20223.0 4961.0
20228.0 4959.0
20230.0 4957.0
20235.0 4956.0
20241.0 4954.0
20243.0 4948.0
20255.0 4945.0
20262.0 4942.0
20264.0 4941.0
20272.0 4940.0
20273.0 4939.0
20276.0 4938.0
20277.0 4936.0
20283.0 4934.0
20284.0 4933.0
20286.0 4930.0
20295.0 4926.0
20300.0 4925.0
20304.0 4923.0
20312.0 4917.0
20322.0 4916.0
20324.0 4914.0
20331.0 4911.0
20338.0 4908.0
20343.0 4907.0
20346.0 4905.0
20353.0 4902.0
20355.0 4899.0
20367.0 4898.0
20372.0 4895.0
20376.0 4894.0
20380.0 4893.0
20382.0 4890.0
20396.0 4888.0
20398.0 4884.0
20404.0 4882.0
20410.0 4880.0
20415.0 4877.0
20423.0 4875.0
20427.0 4873.0
20436.0 4872.0
20440.0 4871.0
20442.0 4869.0
20448.0 4868.0
20450.0 4866.0
20453.0 4865.0
20456.0 4862.0
20465.0 4861.0
20466.0 4860.0
20468.0 4858.0
20473.0 4855.0
20479.0 4854.0
20482.0 4851.0
20491.0 4850.0
20495.0 4849.0
20496.0 4847.0
20508.0 4843.0
20515.0 4838.0
20532.0 4837.0
20533.0 4836.0
20537.0 4832.0
20541.0 4826.0
20547.0 4822.0
20565.0 4820.0
20571.0 4818.0
20577.0 4814.0
20595.0 4813.0
20604.0 4809.0
20610.0 4805.0
20628.0 4803.0
20634.0 4799.0
20652.0 4798.0
20675.0 4797.0
20806.0 4796.0
20809.0 4794.0
20812.0 4792.0
20819.0 4791.0
20825.0 4787.0
20832.0 4786.0
20842.0 4784.0
20845.0 4781.0
20854.0 4780.0
20858.0 4779.0
20862.0 4778.0
20863.0 4776.0
20866.0 4775.0
20873.0 4773.0
20878.0 4771.0
20879.0 4769.0
20886.0 4768.0
20891.0 4767.0
20892.0 4764.0
20899.0 4763.0
20902.0 4762.0
20905.0 4760.0
20912.0 4758.0
20915.0 4756.0
20922.0 4755.0
20925.0 4754.0
20928.0 4751.0
20935.0 4750.0
20941.0 4747.0
20948.0 4745.0
20961.0 4741.0
20975.0 4740.0
20981.0 4737.0
20988.0 4735.0
21001.0 4731.0
21014.0 4730.0
21021.0 4729.0
21030.0 4726.0
21041.0 4724.0
21054.0 4720.0
21073.0 4717.0
21084.0 4714.0
21104.0 4712.0
21130.0 4711.0
21181.0 4707.0
21199.0 4706.0
21212.0 4705.0
21230.0 4704.0
21242.0 4703.0
21260.0 4702.0
21269.0 4701.0
21274.0 4700.0
21289.0 4699.0
21301.0 4697.0
21373.0 4695.0
21376.0 4693.0
21391.0 4691.0
21411.0 4689.0
21441.0 4687.0
21461.0 4685.0
21583.0 4684.0
