29787.0 11471.0
29788.0 11425.0
29789.0 11399.0
29790.0 11395.0
29791.0 11374.0
29792.0 11373.0
29793.0 11365.0
29794.0 11364.0
29797.0 11356.0
29798.0 11355.0
29799.0 11347.0
29800.0 11346.0
29802.0 11345.0
29803.0 11338.0
29804.0 11334.0
29805.0 11332.0
29806.0 11325.0
29809.0 11320.0
29810.0 11316.0
29811.0 11314.0
29812.0 11307.0
29816.0 11303.0
29817.0 11301.0
29818.0 11294.0
29824.0 11290.0
29825.0 11282.0
29827.0 11277.0
29829.0 11268.0
29831.0 11260.0
29833.0 11254.0
29835.0 11248.0
29838.0 11238.0
29840.0 11235.0
29842.0 11218.0
29848.0 11216.0
29850.0 11206.0
29852.0 11202.0
29853.0 11193.0
29854.0 11190.0
29855.0 11181.0
29856.0 11180.0
29860.0 11170.0
29861.0 11165.0
29862.0 11163.0
29863.0 11161.0
29864.0 11143.0
29872.0 11133.0
29878.0 11118.0
29879.0 11117.0
29885.0 11112.0
29886.0 11108.0
29888.0 11107.0
29892.0 11101.0
29893.0 11092.0
29899.0 11087.0
29900.0 11086.0
29902.0 11082.0
29906.0 11076.0
29909.0 11073.0
29911.0 11072.0
29912.0 11067.0
29914.0 11061.0
29919.0 11059.0
29921.0 11057.0
29922.0 11046.0
29927.0 11045.0
29928.0 11043.0
29930.0 11042.0
29931.0 11040.0
29933.0 11032.0
29936.0 11021.0
29943.0 11015.0
29947.0 11007.0
29950.0 11005.0
29954.0 11003.0
29956.0 10997.0
29957.0 10990.0
29963.0 10987.0
29966.0 10984.0
29970.0 10972.0
29977.0 10971.0
29979.0 10966.0
29984.0 10956.0
29993.0 10950.0
30002.0 10940.0
30009.0 10939.0
30011.0 10934.0
30015.0 10929.0
30016.0 10924.0
30024.0 10923.0
30025.0 10918.0
30029.0 10913.0
30038.0 10907.0
30043.0 10904.0
30047.0 10903.0
30048.0 10901.0
30049.0 10895.0
30053.0 10893.0
30054.0 10891.0
30056.0 10879.0
30059.0 10877.0
30060.0 10875.0
30063.0 10874.0
30064.0 10873.0
30065.0 10862.0
30068.0 10860.0
30069.0 10858.0
30073.0 10856.0
30074.0 10853.0
30075.0 10844.0
30078.0 10843.0
30079.0 10840.0
30082.0 10839.0
30084.0 10827.0
30088.0 10823.0
30093.0 10818.0
30097.0 10814.0
30099.0 10813.0
30102.0 10811.0
30103.0 10809.0
30105.0 10803.0
30108.0 10802.0
30109.0 10799.0
30110.0 10791.0
30114.0 10787.0
30119.0 10784.0
30122.0 10779.0
30126.0 10775.0
30129.0 10773.0
30131.0 10772.0
30133.0 10769.0
30134.0 10764.0
30135.0 10762.0
30138.0 10760.0
30139.0 10752.0
30143.0 10748.0
30148.0 10745.0
30154.0 10742.0
30158.0 10734.0
30159.0 10730.0
30163.0 10726.0
30166.0 10725.0
30168.0 10723.0
30170.0 10721.0
30172.0 10720.0
30177.0 10717.0
30178.0 10712.0
30182.0 10708.0
30184.0 10701.0
30188.0 10697.0
30193.0 10694.0
30198.0 10693.0
30201.0 10692.0
30203.0 10683.0
30207.0 10679.0
30211.0 10674.0
30213.0 10673.0
30215.0 10670.0
30217.0 10669.0
30222.0 10666.0
30227.0 10664.0
30230.0 10656.0
30234.0 10652.0
30240.0 10646.0
30242.0 10645.0
30244.0 10642.0
30246.0 10641.0
30251.0 10638.0
30256.0 10637.0
30259.0 10629.0
30263.0 10625.0
30269.0 10618.0
30273.0 10614.0
30280.0 10613.0
30283.0 10610.0
30287.0 10603.0
30296.0 10602.0
30300.0 10598.0
30306.0 10597.0
30307.0 10595.0
30310.0 10594.0
30314.0 10593.0
30316.0 10591.0
30324.0 10590.0
30327.0 10584.0
30333.0 10583.0
30335.0 10581.0
30337.0 10580.0
30341.0 10577.0
30345.0 10575.0
30346.0 10574.0
30349.0 10573.0
30350.0 10567.0
30356.0 10557.0
30360.0 10556.0
30377.0 10546.0
30381.0 10545.0
30391.0 10540.0
30395.0 10539.0
30397.0 10537.0
30407.0 10536.0
30409.0 10534.0
30412.0 10529.0
30416.0 10527.0
30419.0 10526.0
30420.0 10524.0
30423.0 10522.0
30425.0 10519.0
30428.0 10517.0
30432.0 10516.0
30433.0 10513.0
30436.0 10509.0
30439.0 10507.0
30443.0 10506.0
30444.0 10503.0
30446.0 10501.0
30449.0 10499.0
30452.0 10497.0
30454.0 10495.0
30456.0 10493.0
30457.0 10491.0
30460.0 10489.0
30462.0 10486.0
30465.0 10484.0
30468.0 10483.0
30470.0 10480.0
30473.0 10476.0
30476.0 10474.0
30480.0 10473.0
30481.0 10470.0
30485.0 10468.0
30486.0 10466.0
30489.0 10464.0
30492.0 10463.0
30493.0 10462.0
30494.0 10460.0
30496.0 10458.0
30497.0 10456.0
30500.0 10454.0
30503.0 10453.0
30504.0 10452.0
30505.0 10450.0
30508.0 10449.0
30510.0 10448.0
30511.0 10446.0
30514.0 10444.0
30518.0 10442.0
30519.0 10440.0
30524.0 10438.0
30528.0 10436.0
30529.0 10434.0
30533.0 10433.0
30535.0 10432.0
30537.0 10431.0
30538.0 10429.0
30543.0 10427.0
30547.0 10425.0
30548.0 10423.0
30552.0 10421.0
30555.0 10419.0
30559.0 10417.0
30560.0 10415.0
30563.0 10414.0
30564.0 10413.0
30566.0 10411.0
30569.0 10409.0
30572.0 10408.0
30573.0 10407.0
30574.0 10405.0
30578.0 10403.0
30582.0 10401.0
30583.0 10399.0
30589.0 10397.0
30595.0 10396.0
30598.0 10392.0
30601.0 10390.0
30606.0 10386.0
30609.0 10384.0
30611.0 10383.0
30614.0 10381.0
30617.0 10380.0
30620.0 10376.0
30623.0 10374.0
30625.0 10373.0
30628.0 10371.0
30635.0 10370.0
30638.0 10368.0
30645.0 10364.0
30648.0 10363.0
30650.0 10361.0
30653.0 10360.0
30657.0 10359.0
30659.0 10354.0
30663.0 10353.0
30664.0 10351.0
30673.0 10349.0
30674.0 10348.0
30682.0 10347.0
30683.0 10346.0
30687.0 10344.0
30690.0 10341.0
30694.0 10340.0
30695.0 10338.0
30696.0 10337.0
30703.0 10336.0
30705.0 10335.0
30706.0 10334.0
30708.0 10333.0
30709.0 10329.0
30717.0 10323.0
30721.0 10319.0
30723.0 10315.0
30726.0 10313.0
30727.0 10311.0
30730.0 10309.0
30732.0 10305.0
30736.0 10301.0
30739.0 10297.0
30741.0 10294.0
30745.0 10289.0
30747.0 10286.0
30750.0 10284.0
30754.0 10279.0
30756.0 10276.0
30761.0 10273.0
30763.0 10270.0
30766.0 10268.0
30771.0 10267.0
30772.0 10263.0
30773.0 10257.0
30779.0 10249.0
30782.0 10247.0
30788.0 10239.0
30795.0 10233.0
30798.0 10231.0
30806.0 10226.0
30808.0 10225.0
30811.0 10224.0
30813.0 10219.0
30817.0 10216.0
30819.0 10211.0
30832.0 10210.0
30833.0 10209.0
30835.0 10203.0
30840.0 10202.0
30842.0 10197.0
30854.0 10195.0
30856.0 10191.0
30859.0 10184.0
30868.0 10181.0
30881.0 10179.0
30882.0 10178.0
30885.0 10175.0
30887.0 10172.0
30892.0 10168.0
30893.0 10166.0
30898.0 10160.0
30904.0 10154.0
30916.0 10151.0
30919.0 10149.0
30922.0 10145.0
30925.0 10143.0
30930.0 10141.0
30932.0 10139.0
30935.0 10137.0
30937.0 10135.0
30940.0 10133.0
30943.0 10127.0
30946.0 10125.0
30956.0 10122.0
30958.0 10119.0
30961.0 10117.0
30962.0 10116.0
30964.0 10115.0
30965.0 10114.0
30967.0 10111.0
30969.0 10107.0
30972.0 10105.0
30973.0 10104.0
30975.0 10103.0
30976.0 10102.0
30978.0 10096.0
30981.0 10094.0
30986.0 10091.0
30989.0 10084.0
30992.0 10082.0
31002.0 10079.0
31003.0 10077.0
31006.0 10075.0
31011.0 10073.0
31014.0 10071.0
31015.0 10068.0
31018.0 10066.0
31021.0 10064.0
31031.0 10061.0
31037.0 10060.0
31039.0 10059.0
31040.0 10058.0
31043.0 10056.0
31046.0 10053.0
31047.0 10049.0
31050.0 10047.0
31059.0 10045.0
31060.0 10044.0
31068.0 10038.0
31071.0 10036.0
31077.0 10034.0
31078.0 10032.0
31080.0 10031.0
31081.0 10030.0
31083.0 10029.0
31086.0 10028.0
31089.0 10020.0
31092.0 10018.0
31102.0 10015.0
31111.0 10012.0
31114.0 10010.0
31119.0 10005.0
31122.0 10002.0
31125.0 10000.0
31133.0 9996.0
31136.0 9994.0
31140.0 9992.0
31141.0 9989.0
31144.0 9987.0
31149.0 9982.0
31162.0 9981.0
31166.0 9979.0
31169.0 9975.0
31171.0 9974.0
31175.0 9972.0
31180.0 9967.0
31193.0 9966.0
31197.0 9964.0
31200.0 9960.0
31202.0 9959.0
31214.0 9954.0
31232.0 9951.0
31238.0 9945.0
31248.0 9942.0
31260.0 9937.0
31268.0 9936.0
31277.0 9935.0
31278.0 9932.0
31291.0 9931.0
31296.0 9925.0
31309.0 9924.0
31315.0 9923.0
31319.0 9921.0
31320.0 9916.0
31333.0 9915.0
31340.0 9910.0
31353.0 9908.0
31354.0 9907.0
31357.0 9906.0
31363.0 9904.0
31366.0 9903.0
31367.0 9902.0
31370.0 9901.0
31376.0 9899.0
31380.0 9897.0
31385.0 9895.0
31392.0 9891.0
31398.0 9890.0
31405.0 9888.0
31409.0 9886.0
31418.0 9883.0
31422.0 9881.0
31433.0 9880.0
31436.0 9879.0
31441.0 9878.0
31443.0 9877.0
31446.0 9875.0
31452.0 9874.0
31455.0 9872.0
31462.0 9870.0
31465.0 9869.0
31469.0 9868.0
31470.0 9865.0
31477.0 9863.0
31481.0 9861.0
31483.0 9860.0
31490.0 9858.0
31494.0 9856.0
31503.0 9854.0
31507.0 9853.0
31508.0 9850.0
31513.0 9848.0
31517.0 9847.0
31521.0 9846.0
31522.0 9843.0
31527.0 9841.0
31532.0 9840.0
31538.0 9838.0
31539.0 9835.0
31544.0 9834.0
31545.0 9833.0
31550.0 9831.0
31553.0 9828.0
31558.0 9827.0
31559.0 9826.0
31564.0 9825.0
31569.0 9824.0
31571.0 9823.0
31572.0 9822.0
31573.0 9819.0
31576.0 9818.0
31585.0 9816.0
31588.0 9815.0
31592.0 9813.0
31595.0 9812.0
31596.0 9809.0
31608.0 9806.0
31618.0 9805.0
31623.0 9802.0
31629.0 9801.0
31633.0 9799.0
31636.0 9797.0
31641.0 9795.0
31648.0 9794.0
31653.0 9792.0
31655.0 9791.0
31658.0 9790.0
31659.0 9787.0
31671.0 9784.0
31686.0 9780.0
31698.0 9777.0
31703.0 9776.0
31715.0 9774.0
31717.0 9772.0
31721.0 9768.0
31742.0 9766.0
31753.0 9765.0
31760.0 9764.0
31762.0 9762.0
31766.0 9758.0
31787.0 9756.0
31798.0 9755.0
31819.0 9753.0
31824.0 9752.0
31833.0 9750.0
31856.0 9749.0
31859.0 9748.0
31865.0 9747.0
31870.0 9746.0
31871.0 9745.0
31877.0 9744.0
31881.0 9743.0
31885.0 9742.0
31889.0 9741.0
31905.0 9740.0
31915.0 9739.0
31921.0 9738.0
31922.0 9737.0
31927.0 9733.0
31939.0 9730.0
31957.0 9726.0
31966.0 9725.0
31968.0 9723.0
31972.0 9720.0
31980.0 9719.0
31984.0 9718.0
31986.0 9716.0
31990.0 9713.0
32001.0 9710.0
32009.0 9709.0
32013.0 9708.0
32017.0 9707.0
32019.0 9703.0
32027.0 9702.0
32030.0 9698.0
32046.0 9697.0
32047.0 9696.0
32049.0 9694.0
32053.0 9691.0
32057.0 9690.0
32059.0 9688.0
32063.0 9685.0
32079.0 9684.0
32082.0 9681.0
32086.0 9680.0
32092.0 9675.0
32100.0 9674.0
32108.0 9672.0
32123.0 9669.0
32129.0 9664.0
32137.0 9662.0
32154.0 9661.0
32158.0 9660.0
32162.0 9659.0
32173.0 9657.0
32179.0 9652.0
32187.0 9650.0
32204.0 9649.0
32212.0 9647.0
32262.0 9645.0
32273.0 9644.0
32275.0 9643.0
32286.0 9642.0
32288.0 9641.0
32295.0 9640.0
32298.0 9639.0
32303.0 9638.0
32304.0 9635.0
32312.0 9633.0
32325.0 9631.0
32338.0 9629.0
32348.0 9627.0
32355.0 9626.0
32361.0 9625.0
32368.0 9624.0
32374.0 9623.0
32396.0 9622.0
32403.0 9621.0
32409.0 9620.0
32562.0 9618.0
32572.0 9617.0
32735.0 9616.0
32743.0 9610.0
32769.0 9605.0
32805.0 9601.0
32842.0 9599.0
