527.0 1394.0
528.0 1373.0
529.0 1327.0
530.0 1317.0
531.0 1301.0
532.0 1294.0
533.0 1272.0
534.0 1257.0
535.0 1250.0
537.0 1244.0
538.0 1237.0
539.0 1228.0
541.0 1227.0
542.0 1223.0
543.0 1220.0
544.0 1219.0
545.0 1212.0
546.0 1209.0
548.0 1207.0
549.0 1204.0
550.0 1203.0
551.0 1199.0
552.0 1193.0
553.0 1191.0
554.0 1186.0
555.0 1181.0
556.0 1177.0
557.0 1171.0
559.0 1170.0
560.0 1167.0
561.0 1157.0
562.0 1155.0
563.0 1149.0
566.0 1142.0
567.0 1138.0
568.0 1132.0
571.0 1131.0
572.0 1125.0
575.0 1124.0
576.0 1118.0
579.0 1115.0
581.0 1114.0
582.0 1112.0
584.0 1110.0
585.0 1107.0
586.0 1105.0
590.0 1103.0
593.0 1099.0
594.0 1098.0
595.0 1096.0
597.0 1091.0
599.0 1089.0
600.0 1085.0
602.0 1079.0
605.0 1077.0
606.0 1076.0
609.0 1070.0
612.0 1067.0
613.0 1066.0
616.0 1058.0
624.0 1053.0
