99.0 1170.0
101.0 1153.0
102.0 1146.0
103.0 1126.0
105.0 1114.0
106.0 1094.0
107.0 1088.0
108.0 1078.0
109.0 1074.0
110.0 1066.0
111.0 1048.0
112.0 1040.0
113.0 1034.0
114.0 1007.0
115.0 1006.0
116.0 985.0
117.0 968.0
118.0 966.0
119.0 954.0
120.0 952.0
121.0 944.0
122.0 942.0
124.0 940.0
125.0 938.0
128.0 936.0
129.0 934.0
130.0 930.0
131.0 927.0
132.0 924.0
133.0 917.0
134.0 914.0
136.0 913.0
138.0 911.0
139.0 908.0
140.0 906.0
142.0 901.0
144.0 899.0
146.0 897.0
147.0 896.0
148.0 893.0
150.0 885.0
152.0 883.0
153.0 881.0
154.0 875.0
158.0 869.0
160.0 865.0
162.0 861.0
164.0 857.0
165.0 856.0
166.0 851.0
168.0 845.0
175.0 841.0
