7937.0 1296.0
7942.0 1274.0
7947.0 1270.0
7954.0 1250.0
7957.0 1246.0
7962.0 1242.0
7969.0 1239.0
7974.0 1235.0
7978.0 1222.0
7981.0 1218.0
7985.0 1215.0
7986.0 1214.0
7988.0 1211.0
7995.0 1209.0
7997.0 1208.0
7998.0 1207.0
8000.0 1204.0
8003.0 1199.0
8008.0 1194.0
8011.0 1189.0
8014.0 1185.0
8017.0 1183.0
8020.0 1179.0
8026.0 1178.0
8027.0 1177.0
8029.0 1173.0
8032.0 1172.0
8034.0 1171.0
8035.0 1167.0
8039.0 1164.0
8042.0 1163.0
8043.0 1162.0
8045.0 1160.0
8046.0 1157.0
8049.0 1151.0
8054.0 1148.0
8056.0 1140.0
8063.0 1138.0
8068.0 1133.0
8073.0 1131.0
8076.0 1124.0
8077.0 1120.0
8078.0 1119.0
8083.0 1107.0
8097.0 1104.0
8099.0 1095.0
8108.0 1087.0
8115.0 1079.0
8123.0 1075.0
8130.0 1072.0
8134.0 1069.0
8137.0 1064.0
8139.0 1063.0
8143.0 1054.0
8150.0 1045.0
8158.0 1044.0
8163.0 1036.0
8176.0 1034.0
8179.0 1033.0
8183.0 1028.0
8184.0 1024.0
8186.0 1023.0
8192.0 1013.0
8206.0 1011.0
8208.0 1008.0
8215.0 996.0
8227.0 995.0
8234.0 993.0
8235.0 992.0
8247.0 991.0
8250.0 989.0
8262.0 988.0
8266.0 987.0
8270.0 985.0
8275.0 982.0
8284.0 981.0
8293.0 976.0
8299.0 974.0
8304.0 973.0
8305.0 972.0
8306.0 968.0
8311.0 967.0
8320.0 966.0
8324.0 962.0
8329.0 961.0
8338.0 960.0
8347.0 959.0
8348.0 958.0
8353.0 957.0
8355.0 954.0
8370.0 952.0
8387.0 951.0
8390.0 950.0
8392.0 948.0
8397.0 943.0
8402.0 941.0
8406.0 940.0
8408.0 936.0
8420.0 933.0
8431.0 932.0
8437.0 931.0
8448.0 928.0
8465.0 926.0
8467.0 924.0
8484.0 922.0
8504.0 921.0
8547.0 920.0
8564.0 919.0
8566.0 917.0
8636.0 912.0
8653.0 909.0
