19360.0 6197.0
19363.0 6180.0
19368.0 6168.0
19370.0 6166.0
19371.0 6162.0
19372.0 6157.0
19375.0 6114.0
19382.0 6100.0
19383.0 6096.0
19385.0 6092.0
19388.0 6090.0
19389.0 6061.0
19395.0 6057.0
19397.0 6043.0
19403.0 6039.0
19405.0 6030.0
19407.0 6023.0
19413.0 6012.0
19415.0 6005.0
19421.0 6001.0
19425.0 5867.0
19428.0 5826.0
19432.0 5798.0
19436.0 5779.0
19443.0 5778.0
19444.0 5771.0
19445.0 5760.0
19449.0 5754.0
19453.0 5752.0
19454.0 5739.0
19457.0 5734.0
19462.0 5731.0
19463.0 5720.0
19466.0 5715.0
19467.0 5714.0
19470.0 5709.0
19477.0 5705.0
19480.0 5700.0
19481.0 5699.0
19484.0 5694.0
19488.0 5691.0
19489.0 5688.0
19495.0 5682.0
19496.0 5675.0
19500.0 5669.0
19502.0 5664.0
19506.0 5659.0
19509.0 5648.0
19511.0 5645.0
19514.0 5638.0
19518.0 5629.0
19522.0 5623.0
19523.0 5619.0
19527.0 5613.0
19532.0 5611.0
19533.0 5606.0
19537.0 5600.0
19538.0 5596.0
19542.0 5590.0
19546.0 5583.0
19552.0 5578.0
19556.0 5571.0
19561.0 5560.0
19567.0 5558.0
19571.0 5548.0
19575.0 5545.0
19580.0 5539.0
19581.0 5536.0
19584.0 5535.0
19585.0 5533.0
19587.0 5532.0
19588.0 5524.0
19590.0 5522.0
19592.0 5507.0
19593.0 5506.0
19601.0 5498.0
19602.0 5497.0
19605.0 5495.0
19606.0 5494.0
19611.0 5492.0
19612.0 5490.0
19613.0 5482.0
19614.0 5481.0
19617.0 5480.0
19618.0 5474.0
19619.0 5473.0
19621.0 5466.0
19622.0 5465.0
19625.0 5461.0
19628.0 5457.0
19631.0 5449.0
19636.0 5448.0
19640.0 5440.0
19645.0 5439.0
19646.0 5436.0
19650.0 5432.0
19651.0 5429.0
19653.0 5428.0
19654.0 5426.0
19655.0 5425.0
19658.0 5421.0
19659.0 5419.0
19663.0 5417.0
19664.0 5416.0
19665.0 5411.0
19668.0 5407.0
19669.0 5405.0
19674.0 5402.0
19677.0 5398.0
19678.0 5396.0
19683.0 5394.0
19687.0 5392.0
19688.0 5390.0
19690.0 5388.0
19691.0 5387.0
19692.0 5385.0
19695.0 5384.0
19696.0 5382.0
19697.0 5381.0
19699.0 5374.0
19702.0 5370.0
19703.0 5368.0
19708.0 5365.0
19711.0 5361.0
19712.0 5359.0
19720.0 5358.0
19722.0 5349.0
19729.0 5347.0
19733.0 5343.0
19735.0 5338.0
19741.0 5328.0
19750.0 5323.0
19751.0 5318.0
19755.0 5314.0
19759.0 5304.0
19765.0 5300.0
19768.0 5294.0
19770.0 5289.0
19778.0 5282.0
19780.0 5279.0
19784.0 5278.0
19785.0 5275.0
19787.0 5272.0
19789.0 5267.0
19795.0 5266.0
19797.0 5262.0
19799.0 5256.0
19804.0 5252.0
19807.0 5251.0
19809.0 5246.0
19814.0 5240.0
19818.0 5237.0
19824.0 5230.0
19828.0 5225.0
19832.0 5224.0
19834.0 5223.0
19835.0 5222.0
19837.0 5215.0
19841.0 5213.0
19844.0 5211.0
19845.0 5210.0
19847.0 5203.0
19854.0 5201.0
19857.0 5197.0
19860.0 5191.0
19864.0 5190.0
19867.0 5185.0
19877.0 5178.0
19880.0 5173.0
19884.0 5172.0
19887.0 5171.0
19890.0 5168.0
19894.0 5167.0
19897.0 5160.0
19904.0 5158.0
19907.0 5155.0
19914.0 5153.0
19915.0 5152.0
19917.0 5150.0
19920.0 5148.0
19921.0 5147.0
19923.0 5144.0
19926.0 5143.0
19927.0 5140.0
19929.0 5139.0
19932.0 5136.0
19933.0 5134.0
19936.0 5132.0
19937.0 5130.0
19939.0 5129.0
19942.0 5126.0
19943.0 5125.0
19945.0 5122.0
19948.0 5121.0
19949.0 5118.0
19951.0 5117.0
19954.0 5114.0
19955.0 5113.0
19958.0 5110.0
19960.0 5109.0
19964.0 5105.0
19973.0 5102.0
19975.0 5101.0
19978.0 5098.0
19979.0 5097.0
19982.0 5094.0
19984.0 5093.0
19988.0 5089.0
19994.0 5088.0
19996.0 5086.0
20000.0 5082.0
20003.0 5080.0
20004.0 5078.0
20007.0 5077.0
20008.0 5074.0
20011.0 5073.0
20012.0 5070.0
20014.0 5068.0
20016.0 5066.0
20018.0 5064.0
20023.0 5061.0
20025.0 5058.0
20026.0 5056.0
20030.0 5052.0
20035.0 5050.0
20037.0 5048.0
20039.0 5044.0
20045.0 5042.0
20048.0 5038.0
20049.0 5036.0
20057.0 5030.0
20071.0 5029.0
20072.0 5028.0
20073.0 5027.0
20077.0 5024.0
20080.0 5022.0
20086.0 5021.0
20089.0 5020.0
20091.0 5016.0
20095.0 5013.0
20101.0 5008.0
20115.0 5004.0
20119.0 5001.0
20124.0 5000.0
20125.0 4996.0
20133.0 4995.0
20137.0 4991.0
20148.0 4988.0
20151.0 4987.0
20154.0 4984.0
20160.0 4983.0
20162.0 4982.0
20163.0 4981.0
20166.0 4978.0
20169.0 4977.0
20170.0 4975.0
20172.0 4974.0
20173.0 4973.0
20176.0 4970.0
20192.0 4969.0
20193.0 4967.0
20195.0 4966.0
20196.0 4965.0
20199.0 4962.0
20203.0 4961.0
20206.0 4958.0
20215.0 4957.0
20216.0 4955.0
20219.0 4954.0
20225.0 4949.0
20235.0 4947.0
20238.0 4943.0
20248.0 4941.0
20250.0 4938.0
20255.0 4935.0
20261.0 4931.0
20271.0 4930.0
20285.0 4927.0
20291.0 4925.0
20299.0 4923.0
20302.0 4919.0
20307.0 4917.0
20314.0 4916.0
20318.0 4914.0
20321.0 4909.0
20326.0 4907.0
20336.0 4905.0
20341.0 4904.0
20343.0 4901.0
20352.0 4900.0
20353.0 4898.0
20355.0 4895.0
20367.0 4894.0
20373.0 4893.0
20375.0 4890.0
20385.0 4889.0
20390.0 4887.0
20400.0 4886.0
20410.0 4885.0
20412.0 4883.0
20413.0 4882.0
20420.0 4880.0
20424.0 4879.0
20426.0 4876.0
20437.0 4875.0
20444.0 4874.0
20446.0 4871.0
20457.0 4870.0
20461.0 4868.0
20472.0 4867.0
20481.0 4866.0
20483.0 4864.0
20484.0 4863.0
20491.0 4861.0
20502.0 4860.0
20506.0 4859.0
20517.0 4855.0
20528.0 4854.0
20537.0 4853.0
20548.0 4852.0
20555.0 4850.0
20566.0 4849.0
20573.0 4848.0
20576.0 4847.0
20587.0 4846.0
20589.0 4844.0
20604.0 4840.0
20620.0 4836.0
20630.0 4834.0
20639.0 4833.0
20646.0 4830.0
20665.0 4827.0
20694.0 4826.0
20729.0 4825.0
20730.0 4822.0
20731.0 4820.0
20740.0 4816.0
20741.0 4814.0
20750.0 4813.0
20753.0 4811.0
20760.0 4809.0
20763.0 4808.0
20771.0 4807.0
20772.0 4804.0
20773.0 4802.0
20780.0 4800.0
20782.0 4799.0
20783.0 4798.0
20786.0 4794.0
20787.0 4792.0
20796.0 4791.0
20799.0 4789.0
20806.0 4787.0
20809.0 4786.0
20814.0 4784.0
20815.0 4782.0
20824.0 4781.0
20827.0 4779.0
20834.0 4777.0
20843.0 4776.0
20846.0 4774.0
20852.0 4773.0
20853.0 4771.0
20858.0 4769.0
20864.0 4768.0
20867.0 4767.0
20868.0 4766.0
20873.0 4764.0
20874.0 4762.0
20883.0 4761.0
20886.0 4759.0
20893.0 4757.0
20898.0 4755.0
20904.0 4751.0
20917.0 4749.0
20926.0 4748.0
20928.0 4747.0
20931.0 4746.0
20945.0 4745.0
20946.0 4744.0
20955.0 4741.0
20981.0 4739.0
20987.0 4735.0
21003.0 4734.0
21005.0 4733.0
21006.0 4731.0
21015.0 4730.0
21030.0 4728.0
21039.0 4727.0
21044.0 4725.0
21068.0 4722.0
21123.0 4721.0
21132.0 4720.0
21140.0 4716.0
21161.0 4715.0
21164.0 4712.0
21183.0 4709.0
21192.0 4708.0
21220.0 4707.0
21221.0 4703.0
21259.0 4700.0
21287.0 4699.0
21294.0 4696.0
21304.0 4695.0
21309.0 4694.0
21316.0 4691.0
