29783.0 12054.0
29785.0 12026.0
29787.0 12024.0
29788.0 12013.0
29789.0 11996.0
29792.0 11945.0
29795.0 11932.0
29796.0 11422.0
29798.0 11388.0
29803.0 11369.0
29805.0 11359.0
29806.0 11338.0
29808.0 11328.0
29813.0 11321.0
29815.0 11311.0
29818.0 11309.0
29823.0 11302.0
29825.0 11292.0
29832.0 11287.0
29834.0 11277.0
29837.0 11275.0
29840.0 11274.0
29842.0 11268.0
29844.0 11258.0
29852.0 11257.0
29853.0 11255.0
29856.0 11253.0
29857.0 11250.0
29859.0 11240.0
29863.0 11236.0
29866.0 11234.0
29868.0 11231.0
29870.0 11226.0
29874.0 11225.0
29877.0 11220.0
29878.0 11218.0
29879.0 11212.0
29885.0 11208.0
29887.0 11206.0
29890.0 11200.0
29891.0 11198.0
29893.0 11191.0
29897.0 11185.0
29902.0 11184.0
29903.0 11179.0
29904.0 11177.0
29907.0 11173.0
29908.0 11170.0
29910.0 11169.0
29912.0 11164.0
29914.0 11163.0
29918.0 11152.0
29920.0 11145.0
29924.0 11139.0
29930.0 11135.0
29931.0 11131.0
29935.0 11124.0
29939.0 11118.0
29944.0 11112.0
29948.0 11106.0
29952.0 11100.0
29956.0 11094.0
29959.0 11089.0
29963.0 11083.0
29967.0 11074.0
29971.0 11066.0
29975.0 11060.0
29980.0 11057.0
29981.0 11056.0
29983.0 11054.0
29984.0 11051.0
29986.0 11043.0
29990.0 11037.0
29996.0 11033.0
30001.0 11025.0
30005.0 11019.0
30008.0 11016.0
30011.0 11015.0
30012.0 11010.0
30018.0 11006.0
30023.0 10998.0
30027.0 10992.0
30032.0 10989.0
30033.0 10988.0
30036.0 10983.0
30042.0 10979.0
30046.0 10975.0
30050.0 10969.0
30056.0 10965.0
30058.0 10963.0
30064.0 10959.0
30070.0 10957.0
30072.0 10955.0
30077.0 10954.0
30078.0 10951.0
30080.0 10949.0
30086.0 10945.0
30088.0 10943.0
30089.0 10941.0
30093.0 10935.0
30096.0 10932.0
30099.0 10931.0
30100.0 10926.0
30105.0 10923.0
30106.0 10922.0
30110.0 10921.0
30111.0 10914.0
30115.0 10908.0
30117.0 10906.0
30120.0 10902.0
30122.0 10901.0
30123.0 10898.0
30125.0 10894.0
30127.0 10892.0
30128.0 10891.0
30130.0 10885.0
30132.0 10884.0
30135.0 10880.0
30136.0 10878.0
30137.0 10875.0
30138.0 10873.0
30141.0 10872.0
30142.0 10870.0
30143.0 10869.0
30144.0 10865.0
30145.0 10863.0
30146.0 10862.0
30151.0 10856.0
30152.0 10853.0
30153.0 10852.0
30154.0 10851.0
30157.0 10849.0
30159.0 10847.0
30161.0 10841.0
30162.0 10840.0
30165.0 10837.0
30167.0 10834.0
30168.0 10831.0
30169.0 10830.0
30174.0 10828.0
30175.0 10820.0
30182.0 10818.0
30183.0 10808.0
30190.0 10798.0
30197.0 10796.0
30198.0 10794.0
30199.0 10786.0
30205.0 10785.0
30206.0 10776.0
30212.0 10769.0
30213.0 10768.0
30217.0 10759.0
30222.0 10753.0
30223.0 10746.0
30224.0 10740.0
30227.0 10739.0
30229.0 10738.0
30230.0 10728.0
30234.0 10719.0
30238.0 10716.0
30241.0 10715.0
30242.0 10707.0
30244.0 10706.0
30246.0 10699.0
30248.0 10695.0
30250.0 10693.0
30252.0 10686.0
30257.0 10684.0
30259.0 10680.0
30260.0 10676.0
30262.0 10671.0
30264.0 10655.0
30270.0 10646.0
30275.0 10638.0
30278.0 10636.0
30281.0 10629.0
30284.0 10627.0
30287.0 10625.0
30288.0 10622.0
30290.0 10618.0
30291.0 10615.0
30297.0 10611.0
30298.0 10608.0
30299.0 10605.0
30306.0 10602.0
30307.0 10597.0
30308.0 10594.0
30312.0 10593.0
30314.0 10592.0
30315.0 10591.0
30316.0 10588.0
30320.0 10587.0
30321.0 10586.0
30322.0 10585.0
30323.0 10580.0
30328.0 10579.0
30329.0 10572.0
30330.0 10569.0
30334.0 10568.0
30337.0 10566.0
30339.0 10564.0
30340.0 10559.0
30341.0 10556.0
30345.0 10555.0
30347.0 10552.0
30351.0 10548.0
30356.0 10543.0
30359.0 10542.0
30361.0 10541.0
30362.0 10534.0
30367.0 10531.0
30369.0 10527.0
30374.0 10524.0
30378.0 10520.0
30383.0 10519.0
30384.0 10510.0
30390.0 10509.0
30391.0 10503.0
30396.0 10499.0
30401.0 10498.0
30402.0 10496.0
30403.0 10492.0
30408.0 10491.0
30409.0 10489.0
30410.0 10488.0
30412.0 10485.0
30417.0 10481.0
30420.0 10480.0
30421.0 10478.0
30424.0 10474.0
30429.0 10473.0
30431.0 10470.0
30433.0 10469.0
30438.0 10466.0
30439.0 10465.0
30440.0 10462.0
30442.0 10461.0
30445.0 10458.0
30449.0 10456.0
30452.0 10451.0
30453.0 10450.0
30459.0 10447.0
30462.0 10446.0
30464.0 10441.0
30469.0 10439.0
30470.0 10438.0
30471.0 10436.0
30474.0 10432.0
30482.0 10427.0
30484.0 10425.0
30485.0 10423.0
30491.0 10420.0
30492.0 10419.0
30495.0 10416.0
30498.0 10415.0
30502.0 10409.0
30505.0 10407.0
30509.0 10406.0
30510.0 10405.0
30512.0 10402.0
30513.0 10400.0
30515.0 10397.0
30521.0 10396.0
30523.0 10393.0
30524.0 10392.0
30526.0 10388.0
30531.0 10385.0
30533.0 10384.0
30539.0 10382.0
30540.0 10379.0
30541.0 10378.0
30542.0 10376.0
30544.0 10375.0
30548.0 10374.0
30551.0 10370.0
30552.0 10369.0
30558.0 10365.0
30561.0 10362.0
30564.0 10356.0
30572.0 10353.0
30575.0 10347.0
30580.0 10344.0
30588.0 10341.0
30591.0 10335.0
30604.0 10329.0
30610.0 10327.0
30612.0 10324.0
30617.0 10321.0
30620.0 10318.0
30623.0 10312.0
30631.0 10309.0
30634.0 10303.0
30647.0 10299.0
30652.0 10298.0
30653.0 10295.0
30655.0 10292.0
30661.0 10291.0
30666.0 10288.0
30670.0 10283.0
30673.0 10281.0
30677.0 10279.0
30680.0 10277.0
30684.0 10272.0
30691.0 10268.0
30703.0 10263.0
30705.0 10261.0
30711.0 10260.0
30712.0 10257.0
30718.0 10255.0
30720.0 10254.0
30724.0 10252.0
30729.0 10251.0
30732.0 10249.0
30733.0 10247.0
30739.0 10244.0
30740.0 10242.0
30746.0 10241.0
30747.0 10238.0
30748.0 10237.0
30750.0 10234.0
30754.0 10231.0
30758.0 10230.0
30760.0 10229.0
30762.0 10225.0
30767.0 10222.0
30769.0 10218.0
30777.0 10216.0
30783.0 10215.0
30784.0 10212.0
30786.0 10211.0
30787.0 10210.0
30788.0 10207.0
30794.0 10206.0
30795.0 10203.0
30802.0 10202.0
30806.0 10201.0
30807.0 10198.0
30809.0 10196.0
30814.0 10195.0
30816.0 10192.0
30820.0 10191.0
30822.0 10190.0
30824.0 10186.0
30828.0 10182.0
30835.0 10181.0
30836.0 10180.0
30837.0 10179.0
30839.0 10177.0
30841.0 10175.0
30843.0 10171.0
30850.0 10170.0
30852.0 10169.0
30854.0 10166.0
30856.0 10165.0
30858.0 10161.0
30866.0 10159.0
30870.0 10156.0
30871.0 10154.0
30873.0 10150.0
30887.0 10148.0
30890.0 10145.0
30892.0 10142.0
30901.0 10139.0
30907.0 10136.0
30911.0 10134.0
30919.0 10132.0
30920.0 10129.0
30922.0 10125.0
30936.0 10123.0
30939.0 10120.0
30941.0 10117.0
30955.0 10115.0
30959.0 10112.0
30961.0 10109.0
30975.0 10107.0
30982.0 10103.0
30986.0 10102.0
30996.0 10101.0
31000.0 10100.0
31004.0 10097.0
31006.0 10094.0
31020.0 10092.0
31027.0 10088.0
31041.0 10086.0
31046.0 10083.0
31051.0 10080.0
31055.0 10078.0
31060.0 10075.0
31064.0 10073.0
31069.0 10070.0
31074.0 10068.0
31078.0 10065.0
31083.0 10063.0
31089.0 10061.0
31092.0 10058.0
31093.0 10057.0
31094.0 10054.0
31101.0 10053.0
31107.0 10049.0
31108.0 10046.0
31112.0 10044.0
31120.0 10043.0
31121.0 10042.0
31125.0 10039.0
31126.0 10036.0
31134.0 10035.0
31135.0 10034.0
31139.0 10032.0
31145.0 10029.0
31149.0 10028.0
31153.0 10024.0
31160.0 10023.0
31163.0 10022.0
31166.0 10021.0
31167.0 10018.0
31172.0 10017.0
31178.0 10016.0
31180.0 10015.0
31184.0 10014.0
31186.0 10011.0
31190.0 10010.0
31197.0 10009.0
31198.0 10008.0
31201.0 10005.0
31209.0 10003.0
31210.0 10002.0
31217.0 10000.0
31219.0 9999.0
31223.0 9997.0
31225.0 9995.0
31230.0 9994.0
31237.0 9989.0
31250.0 9986.0
31264.0 9983.0
31271.0 9981.0
31276.0 9980.0
31280.0 9977.0
31283.0 9975.0
31293.0 9974.0
31294.0 9972.0
31307.0 9971.0
31308.0 9969.0
31319.0 9968.0
31323.0 9967.0
31326.0 9963.0
31336.0 9960.0
31340.0 9958.0
31348.0 9957.0
31354.0 9955.0
31355.0 9953.0
31359.0 9951.0
31370.0 9950.0
31371.0 9948.0
31374.0 9947.0
31375.0 9946.0
31382.0 9944.0
31387.0 9941.0
31394.0 9939.0
31395.0 9937.0
31405.0 9936.0
31408.0 9933.0
31413.0 9932.0
31422.0 9929.0
31426.0 9927.0
31430.0 9925.0
31433.0 9924.0
31438.0 9923.0
31440.0 9922.0
31441.0 9918.0
31455.0 9913.0
31461.0 9912.0
31469.0 9908.0
31474.0 9905.0
31482.0 9900.0
31487.0 9899.0
31491.0 9898.0
31494.0 9896.0
31497.0 9895.0
31504.0 9892.0
31507.0 9890.0
31512.0 9885.0
31525.0 9884.0
31529.0 9878.0
31532.0 9877.0
31542.0 9876.0
31545.0 9875.0
31547.0 9870.0
31554.0 9864.0
31557.0 9863.0
31567.0 9862.0
31572.0 9859.0
31574.0 9856.0
31589.0 9852.0
31592.0 9851.0
31607.0 9847.0
31610.0 9846.0
31616.0 9844.0
31625.0 9842.0
31633.0 9837.0
31636.0 9836.0
31651.0 9832.0
31656.0 9828.0
31669.0 9827.0
31673.0 9820.0
31686.0 9818.0
31689.0 9814.0
31703.0 9811.0
31708.0 9808.0
31709.0 9803.0
31733.0 9801.0
31735.0 9796.0
31756.0 9795.0
31767.0 9794.0
31768.0 9793.0
31769.0 9791.0
31784.0 9789.0
31786.0 9788.0
31793.0 9786.0
31831.0 9785.0
31835.0 9783.0
31841.0 9778.0
31843.0 9776.0
31847.0 9774.0
31857.0 9772.0
31859.0 9770.0
31863.0 9769.0
31871.0 9767.0
31875.0 9766.0
31878.0 9764.0
31881.0 9760.0
31883.0 9758.0
31887.0 9757.0
31894.0 9756.0
31902.0 9754.0
31905.0 9753.0
31906.0 9752.0
31909.0 9751.0
31912.0 9747.0
31914.0 9745.0
31918.0 9744.0
31930.0 9743.0
31937.0 9739.0
31942.0 9738.0
31949.0 9733.0
31953.0 9732.0
31955.0 9731.0
31962.0 9730.0
31970.0 9729.0
31975.0 9727.0
31977.0 9726.0
31979.0 9725.0
31982.0 9724.0
31984.0 9723.0
31986.0 9718.0
31994.0 9717.0
32008.0 9713.0
32014.0 9711.0
32022.0 9710.0
32023.0 9709.0
32027.0 9707.0
32035.0 9706.0
32050.0 9704.0
32051.0 9702.0
32055.0 9700.0
32063.0 9699.0
32080.0 9697.0
32084.0 9695.0
32092.0 9694.0
32109.0 9693.0
32112.0 9692.0
32117.0 9691.0
32122.0 9690.0
32123.0 9684.0
32133.0 9683.0
32135.0 9682.0
32137.0 9680.0
32141.0 9679.0
32147.0 9677.0
32151.0 9676.0
32156.0 9675.0
32160.0 9674.0
32161.0 9668.0
32171.0 9667.0
32180.0 9663.0
32192.0 9662.0
32195.0 9656.0
32206.0 9655.0
32214.0 9651.0
32225.0 9650.0
32230.0 9648.0
32232.0 9647.0
32236.0 9642.0
32246.0 9641.0
32248.0 9640.0
32250.0 9638.0
32254.0 9637.0
32260.0 9635.0
32264.0 9634.0
32271.0 9633.0
32274.0 9626.0
32284.0 9625.0
32293.0 9624.0
32300.0 9623.0
32303.0 9621.0
32305.0 9620.0
32308.0 9614.0
32324.0 9612.0
32332.0 9611.0
32337.0 9609.0
32348.0 9608.0
32353.0 9607.0
32354.0 9606.0
32362.0 9605.0
32369.0 9604.0
32377.0 9603.0
32378.0 9602.0
32383.0 9600.0
32396.0 9598.0
32400.0 9596.0
32403.0 9595.0
32406.0 9593.0
32414.0 9591.0
32424.0 9589.0
32427.0 9587.0
32432.0 9584.0
32453.0 9578.0
32474.0 9577.0
32480.0 9574.0
32483.0 9573.0
32492.0 9570.0
32510.0 9569.0
32519.0 9566.0
32539.0 9565.0
32563.0 9564.0
32571.0 9563.0
32574.0 9562.0
32596.0 9560.0
32601.0 9558.0
32625.0 9557.0
32634.0 9554.0
32658.0 9553.0
32672.0 9550.0
32696.0 9549.0
32730.0 9548.0
32748.0 9547.0
32783.0 9546.0
