193.0 1291.0
194.0 1277.0
195.0 1274.0
196.0 1254.0
197.0 1245.0
198.0 1240.0
199.0 1235.0
200.0 1232.0
201.0 1208.0
202.0 1172.0
203.0 1163.0
204.0 1156.0
205.0 1149.0
206.0 1148.0
207.0 1144.0
208.0 1139.0
209.0 1136.0
210.0 1135.0
211.0 1128.0
212.0 1123.0
215.0 1118.0
216.0 1116.0
217.0 1111.0
218.0 1108.0
219.0 1104.0
220.0 1099.0
221.0 1094.0
222.0 1091.0
223.0 1086.0
227.0 1082.0
228.0 1078.0
229.0 1074.0
230.0 1073.0
231.0 1071.0
232.0 1068.0
233.0 1063.0
234.0 1062.0
235.0 1056.0
237.0 1053.0
238.0 1052.0
239.0 1046.0
240.0 1041.0
242.0 1034.0
245.0 1031.0
247.0 1029.0
248.0 1027.0
249.0 1023.0
250.0 1019.0
252.0 1017.0
253.0 1016.0
254.0 1014.0
256.0 1011.0
257.0 1007.0
259.0 1005.0
261.0 1001.0
263.0 999.0
265.0 996.0
267.0 994.0
269.0 992.0
270.0 991.0
271.0 990.0
272.0 987.0
273.0 984.0
275.0 982.0
276.0 980.0
277.0 978.0
278.0 975.0
281.0 974.0
284.0 973.0
285.0 970.0
294.0 969.0
305.0 965.0
311.0 964.0
312.0 959.0
