101.0 1154.0
102.0 1140.0
103.0 1104.0
104.0 1097.0
105.0 1088.0
106.0 1078.0
107.0 1064.0
108.0 1062.0
109.0 1048.0
110.0 1046.0
111.0 1033.0
112.0 1030.0
113.0 1013.0
115.0 999.0
116.0 990.0
117.0 989.0
118.0 980.0
119.0 972.0
120.0 971.0
121.0 962.0
123.0 956.0
124.0 949.0
125.0 946.0
127.0 934.0
129.0 930.0
130.0 929.0
131.0 922.0
132.0 919.0
133.0 912.0
135.0 909.0
136.0 908.0
137.0 903.0
138.0 901.0
139.0 899.0
140.0 895.0
141.0 891.0
143.0 889.0
145.0 880.0
148.0 879.0
149.0 873.0
152.0 871.0
154.0 861.0
158.0 854.0
167.0 853.0
168.0 850.0
