413.0 1274.0
414.0 1257.0
415.0 1250.0
416.0 1239.0
417.0 1232.0
418.0 1223.0
419.0 1207.0
421.0 1198.0
422.0 1196.0
423.0 1191.0
424.0 1180.0
426.0 1174.0
427.0 1163.0
429.0 1159.0
431.0 1151.0
433.0 1147.0
435.0 1143.0
437.0 1139.0
439.0 1138.0
440.0 1133.0
442.0 1130.0
444.0 1123.0
446.0 1116.0
448.0 1115.0
449.0 1111.0
450.0 1107.0
451.0 1103.0
452.0 1093.0
453.0 1092.0
454.0 1088.0
455.0 1078.0
457.0 1077.0
458.0 1074.0
459.0 1069.0
463.0 1056.0
466.0 1050.0
467.0 1047.0
468.0 1043.0
470.0 1035.0
474.0 1031.0
475.0 1030.0
477.0 1027.0
478.0 1026.0
480.0 1020.0
483.0 1016.0
488.0 1014.0
491.0 1012.0
495.0 1010.0
498.0 1007.0
506.0 1003.0
507.0 1001.0
508.0 999.0
511.0 997.0
512.0 995.0
515.0 993.0
516.0 988.0
517.0 986.0
522.0 982.0
523.0 980.0
538.0 976.0
543.0 972.0
546.0 970.0
549.0 966.0
554.0 962.0
