5674.0 749.0
5678.0 740.0
5682.0 735.0
5694.0 734.0
5698.0 730.0
5702.0 728.0
5712.0 712.0
5724.0 710.0
5728.0 709.0
5730.0 694.0
5736.0 687.0
5748.0 685.0
5754.0 678.0
5770.0 677.0
5774.0 675.0
5780.0 668.0
5796.0 663.0
5806.0 659.0
5816.0 658.0
5820.0 640.0
5834.0 638.0
5838.0 635.0
5848.0 634.0
5854.0 622.0
5864.0 621.0
5888.0 615.0
5892.0 610.0
5902.0 609.0
5914.0 606.0
5920.0 599.0
5952.0 594.0
5958.0 587.0
5996.0 584.0
6002.0 581.0
6018.0 580.0
6020.0 575.0
6024.0 573.0
6064.0 569.0
6068.0 567.0
6084.0 566.0
6112.0 563.0
6116.0 561.0
6128.0 560.0
6140.0 556.0
6176.0 554.0
6190.0 553.0
6200.0 549.0
6214.0 548.0
6236.0 547.0
6238.0 545.0
6248.0 541.0
6302.0 539.0
6304.0 538.0
6356.0 532.0
6386.0 528.0
6392.0 526.0
6408.0 523.0
6422.0 521.0
6464.0 519.0
6472.0 518.0
6486.0 515.0
6528.0 513.0
