5358.0 753.0
5360.0 733.0
5362.0 717.0
5367.0 700.0
5381.0 691.0
5384.0 687.0
5389.0 684.0
5395.0 667.0
5407.0 665.0
5410.0 660.0
5421.0 657.0
5422.0 655.0
5423.0 649.0
5432.0 642.0
5435.0 636.0
5445.0 631.0
5446.0 630.0
5448.0 625.0
5458.0 621.0
5460.0 619.0
5464.0 614.0
5480.0 613.0
5482.0 610.0
5488.0 608.0
5489.0 602.0
5493.0 598.0
5500.0 596.0
5501.0 593.0
5504.0 591.0
5505.0 588.0
5507.0 583.0
5513.0 582.0
5515.0 580.0
5517.0 576.0
5521.0 571.0
5540.0 570.0
5542.0 566.0
5546.0 561.0
5569.0 559.0
5577.0 556.0
5600.0 554.0
5610.0 553.0
5614.0 546.0
5636.0 542.0
5659.0 538.0
5730.0 534.0
5739.0 532.0
5752.0 531.0
5763.0 529.0
5776.0 527.0
5779.0 526.0
5784.0 523.0
5808.0 520.0
5837.0 516.0
5846.0 510.0
5874.0 506.0
