12942.0 3367.0
12943.0 3345.0
12944.0 3333.0
12946.0 3314.0
12947.0 3302.0
12949.0 3285.0
12950.0 3273.0
12952.0 3269.0
12953.0 3257.0
12955.0 3240.0
12956.0 3228.0
12961.0 3210.0
12968.0 3204.0
12969.0 3190.0
12976.0 3181.0
12977.0 3172.0
12984.0 3163.0
12989.0 3159.0
12996.0 3150.0
13004.0 3135.0
13007.0 3132.0
13016.0 3122.0
13019.0 3119.0
13029.0 3110.0
13041.0 3097.0
13055.0 3096.0
13058.0 3091.0
13063.0 3086.0
13067.0 3083.0
13073.0 3079.0
13075.0 3073.0
13088.0 3068.0
13089.0 3061.0
13103.0 3055.0
13111.0 3050.0
13121.0 3043.0
13123.0 3037.0
13131.0 3031.0
13138.0 3030.0
13140.0 3027.0
13141.0 3026.0
13146.0 3018.0
13150.0 3011.0
13153.0 3006.0
13160.0 2998.0
13169.0 2994.0
13171.0 2993.0
13175.0 2991.0
13178.0 2989.0
13180.0 2988.0
13183.0 2982.0
13184.0 2981.0
13187.0 2975.0
13198.0 2974.0
13202.0 2971.0
13203.0 2964.0
13204.0 2959.0
13214.0 2945.0
13223.0 2940.0
13226.0 2934.0
13230.0 2931.0
13235.0 2929.0
13239.0 2926.0
13242.0 2920.0
13251.0 2915.0
13257.0 2909.0
13261.0 2906.0
13267.0 2905.0
13270.0 2903.0
13273.0 2895.0
13282.0 2894.0
13283.0 2892.0
13284.0 2891.0
13287.0 2890.0
13288.0 2884.0
13289.0 2883.0
13294.0 2879.0
13295.0 2878.0
13298.0 2875.0
13299.0 2874.0
13302.0 2871.0
13304.0 2870.0
13305.0 2868.0
13310.0 2865.0
13311.0 2864.0
13313.0 2859.0
13317.0 2854.0
13326.0 2851.0
13328.0 2850.0
13329.0 2849.0
13330.0 2848.0
13331.0 2844.0
13332.0 2843.0
13333.0 2840.0
13341.0 2838.0
13345.0 2837.0
13346.0 2834.0
13347.0 2833.0
13350.0 2830.0
13353.0 2827.0
13356.0 2825.0
13358.0 2824.0
13360.0 2823.0
13361.0 2822.0
13363.0 2818.0
13365.0 2813.0
13374.0 2812.0
13382.0 2807.0
13390.0 2804.0
13394.0 2802.0
13395.0 2800.0
13396.0 2799.0
13405.0 2798.0
13408.0 2796.0
13413.0 2787.0
13417.0 2785.0
13422.0 2777.0
13436.0 2769.0
13448.0 2766.0
13455.0 2762.0
13462.0 2758.0
13466.0 2755.0
13472.0 2754.0
13476.0 2752.0
13478.0 2751.0
13480.0 2748.0
13483.0 2747.0
13484.0 2745.0
13489.0 2739.0
13506.0 2737.0
13507.0 2736.0
13508.0 2734.0
13509.0 2732.0
13516.0 2729.0
13523.0 2725.0
13529.0 2720.0
13537.0 2717.0
13549.0 2713.0
13553.0 2712.0
13557.0 2710.0
13574.0 2709.0
13578.0 2707.0
13583.0 2704.0
13590.0 2703.0
13591.0 2701.0
13598.0 2700.0
13603.0 2697.0
13607.0 2696.0
13611.0 2694.0
13624.0 2693.0
13631.0 2692.0
13632.0 2691.0
13639.0 2689.0
13644.0 2687.0
13652.0 2684.0
13666.0 2681.0
13670.0 2680.0
13678.0 2677.0
13685.0 2676.0
13693.0 2673.0
13702.0 2672.0
13704.0 2671.0
13708.0 2670.0
13712.0 2669.0
13716.0 2667.0
13727.0 2665.0
13736.0 2664.0
13738.0 2663.0
13742.0 2662.0
13750.0 2659.0
13768.0 2656.0
13771.0 2654.0
13789.0 2653.0
13790.0 2651.0
13799.0 2649.0
13812.0 2648.0
13814.0 2645.0
13823.0 2644.0
13831.0 2643.0
13835.0 2642.0
13842.0 2640.0
13846.0 2638.0
13853.0 2637.0
13865.0 2634.0
13868.0 2632.0
13886.0 2630.0
13888.0 2629.0
13899.0 2628.0
13906.0 2627.0
13909.0 2624.0
13911.0 2623.0
13922.0 2621.0
13931.0 2618.0
13934.0 2616.0
13954.0 2613.0
13965.0 2612.0
13977.0 2607.0
14008.0 2605.0
14013.0 2604.0
14018.0 2603.0
14028.0 2602.0
14029.0 2601.0
14035.0 2600.0
14041.0 2596.0
14077.0 2593.0
14099.0 2589.0
14157.0 2588.0
14161.0 2587.0
14163.0 2586.0
14177.0 2585.0
14183.0 2583.0
