57.0 61.0
57.0 61.0
55.0 63.0
52.0 66.0
52.0 66.0
57.0 61.0
55.0 63.0
52.0 66.0
42.0 85.0
57.0 61.0
55.0 63.0
45.0 76.0
42.0 85.0
46.0 73.0
42.0 85.0
52.0 66.0
55.0 63.0
42.0 85.0
57.0 61.0
45.0 76.0
52.0 66.0
52.0 66.0
46.0 73.0
49.0 70.0
55.0 63.0
55.0 63.0
46.0 73.0
46.0 73.0
49.0 70.0
52.0 66.0
41.0 87.0
46.0 73.0
55.0 63.0
45.0 76.0
41.0 87.0
45.0 76.0
51.0 68.0
57.0 61.0
42.0 85.0
51.0 68.0
51.0 68.0
47.0 71.0
55.0 63.0
41.0 87.0
49.0 70.0
46.0 73.0
57.0 61.0
42.0 85.0
51.0 68.0
41.0 87.0
51.0 68.0
41.0 87.0
41.0 87.0
45.0 76.0
52.0 66.0
57.0 61.0
51.0 68.0
45.0 76.0
42.0 85.0
47.0 71.0
51.0 68.0
42.0 85.0
49.0 70.0
46.0 73.0
52.0 66.0
47.0 71.0
47.0 71.0
49.0 70.0
43.0 79.0
44.0 77.0
57.0 61.0
44.0 77.0
44.0 77.0
44.0 77.0
47.0 71.0
47.0 71.0
47.0 71.0
43.0 79.0
44.0 77.0
43.0 79.0
44.0 77.0
45.0 76.0
51.0 68.0
49.0 70.0
41.0 87.0
55.0 63.0
43.0 79.0
43.0 79.0
41.0 87.0
43.0 79.0
45.0 76.0
44.0 77.0
41.0 87.0
44.0 77.0
43.0 79.0
49.0 70.0
43.0 79.0
46.0 73.0
47.0 71.0
49.0 70.0
