56.0 139.0
65.0 117.0
65.0 117.0
65.0 117.0
65.0 117.0
73.0 108.0
65.0 117.0
68.0 116.0
62.0 121.0
62.0 121.0
69.0 112.0
68.0 116.0
69.0 112.0
62.0 121.0
61.0 125.0
55.0 144.0
55.0 144.0
69.0 112.0
61.0 125.0
55.0 144.0
54.0 150.0
61.0 125.0
55.0 144.0
68.0 116.0
68.0 116.0
55.0 144.0
73.0 108.0
53.0 156.0
73.0 108.0
61.0 125.0
60.0 126.0
54.0 150.0
73.0 108.0
54.0 150.0
58.0 134.0
60.0 126.0
58.0 134.0
53.0 156.0
60.0 126.0
60.0 126.0
73.0 108.0
58.0 134.0
60.0 126.0
73.0 108.0
69.0 112.0
68.0 116.0
62.0 121.0
53.0 156.0
61.0 125.0
60.0 126.0
63.0 120.0
65.0 117.0
51.0 163.0
61.0 125.0
59.0 130.0
55.0 144.0
58.0 134.0
59.0 130.0
59.0 130.0
69.0 112.0
62.0 121.0
55.0 144.0
53.0 156.0
73.0 108.0
73.0 108.0
60.0 126.0
59.0 130.0
59.0 130.0
53.0 156.0
53.0 156.0
63.0 120.0
69.0 112.0
63.0 120.0
59.0 130.0
54.0 150.0
58.0 134.0
54.0 150.0
65.0 117.0
63.0 120.0
54.0 150.0
62.0 121.0
53.0 156.0
58.0 134.0
63.0 120.0
69.0 112.0
59.0 130.0
55.0 144.0
63.0 120.0
58.0 134.0
63.0 120.0
54.0 150.0
68.0 116.0
53.0 156.0
69.0 112.0
58.0 134.0
61.0 125.0
62.0 121.0
54.0 150.0
59.0 130.0
68.0 116.0
