328.0 623.0
328.0 623.0
349.0 556.0
336.0 577.0
336.0 577.0
372.0 509.0
342.0 567.0
336.0 577.0
327.0 630.0
342.0 567.0
327.0 630.0
327.0 630.0
328.0 623.0
328.0 623.0
336.0 577.0
349.0 556.0
351.0 551.0
372.0 509.0
327.0 630.0
342.0 567.0
332.0 593.0
349.0 556.0
328.0 623.0
347.0 558.0
332.0 593.0
366.0 510.0
328.0 623.0
342.0 567.0
366.0 510.0
342.0 567.0
372.0 509.0
347.0 558.0
347.0 558.0
366.0 510.0
366.0 510.0
353.0 548.0
336.0 577.0
332.0 593.0
353.0 548.0
347.0 558.0
342.0 567.0
355.0 546.0
372.0 509.0
347.0 558.0
360.0 526.0
355.0 546.0
336.0 577.0
358.0 533.0
355.0 546.0
349.0 556.0
355.0 546.0
362.0 521.0
332.0 593.0
366.0 510.0
362.0 521.0
364.0 514.0
355.0 546.0
358.0 533.0
364.0 514.0
358.0 533.0
366.0 510.0
358.0 533.0
362.0 521.0
364.0 514.0
362.0 521.0
353.0 548.0
360.0 526.0
362.0 521.0
353.0 548.0
336.0 577.0
364.0 514.0
360.0 526.0
353.0 548.0
364.0 514.0
332.0 593.0
327.0 630.0
372.0 509.0
342.0 567.0
351.0 551.0
347.0 558.0
372.0 509.0
362.0 521.0
327.0 630.0
358.0 533.0
360.0 526.0
327.0 630.0
355.0 546.0
353.0 548.0
358.0 533.0
349.0 556.0
349.0 556.0
364.0 514.0
351.0 551.0
360.0 526.0
332.0 593.0
360.0 526.0
332.0 593.0
358.0 533.0
372.0 509.0
362.0 521.0
