159.0 471.0
158.0 479.0
158.0 479.0
158.0 479.0
159.0 471.0
164.0 454.0
164.0 454.0
163.0 461.0
158.0 479.0
161.0 464.0
165.0 438.0
190.0 403.0
158.0 479.0
171.0 411.0
171.0 411.0
169.0 421.0
163.0 461.0
171.0 411.0
169.0 421.0
157.0 493.0
161.0 464.0
165.0 438.0
157.0 493.0
168.0 432.0
174.0 410.0
174.0 410.0
164.0 454.0
171.0 411.0
190.0 403.0
169.0 421.0
165.0 438.0
164.0 454.0
165.0 438.0
163.0 461.0
157.0 493.0
163.0 461.0
158.0 479.0
174.0 410.0
165.0 438.0
174.0 410.0
168.0 432.0
170.0 419.0
170.0 419.0
171.0 411.0
157.0 493.0
161.0 464.0
163.0 461.0
166.0 434.0
166.0 434.0
166.0 434.0
157.0 493.0
158.0 479.0
174.0 410.0
165.0 438.0
161.0 464.0
187.0 404.0
161.0 464.0
163.0 461.0
169.0 421.0
166.0 434.0
164.0 454.0
187.0 404.0
187.0 404.0
164.0 454.0
168.0 432.0
170.0 419.0
169.0 421.0
170.0 419.0
174.0 410.0
190.0 403.0
166.0 434.0
190.0 403.0
171.0 411.0
170.0 419.0
187.0 404.0
164.0 454.0
190.0 403.0
168.0 432.0
161.0 464.0
168.0 432.0
171.0 411.0
174.0 410.0
157.0 493.0
168.0 432.0
187.0 404.0
166.0 434.0
169.0 421.0
163.0 461.0
187.0 404.0
187.0 404.0
157.0 493.0
165.0 438.0
166.0 434.0
168.0 432.0
161.0 464.0
170.0 419.0
190.0 403.0
170.0 419.0
190.0 403.0
169.0 421.0
