744.0 928.0
769.0 847.0
731.0 1022.0
731.0 1022.0
775.0 839.0
765.0 853.0
731.0 1022.0
750.0 888.0
738.0 972.0
769.0 847.0
752.0 875.0
739.0 960.0
768.0 848.0
738.0 972.0
758.0 860.0
747.0 900.0
736.0 983.0
765.0 853.0
747.0 900.0
735.0 991.0
738.0 972.0
745.0 920.0
731.0 1022.0
738.0 972.0
732.0 1009.0
774.0 840.0
745.0 920.0
743.0 931.0
758.0 860.0
742.0 951.0
742.0 951.0
729.0 1043.0
727.0 1073.0
774.0 840.0
743.0 931.0
765.0 853.0
727.0 1073.0
739.0 960.0
743.0 931.0
745.0 920.0
752.0 875.0
747.0 900.0
736.0 983.0
735.0 991.0
734.0 1003.0
736.0 983.0
748.0 894.0
726.0 1074.0
748.0 894.0
733.0 1008.0
732.0 1009.0
774.0 840.0
750.0 888.0
733.0 1008.0
742.0 951.0
748.0 894.0
734.0 1003.0
735.0 991.0
746.0 901.0
751.0 878.0
734.0 1003.0
746.0 901.0
753.0 871.0
768.0 848.0
750.0 888.0
752.0 875.0
739.0 960.0
769.0 847.0
726.0 1074.0
749.0 893.0
756.0 862.0
733.0 1008.0
766.0 850.0
732.0 1009.0
760.0 854.0
749.0 893.0
734.0 1003.0
740.0 952.0
753.0 871.0
756.0 862.0
766.0 850.0
726.0 1074.0
768.0 848.0
749.0 893.0
740.0 952.0
744.0 928.0
760.0 854.0
740.0 952.0
753.0 871.0
766.0 850.0
746.0 901.0
745.0 920.0
727.0 1073.0
736.0 983.0
760.0 854.0
739.0 960.0
758.0 860.0
756.0 862.0
775.0 839.0
735.0 991.0
