59.0 1172.0
59.0 1172.0
89.0 1008.0
87.0 1013.0
76.0 1036.0
89.0 1008.0
72.0 1056.0
82.0 1022.0
63.0 1120.0
84.0 1017.0
72.0 1056.0
79.0 1029.0
89.0 1008.0
64.0 1096.0
72.0 1056.0
77.0 1034.0
70.0 1065.0
72.0 1056.0
59.0 1172.0
71.0 1058.0
65.0 1092.0
70.0 1065.0
65.0 1092.0
77.0 1034.0
70.0 1065.0
64.0 1096.0
69.0 1069.0
66.0 1088.0
68.0 1073.0
65.0 1092.0
69.0 1069.0
63.0 1120.0
70.0 1065.0
66.0 1088.0
82.0 1022.0
77.0 1034.0
62.0 1131.0
64.0 1096.0
59.0 1172.0
62.0 1131.0
64.0 1096.0
63.0 1120.0
65.0 1092.0
62.0 1131.0
68.0 1073.0
60.0 1169.0
63.0 1120.0
67.0 1084.0
69.0 1069.0
67.0 1084.0
63.0 1120.0
61.0 1134.0
89.0 1008.0
65.0 1092.0
77.0 1034.0
67.0 1084.0
68.0 1073.0
89.0 1008.0
65.0 1092.0
60.0 1169.0
63.0 1120.0
82.0 1022.0
69.0 1069.0
66.0 1088.0
69.0 1069.0
61.0 1134.0
60.0 1169.0
66.0 1088.0
69.0 1069.0
74.0 1041.0
61.0 1134.0
87.0 1013.0
71.0 1058.0
59.0 1172.0
76.0 1036.0
61.0 1134.0
62.0 1131.0
66.0 1088.0
82.0 1022.0
64.0 1096.0
68.0 1073.0
73.0 1047.0
79.0 1029.0
71.0 1058.0
68.0 1073.0
67.0 1084.0
64.0 1096.0
76.0 1036.0
66.0 1088.0
67.0 1084.0
68.0 1073.0
70.0 1065.0
61.0 1134.0
60.0 1169.0
72.0 1056.0
67.0 1084.0
70.0 1065.0
62.0 1131.0
60.0 1169.0
89.0 1008.0
