857.0 907.0
856.0 934.0
859.0 902.0
859.0 902.0
886.0 825.0
856.0 934.0
860.0 894.0
873.0 844.0
873.0 844.0
888.0 820.0
857.0 907.0
889.0 818.0
872.0 851.0
898.0 811.0
864.0 865.0
877.0 831.0
877.0 831.0
855.0 941.0
860.0 894.0
855.0 941.0
899.0 810.0
872.0 851.0
887.0 822.0
899.0 810.0
860.0 894.0
883.0 830.0
896.0 813.0
877.0 831.0
871.0 853.0
887.0 822.0
898.0 811.0
866.0 861.0
859.0 902.0
859.0 902.0
873.0 844.0
876.0 833.0
874.0 839.0
874.0 839.0
889.0 818.0
871.0 853.0
889.0 818.0
862.0 871.0
898.0 811.0
888.0 820.0
864.0 865.0
861.0 877.0
872.0 851.0
888.0 820.0
883.0 830.0
897.0 812.0
888.0 820.0
891.0 816.0
897.0 812.0
896.0 813.0
866.0 861.0
864.0 865.0
875.0 837.0
864.0 865.0
868.0 855.0
874.0 839.0
866.0 861.0
876.0 833.0
866.0 861.0
868.0 855.0
875.0 837.0
891.0 816.0
887.0 822.0
856.0 934.0
876.0 833.0
877.0 831.0
899.0 810.0
862.0 871.0
875.0 837.0
855.0 941.0
896.0 813.0
874.0 839.0
891.0 816.0
886.0 825.0
855.0 941.0
861.0 877.0
873.0 844.0
883.0 830.0
862.0 871.0
897.0 812.0
868.0 855.0
876.0 833.0
856.0 934.0
871.0 853.0
868.0 855.0
889.0 818.0
861.0 877.0
862.0 871.0
887.0 822.0
875.0 837.0
861.0 877.0
860.0 894.0
872.0 851.0
871.0 853.0
891.0 816.0
883.0 830.0
