6336.0 549.0
6118.0 578.0
5990.0 612.0
5990.0 612.0
5990.0 612.0
5862.0 683.0
6118.0 578.0
5834.0 697.0
5936.0 649.0
6146.0 573.0
5824.0 704.0
6266.0 560.0
5862.0 683.0
6182.0 572.0
6058.0 593.0
6362.0 543.0
6202.0 570.0
6274.0 559.0
6118.0 578.0
5824.0 704.0
5964.0 645.0
5824.0 704.0
5964.0 645.0
6362.0 543.0
6182.0 572.0
5884.0 671.0
6324.0 556.0
5884.0 671.0
5830.0 698.0
5936.0 649.0
6336.0 549.0
6008.0 603.0
5916.0 651.0
6266.0 560.0
6460.0 537.0
6008.0 603.0
5842.0 691.0
6074.0 579.0
6062.0 589.0
5850.0 685.0
6032.0 594.0
5850.0 685.0
6238.0 565.0
6032.0 594.0
6182.0 572.0
5970.0 643.0
6324.0 556.0
5984.0 631.0
5876.0 677.0
6266.0 560.0
5916.0 651.0
5936.0 649.0
6238.0 565.0
5830.0 698.0
5876.0 677.0
6324.0 556.0
5902.0 663.0
6062.0 589.0
5964.0 645.0
6032.0 594.0
5876.0 677.0
5808.0 719.0
5856.0 684.0
6018.0 597.0
6460.0 537.0
5808.0 719.0
5842.0 691.0
5862.0 683.0
5894.0 669.0
5812.0 706.0
6238.0 565.0
5812.0 706.0
6074.0 579.0
6074.0 579.0
6018.0 597.0
5884.0 671.0
5894.0 669.0
5970.0 643.0
5916.0 651.0
5812.0 706.0
6008.0 603.0
5984.0 631.0
5902.0 663.0
5844.0 686.0
5970.0 643.0
5908.0 657.0
6202.0 570.0
5844.0 686.0
5808.0 719.0
5902.0 663.0
5856.0 684.0
6460.0 537.0
5894.0 669.0
5834.0 697.0
6018.0 597.0
5984.0 631.0
6362.0 543.0
5908.0 657.0
5908.0 657.0
6202.0 570.0
