9627.0 581.0
9576.0 610.0
9629.0 579.0
9843.0 538.0
9843.0 538.0
9576.0 610.0
9629.0 579.0
9633.0 571.0
9627.0 581.0
9576.0 610.0
9598.0 593.0
9633.0 571.0
9683.0 551.0
9592.0 594.0
9819.0 541.0
9674.0 553.0
9859.0 531.0
9683.0 551.0
9576.0 610.0
9843.0 538.0
9602.0 592.0
9859.0 531.0
9859.0 531.0
9821.0 539.0
9859.0 531.0
9582.0 600.0
9602.0 592.0
9683.0 551.0
9859.0 531.0
9576.0 610.0
9612.0 586.0
9683.0 551.0
9859.0 531.0
9719.0 542.0
9598.0 593.0
9564.0 625.0
9582.0 600.0
9598.0 593.0
9612.0 586.0
9821.0 539.0
9819.0 541.0
9819.0 541.0
9602.0 592.0
9602.0 592.0
9631.0 578.0
9633.0 571.0
9612.0 586.0
9578.0 601.0
9582.0 600.0
9821.0 539.0
9631.0 578.0
9821.0 539.0
9578.0 601.0
9631.0 578.0
9578.0 601.0
9602.0 592.0
9598.0 593.0
9655.0 561.0
9629.0 579.0
9578.0 601.0
9631.0 578.0
9631.0 578.0
9602.0 592.0
9598.0 593.0
9859.0 531.0
9602.0 592.0
9598.0 593.0
9877.0 523.0
9582.0 600.0
9631.0 578.0
9582.0 600.0
9633.0 571.0
9578.0 601.0
9819.0 541.0
9683.0 551.0
9578.0 601.0
9612.0 586.0
9821.0 539.0
9576.0 610.0
9650.0 562.0
9683.0 551.0
9612.0 586.0
9612.0 586.0
9578.0 601.0
9612.0 586.0
9821.0 539.0
9582.0 600.0
9821.0 539.0
9683.0 551.0
9576.0 610.0
9598.0 593.0
9819.0 541.0
9843.0 538.0
9582.0 600.0
9819.0 541.0
9629.0 579.0
9631.0 578.0
9629.0 579.0
9819.0 541.0
9655.0 561.0
