16761.0 1132.0
16872.0 1089.0
16782.0 1127.0
16880.0 1084.0
16844.0 1096.0
16664.0 1182.0
16640.0 1194.0
16839.0 1102.0
16846.0 1090.0
16761.0 1132.0
16644.0 1193.0
16723.0 1151.0
16782.0 1127.0
16640.0 1194.0
16813.0 1108.0
16826.0 1106.0
16879.0 1086.0
16775.0 1128.0
16577.0 1234.0
16718.0 1154.0
16775.0 1128.0
16613.0 1211.0
16846.0 1090.0
16655.0 1190.0
16718.0 1154.0
16784.0 1112.0
16628.0 1207.0
16577.0 1234.0
16813.0 1108.0
16960.0 1063.0
16659.0 1185.0
16635.0 1195.0
16607.0 1213.0
16917.0 1072.0
16681.0 1173.0
16748.0 1136.0
16748.0 1136.0
16659.0 1185.0
16883.0 1078.0
16917.0 1072.0
16952.0 1065.0
16704.0 1159.0
16628.0 1207.0
16731.0 1148.0
16960.0 1063.0
16989.0 1053.0
16941.0 1067.0
16655.0 1190.0
16883.0 1078.0
16735.0 1142.0
16618.0 1210.0
16713.0 1157.0
16599.0 1218.0
16784.0 1112.0
16580.0 1232.0
16622.0 1209.0
16989.0 1053.0
16944.0 1066.0
16664.0 1182.0
16735.0 1142.0
16835.0 1103.0
16595.0 1228.0
16723.0 1151.0
16586.0 1230.0
16656.0 1187.0
16941.0 1067.0
16629.0 1197.0
16622.0 1209.0
16595.0 1228.0
16952.0 1065.0
16602.0 1216.0
16629.0 1197.0
16599.0 1218.0
16618.0 1210.0
16835.0 1103.0
16826.0 1106.0
16667.0 1175.0
16944.0 1066.0
16731.0 1148.0
16878.0 1088.0
16692.0 1164.0
16704.0 1159.0
16645.0 1191.0
16698.0 1161.0
16586.0 1230.0
16844.0 1096.0
16686.0 1166.0
16841.0 1100.0
16686.0 1166.0
16698.0 1161.0
16692.0 1164.0
16613.0 1211.0
16667.0 1175.0
16580.0 1232.0
16602.0 1216.0
16713.0 1157.0
16682.0 1171.0
16872.0 1089.0
16635.0 1195.0
16607.0 1213.0
