3897.0 321.0
3933.0 310.0
3897.0 321.0
3941.0 306.0
3810.0 351.0
3822.0 344.0
3822.0 344.0
3941.0 306.0
3824.0 340.0
3941.0 306.0
3927.0 312.0
3806.0 361.0
3810.0 351.0
3963.0 300.0
3963.0 300.0
3901.0 317.0
3825.0 337.0
3900.0 319.0
3810.0 351.0
3789.0 363.0
3806.0 361.0
3787.0 401.0
3901.0 317.0
3825.0 337.0
3787.0 401.0
3812.0 345.0
3900.0 319.0
3789.0 363.0
3843.0 334.0
3887.0 323.0
3887.0 323.0
3823.0 341.0
3812.0 345.0
3835.0 336.0
3927.0 312.0
3897.0 321.0
3901.0 317.0
3809.0 353.0
3887.0 323.0
3809.0 353.0
3855.0 327.0
3855.0 327.0
3887.0 323.0
3824.0 340.0
3789.0 363.0
3855.0 327.0
3963.0 300.0
3835.0 336.0
3809.0 353.0
3787.0 401.0
3900.0 319.0
3887.0 323.0
3941.0 306.0
3789.0 363.0
3941.0 306.0
3865.0 326.0
3963.0 300.0
3806.0 361.0
3933.0 310.0
3900.0 319.0
3855.0 327.0
3823.0 341.0
3843.0 334.0
3787.0 401.0
3855.0 327.0
3796.0 362.0
3901.0 317.0
3825.0 337.0
3835.0 336.0
3796.0 362.0
3796.0 362.0
3812.0 345.0
3806.0 361.0
3963.0 300.0
3796.0 362.0
3823.0 341.0
3843.0 334.0
3812.0 345.0
3865.0 326.0
3843.0 334.0
3810.0 351.0
3897.0 321.0
3835.0 336.0
3865.0 326.0
3835.0 336.0
3796.0 362.0
3822.0 344.0
3865.0 326.0
3789.0 363.0
3787.0 401.0
3825.0 337.0
3843.0 334.0
3865.0 326.0
3823.0 341.0
3809.0 353.0
3927.0 312.0
3822.0 344.0
3806.0 361.0
3824.0 340.0
3824.0 340.0
