15932.0 3311.0
15563.0 3589.0
15566.0 3584.0
15891.0 3328.0
15706.0 3450.0
15793.0 3376.0
15894.0 3319.0
15528.0 3667.0
15774.0 3395.0
15612.0 3542.0
15588.0 3556.0
15776.0 3393.0
15546.0 3619.0
15571.0 3576.0
15581.0 3565.0
15632.0 3514.0
15763.0 3403.0
15701.0 3451.0
15742.0 3420.0
15729.0 3429.0
15865.0 3329.0
15537.0 3646.0
15660.0 3492.0
15644.0 3505.0
15545.0 3631.0
15675.0 3473.0
15517.0 3700.0
15710.0 3444.0
15809.0 3361.0
15555.0 3610.0
15806.0 3366.0
15534.0 3664.0
15666.0 3483.0
15797.0 3375.0
15525.0 3685.0
15543.0 3637.0
15740.0 3424.0
15619.0 3530.0
15723.0 3431.0
15799.0 3371.0
15769.0 3398.0
15825.0 3346.0
15681.0 3470.0
15561.0 3595.0
15834.0 3342.0
15766.0 3402.0
15514.0 3718.0
15836.0 3340.0
15788.0 3384.0
15926.0 3313.0
15663.0 3484.0
15519.0 3694.0
15625.0 3521.0
15813.0 3360.0
15651.0 3495.0
15715.0 3437.0
15556.0 3598.0
15600.0 3545.0
15551.0 3616.0
15527.0 3679.0
15820.0 3353.0
15639.0 3506.0
15516.0 3712.0
15624.0 3529.0
15839.0 3335.0
15662.0 3487.0
15645.0 3497.0
15837.0 3337.0
15615.0 3539.0
15697.0 3453.0
15734.0 3426.0
15747.0 3413.0
15585.0 3564.0
15708.0 3448.0
15807.0 3363.0
15744.0 3417.0
15779.0 3388.0
15618.0 3533.0
15801.0 3368.0
15578.0 3567.0
15593.0 3554.0
15822.0 3351.0
15690.0 3461.0
15783.0 3387.0
15669.0 3475.0
15685.0 3464.0
15761.0 3405.0
15631.0 3519.0
15758.0 3409.0
15712.0 3441.0
15542.0 3643.0
15691.0 3455.0
15815.0 3356.0
15861.0 3333.0
15777.0 3390.0
15829.0 3345.0
15638.0 3509.0
15684.0 3467.0
15791.0 3379.0
15535.0 3652.0
