24736.0 7757.0
24739.0 7749.0
24740.0 7743.0
24743.0 7735.0
24744.0 7722.0
24747.0 7714.0
24751.0 7713.0
24754.0 7705.0
24756.0 7702.0
24757.0 7697.0
24758.0 7692.0
24760.0 7689.0
24763.0 7681.0
24764.0 7680.0
24767.0 7673.0
24771.0 7672.0
24772.0 7670.0
24773.0 7664.0
24774.0 7663.0
24776.0 7661.0
24777.0 7656.0
24778.0 7651.0
24779.0 7643.0
24783.0 7640.0
24784.0 7639.0
24786.0 7633.0
24787.0 7625.0
24792.0 7622.0
24794.0 7621.0
24796.0 7614.0
24797.0 7608.0
24799.0 7602.0
24804.0 7599.0
24806.0 7592.0
24807.0 7584.0
24812.0 7581.0
24814.0 7580.0
24816.0 7573.0
24817.0 7567.0
24822.0 7562.0
24827.0 7509.0
24828.0 7496.0
24834.0 7491.0
24835.0 7482.0
24836.0 7468.0
24838.0 7467.0
24839.0 7465.0
24842.0 7463.0
24843.0 7458.0
24845.0 7452.0
24846.0 7451.0
24847.0 7449.0
24848.0 7442.0
24849.0 7405.0
24850.0 7392.0
24851.0 7383.0
24852.0 7370.0
24853.0 7363.0
24854.0 7350.0
24856.0 7343.0
24858.0 7337.0
24860.0 7330.0
24863.0 7324.0
24866.0 7311.0
24868.0 7304.0
24871.0 7298.0
24876.0 7297.0
24877.0 7296.0
24878.0 7290.0
24879.0 7287.0
24881.0 7280.0
24883.0 7274.0
24886.0 7268.0
24890.0 7257.0
24891.0 7248.0
24894.0 7242.0
24900.0 7240.0
24901.0 7234.0
24903.0 7233.0
24904.0 7224.0
24907.0 7218.0
24912.0 7211.0
24914.0 7210.0
24915.0 7205.0
24917.0 7204.0
24918.0 7197.0
24921.0 7191.0
24924.0 7185.0
24931.0 7182.0
24933.0 7180.0
24934.0 7176.0
24936.0 7174.0
24937.0 7168.0
24940.0 7162.0
24948.0 7159.0
24949.0 7158.0
24950.0 7156.0
24951.0 7153.0
24953.0 7150.0
24960.0 7148.0
24961.0 7144.0
24963.0 7142.0
24964.0 7136.0
24967.0 7130.0
24969.0 7122.0
24972.0 7116.0
24976.0 7110.0
24979.0 7104.0
24986.0 7102.0
24989.0 7096.0
24996.0 7094.0
24998.0 7091.0
25000.0 7088.0
25001.0 7085.0
25004.0 7071.0
25007.0 7065.0
25011.0 7059.0
25014.0 7053.0
25019.0 7051.0
25024.0 7045.0
25029.0 7043.0
25032.0 7041.0
25035.0 7035.0
25042.0 7033.0
25044.0 7031.0
25045.0 7027.0
25053.0 7025.0
25054.0 7022.0
25056.0 7019.0
25064.0 7018.0
25065.0 7013.0
25067.0 7012.0
25068.0 7003.0
25074.0 7001.0
25075.0 6982.0
25081.0 6979.0
25083.0 6977.0
25084.0 6957.0
25086.0 6955.0
25093.0 6954.0
25096.0 6933.0
25100.0 6928.0
25102.0 6915.0
25104.0 6911.0
25105.0 6908.0
25114.0 6900.0
25115.0 6897.0
25127.0 6895.0
25128.0 6889.0
25129.0 6886.0
25133.0 6885.0
25134.0 6883.0
25135.0 6880.0
25144.0 6877.0
25145.0 6874.0
25148.0 6872.0
25149.0 6869.0
25151.0 6864.0
25152.0 6861.0
25161.0 6858.0
25162.0 6850.0
25163.0 6847.0
25169.0 6842.0
25170.0 6839.0
25175.0 6837.0
25178.0 6836.0
25181.0 6830.0
25192.0 6826.0
25193.0 6824.0
25196.0 6822.0
25197.0 6819.0
25199.0 6814.0
25200.0 6811.0
25209.0 6808.0
25210.0 6804.0
25213.0 6803.0
25217.0 6792.0
25233.0 6789.0
25239.0 6784.0
25242.0 6783.0
25245.0 6777.0
25248.0 6774.0
25257.0 6773.0
25260.0 6764.0
25264.0 6759.0
25276.0 6749.0
25291.0 6748.0
25292.0 6746.0
25293.0 6745.0
25294.0 6743.0
25296.0 6742.0
25298.0 6739.0
25299.0 6732.0
25307.0 6731.0
25309.0 6726.0
25312.0 6723.0
25313.0 6722.0
25314.0 6721.0
25315.0 6715.0
25325.0 6709.0
25330.0 6704.0
25332.0 6702.0
25335.0 6699.0
25340.0 6698.0
25347.0 6691.0
25350.0 6688.0
25360.0 6687.0
25363.0 6684.0
25366.0 6683.0
25368.0 6682.0
25370.0 6680.0
25372.0 6679.0
25373.0 6677.0
25375.0 6676.0
25378.0 6674.0
25383.0 6673.0
25385.0 6669.0
25388.0 6666.0
25398.0 6665.0
25400.0 6660.0
25403.0 6657.0
25413.0 6655.0
25416.0 6652.0
25420.0 6650.0
25428.0 6646.0
25431.0 6642.0
25432.0 6637.0
25438.0 6631.0
25442.0 6627.0
25447.0 6626.0
25456.0 6621.0
25457.0 6616.0
25473.0 6614.0
25475.0 6609.0
25478.0 6606.0
25485.0 6605.0
25491.0 6600.0
25500.0 6594.0
25509.0 6593.0
25512.0 6590.0
25519.0 6589.0
25521.0 6584.0
25538.0 6580.0
25539.0 6579.0
25547.0 6578.0
25548.0 6576.0
25549.0 6573.0
25553.0 6571.0
25554.0 6570.0
25556.0 6569.0
25557.0 6568.0
25560.0 6567.0
25561.0 6562.0
25562.0 6561.0
25571.0 6560.0
25572.0 6559.0
25575.0 6558.0
25576.0 6553.0
25577.0 6552.0
25588.0 6551.0
25589.0 6550.0
25590.0 6549.0
25592.0 6545.0
25593.0 6544.0
25598.0 6543.0
25599.0 6542.0
25606.0 6541.0
25607.0 6539.0
25608.0 6537.0
25609.0 6536.0
25613.0 6534.0
25614.0 6533.0
25619.0 6532.0
25623.0 6531.0
25624.0 6530.0
25627.0 6528.0
25628.0 6527.0
25629.0 6526.0
25630.0 6525.0
25631.0 6524.0
25633.0 6523.0
25634.0 6522.0
25636.0 6519.0
25637.0 6518.0
25641.0 6515.0
25642.0 6514.0
25645.0 6513.0
25647.0 6512.0
25648.0 6511.0
25649.0 6509.0
25650.0 6508.0
25653.0 6507.0
25655.0 6506.0
25656.0 6505.0
25657.0 6504.0
25659.0 6501.0
25660.0 6500.0
25662.0 6498.0
25663.0 6497.0
25670.0 6494.0
25671.0 6493.0
25672.0 6491.0
25673.0 6490.0
25676.0 6489.0
25677.0 6488.0
25680.0 6484.0
25681.0 6483.0
25686.0 6482.0
25687.0 6481.0
25689.0 6480.0
25692.0 6479.0
25693.0 6474.0
25694.0 6473.0
25700.0 6472.0
25703.0 6471.0
25706.0 6470.0
25707.0 6465.0
25708.0 6464.0
25712.0 6463.0
25713.0 6462.0
25721.0 6461.0
25722.0 6460.0
25723.0 6459.0
25726.0 6454.0
25727.0 6453.0
25738.0 6451.0
25739.0 6450.0
25740.0 6448.0
25745.0 6446.0
25750.0 6445.0
25751.0 6444.0
25755.0 6443.0
25756.0 6442.0
25757.0 6440.0
25758.0 6439.0
25759.0 6437.0
25768.0 6436.0
25769.0 6434.0
25770.0 6433.0
25783.0 6432.0
25786.0 6427.0
25798.0 6425.0
25799.0 6424.0
25812.0 6423.0
25815.0 6418.0
25837.0 6415.0
25847.0 6412.0
25853.0 6407.0
25861.0 6406.0
25867.0 6405.0
25868.0 6400.0
25877.0 6398.0
25879.0 6397.0
25880.0 6392.0
25885.0 6391.0
25894.0 6389.0
25895.0 6385.0
25896.0 6384.0
25904.0 6383.0
25905.0 6379.0
25908.0 6378.0
25909.0 6377.0
25918.0 6372.0
25921.0 6368.0
25933.0 6366.0
25934.0 6361.0
25946.0 6360.0
25954.0 6359.0
25957.0 6357.0
25964.0 6354.0
25967.0 6353.0
25976.0 6352.0
25980.0 6351.0
25983.0 6350.0
25987.0 6345.0
25988.0 6344.0
26000.0 6343.0
26010.0 6341.0
26011.0 6340.0
26020.0 6337.0
26021.0 6336.0
26030.0 6335.0
26031.0 6334.0
26043.0 6333.0
26044.0 6332.0
26047.0 6330.0
26059.0 6329.0
26062.0 6328.0
26063.0 6327.0
26064.0 6326.0
26083.0 6325.0
26090.0 6320.0
26111.0 6319.0
26121.0 6314.0
26136.0 6312.0
26148.0 6311.0
26152.0 6309.0
26173.0 6308.0
26176.0 6307.0
26177.0 6306.0
26185.0 6305.0
26189.0 6303.0
26222.0 6300.0
26256.0 6298.0
26263.0 6296.0
26271.0 6295.0
26275.0 6293.0
26289.0 6292.0
26295.0 6290.0
26301.0 6289.0
26307.0 6287.0
26333.0 6286.0
26337.0 6284.0
26366.0 6283.0
26370.0 6281.0
26385.0 6279.0
26408.0 6278.0
26418.0 6276.0
26441.0 6275.0
26462.0 6274.0
26474.0 6272.0
26499.0 6269.0
26540.0 6267.0
26565.0 6264.0
26703.0 6263.0
26720.0 6262.0
26728.0 6259.0
26731.0 6257.0
26756.0 6253.0
26774.0 6252.0
26777.0 6251.0
