53.0 165.0
75.0 111.0
75.0 111.0
53.0 165.0
67.0 112.0
58.0 142.0
59.0 130.0
64.0 118.0
55.0 156.0
57.0 147.0
64.0 118.0
57.0 147.0
55.0 156.0
62.0 124.0
67.0 112.0
54.0 160.0
58.0 142.0
62.0 124.0
54.0 160.0
59.0 130.0
61.0 126.0
60.0 128.0
60.0 128.0
61.0 126.0
75.0 111.0
53.0 165.0
64.0 118.0
57.0 147.0
55.0 156.0
67.0 112.0
58.0 142.0
62.0 124.0
54.0 160.0
59.0 130.0
60.0 128.0
61.0 126.0
53.0 165.0
75.0 111.0
64.0 118.0
57.0 147.0
55.0 156.0
67.0 112.0
58.0 142.0
62.0 124.0
54.0 160.0
59.0 130.0
61.0 126.0
60.0 128.0
53.0 165.0
75.0 111.0
64.0 118.0
57.0 147.0
55.0 156.0
67.0 112.0
58.0 142.0
62.0 124.0
54.0 160.0
59.0 130.0
61.0 126.0
60.0 128.0
75.0 111.0
53.0 165.0
64.0 118.0
57.0 147.0
55.0 156.0
67.0 112.0
58.0 142.0
62.0 124.0
54.0 160.0
59.0 130.0
61.0 126.0
60.0 128.0
75.0 111.0
53.0 165.0
64.0 118.0
57.0 147.0
55.0 156.0
67.0 112.0
58.0 142.0
62.0 124.0
54.0 160.0
59.0 130.0
60.0 128.0
61.0 126.0
53.0 165.0
75.0 111.0
64.0 118.0
57.0 147.0
55.0 156.0
67.0 112.0
58.0 142.0
62.0 124.0
54.0 160.0
59.0 130.0
60.0 128.0
61.0 126.0
75.0 111.0
53.0 165.0
64.0 118.0
57.0 147.0
