107.0 103.0
89.0 139.0
107.0 103.0
89.0 139.0
98.0 104.0
90.0 129.0
91.0 125.0
92.0 116.0
95.0 111.0
96.0 106.0
93.0 112.0
90.0 129.0
92.0 116.0
91.0 125.0
98.0 104.0
96.0 106.0
93.0 112.0
95.0 111.0
107.0 103.0
89.0 139.0
90.0 129.0
92.0 116.0
91.0 125.0
98.0 104.0
96.0 106.0
93.0 112.0
95.0 111.0
89.0 139.0
107.0 103.0
90.0 129.0
92.0 116.0
91.0 125.0
98.0 104.0
96.0 106.0
93.0 112.0
95.0 111.0
107.0 103.0
89.0 139.0
90.0 129.0
92.0 116.0
91.0 125.0
98.0 104.0
96.0 106.0
93.0 112.0
95.0 111.0
89.0 139.0
107.0 103.0
90.0 129.0
92.0 116.0
91.0 125.0
98.0 104.0
96.0 106.0
93.0 112.0
95.0 111.0
89.0 139.0
107.0 103.0
90.0 129.0
92.0 116.0
91.0 125.0
98.0 104.0
96.0 106.0
93.0 112.0
95.0 111.0
107.0 103.0
89.0 139.0
90.0 129.0
92.0 116.0
91.0 125.0
98.0 104.0
96.0 106.0
93.0 112.0
95.0 111.0
107.0 103.0
89.0 139.0
90.0 129.0
92.0 116.0
91.0 125.0
98.0 104.0
96.0 106.0
93.0 112.0
95.0 111.0
89.0 139.0
107.0 103.0
90.0 129.0
92.0 116.0
91.0 125.0
98.0 104.0
96.0 106.0
93.0 112.0
95.0 111.0
107.0 103.0
89.0 139.0
90.0 129.0
92.0 116.0
91.0 125.0
98.0 104.0
96.0 106.0
93.0 112.0
95.0 111.0
89.0 139.0
