76.0 108.0
64.0 135.0
76.0 108.0
64.0 135.0
66.0 133.0
67.0 119.0
71.0 112.0
69.0 117.0
71.0 112.0
69.0 117.0
67.0 119.0
66.0 133.0
76.0 108.0
64.0 135.0
71.0 112.0
69.0 117.0
67.0 119.0
66.0 133.0
64.0 135.0
76.0 108.0
71.0 112.0
69.0 117.0
67.0 119.0
66.0 133.0
64.0 135.0
76.0 108.0
71.0 112.0
69.0 117.0
67.0 119.0
66.0 133.0
76.0 108.0
64.0 135.0
71.0 112.0
69.0 117.0
67.0 119.0
66.0 133.0
76.0 108.0
64.0 135.0
71.0 112.0
69.0 117.0
67.0 119.0
66.0 133.0
76.0 108.0
64.0 135.0
71.0 112.0
69.0 117.0
67.0 119.0
66.0 133.0
76.0 108.0
64.0 135.0
71.0 112.0
69.0 117.0
67.0 119.0
66.0 133.0
64.0 135.0
76.0 108.0
71.0 112.0
69.0 117.0
67.0 119.0
66.0 133.0
76.0 108.0
64.0 135.0
71.0 112.0
69.0 117.0
67.0 119.0
66.0 133.0
76.0 108.0
64.0 135.0
71.0 112.0
69.0 117.0
67.0 119.0
66.0 133.0
76.0 108.0
64.0 135.0
71.0 112.0
69.0 117.0
67.0 119.0
66.0 133.0
64.0 135.0
76.0 108.0
71.0 112.0
69.0 117.0
67.0 119.0
66.0 133.0
76.0 108.0
64.0 135.0
71.0 112.0
69.0 117.0
67.0 119.0
66.0 133.0
76.0 108.0
64.0 135.0
71.0 112.0
69.0 117.0
67.0 119.0
66.0 133.0
64.0 135.0
76.0 108.0
71.0 112.0
69.0 117.0
