276.0 474.0
225.0 667.0
225.0 667.0
276.0 474.0
226.0 663.0
227.0 640.0
273.0 482.0
268.0 483.0
229.0 628.0
266.0 486.0
258.0 502.0
229.0 628.0
231.0 616.0
251.0 525.0
246.0 549.0
228.0 639.0
235.0 603.0
236.0 592.0
248.0 545.0
264.0 496.0
233.0 613.0
234.0 604.0
255.0 516.0
253.0 521.0
261.0 500.0
250.0 533.0
239.0 587.0
245.0 557.0
240.0 579.0
253.0 521.0
242.0 574.0
243.0 567.0
249.0 538.0
266.0 486.0
275.0 477.0
264.0 496.0
249.0 538.0
243.0 567.0
257.0 507.0
244.0 562.0
245.0 557.0
275.0 477.0
256.0 511.0
244.0 562.0
255.0 516.0
250.0 533.0
268.0 483.0
231.0 616.0
273.0 482.0
246.0 549.0
251.0 525.0
256.0 511.0
241.0 578.0
257.0 507.0
242.0 574.0
226.0 663.0
248.0 545.0
258.0 502.0
263.0 498.0
232.0 615.0
238.0 589.0
237.0 591.0
233.0 613.0
239.0 587.0
261.0 500.0
238.0 589.0
227.0 640.0
236.0 592.0
234.0 604.0
240.0 579.0
262.0 499.0
263.0 498.0
241.0 578.0
262.0 499.0
235.0 603.0
232.0 615.0
228.0 639.0
237.0 591.0
276.0 474.0
225.0 667.0
229.0 628.0
253.0 521.0
266.0 486.0
264.0 496.0
249.0 538.0
243.0 567.0
244.0 562.0
255.0 516.0
245.0 557.0
275.0 477.0
250.0 533.0
268.0 483.0
231.0 616.0
273.0 482.0
251.0 525.0
246.0 549.0
256.0 511.0
242.0 574.0
226.0 663.0
248.0 545.0
