20.0 760.0
54.0 604.0
20.0 760.0
54.0 604.0
22.0 717.0
33.0 653.0
38.0 627.0
28.0 685.0
29.0 672.0
33.0 653.0
40.0 620.0
45.0 615.0
42.0 618.0
26.0 704.0
27.0 693.0
35.0 643.0
35.0 643.0
37.0 636.0
22.0 717.0
24.0 713.0
31.0 661.0
27.0 693.0
31.0 661.0
28.0 685.0
42.0 618.0
45.0 615.0
38.0 627.0
29.0 672.0
30.0 665.0
40.0 620.0
47.0 613.0
47.0 613.0
36.0 637.0
49.0 611.0
25.0 709.0
26.0 704.0
30.0 665.0
25.0 709.0
24.0 713.0
52.0 608.0
53.0 605.0
49.0 611.0
36.0 637.0
53.0 605.0
51.0 609.0
50.0 610.0
52.0 608.0
37.0 636.0
51.0 609.0
50.0 610.0
20.0 760.0
54.0 604.0
33.0 653.0
35.0 643.0
22.0 717.0
27.0 693.0
31.0 661.0
28.0 685.0
42.0 618.0
45.0 615.0
38.0 627.0
29.0 672.0
40.0 620.0
47.0 613.0
26.0 704.0
30.0 665.0
24.0 713.0
25.0 709.0
49.0 611.0
36.0 637.0
53.0 605.0
51.0 609.0
37.0 636.0
52.0 608.0
50.0 610.0
20.0 760.0
54.0 604.0
33.0 653.0
35.0 643.0
22.0 717.0
27.0 693.0
31.0 661.0
28.0 685.0
42.0 618.0
45.0 615.0
38.0 627.0
29.0 672.0
40.0 620.0
47.0 613.0
26.0 704.0
30.0 665.0
25.0 709.0
24.0 713.0
49.0 611.0
36.0 637.0
53.0 605.0
50.0 610.0
37.0 636.0
51.0 609.0
52.0 608.0
