54.0 1139.0
95.0 959.0
95.0 959.0
54.0 1139.0
55.0 1125.0
57.0 1105.0
58.0 1092.0
68.0 1042.0
55.0 1125.0
56.0 1115.0
57.0 1105.0
56.0 1115.0
70.0 1039.0
75.0 1021.0
85.0 988.0
65.0 1060.0
61.0 1080.0
76.0 1017.0
86.0 984.0
77.0 1009.0
62.0 1072.0
87.0 976.0
66.0 1052.0
90.0 969.0
73.0 1026.0
80.0 1003.0
67.0 1049.0
63.0 1070.0
64.0 1063.0
81.0 996.0
71.0 1035.0
72.0 1029.0
92.0 966.0
83.0 992.0
58.0 1092.0
73.0 1026.0
59.0 1087.0
59.0 1087.0
60.0 1082.0
75.0 1021.0
83.0 992.0
71.0 1035.0
76.0 1017.0
86.0 984.0
85.0 988.0
68.0 1042.0
66.0 1052.0
77.0 1009.0
90.0 969.0
81.0 996.0
64.0 1063.0
72.0 1029.0
93.0 965.0
94.0 962.0
88.0 975.0
89.0 972.0
65.0 1060.0
94.0 962.0
67.0 1049.0
92.0 966.0
70.0 1039.0
89.0 972.0
82.0 993.0
78.0 1006.0
62.0 1072.0
60.0 1082.0
79.0 1005.0
63.0 1070.0
61.0 1080.0
80.0 1003.0
87.0 976.0
82.0 993.0
78.0 1006.0
88.0 975.0
93.0 965.0
79.0 1005.0
54.0 1139.0
95.0 959.0
55.0 1125.0
57.0 1105.0
56.0 1115.0
58.0 1092.0
73.0 1026.0
59.0 1087.0
75.0 1021.0
83.0 992.0
86.0 984.0
85.0 988.0
71.0 1035.0
76.0 1017.0
68.0 1042.0
66.0 1052.0
77.0 1009.0
90.0 969.0
81.0 996.0
64.0 1063.0
72.0 1029.0
94.0 962.0
67.0 1049.0
92.0 966.0
