606.0 1073.0
537.0 1283.0
606.0 1073.0
537.0 1283.0
573.0 1129.0
584.0 1124.0
540.0 1246.0
541.0 1231.0
588.0 1110.0
539.0 1259.0
540.0 1246.0
538.0 1270.0
590.0 1109.0
591.0 1101.0
538.0 1270.0
539.0 1259.0
604.0 1074.0
597.0 1090.0
587.0 1120.0
599.0 1089.0
600.0 1083.0
549.0 1185.0
550.0 1176.0
562.0 1149.0
551.0 1174.0
584.0 1124.0
542.0 1225.0
543.0 1217.0
565.0 1144.0
554.0 1169.0
603.0 1081.0
596.0 1097.0
546.0 1200.0
547.0 1193.0
586.0 1123.0
541.0 1231.0
543.0 1217.0
545.0 1206.0
560.0 1157.0
561.0 1151.0
542.0 1225.0
546.0 1200.0
544.0 1211.0
593.0 1100.0
573.0 1129.0
562.0 1149.0
551.0 1174.0
544.0 1211.0
554.0 1169.0
565.0 1144.0
545.0 1206.0
602.0 1082.0
595.0 1098.0
593.0 1100.0
547.0 1193.0
566.0 1143.0
548.0 1189.0
555.0 1168.0
548.0 1189.0
549.0 1185.0
556.0 1164.0
567.0 1139.0
587.0 1120.0
550.0 1176.0
561.0 1151.0
556.0 1164.0
567.0 1139.0
572.0 1131.0
568.0 1137.0
569.0 1135.0
557.0 1162.0
558.0 1160.0
595.0 1098.0
558.0 1160.0
569.0 1135.0
557.0 1162.0
568.0 1137.0
559.0 1158.0
570.0 1133.0
588.0 1110.0
591.0 1101.0
597.0 1090.0
604.0 1074.0
600.0 1083.0
570.0 1133.0
559.0 1158.0
571.0 1132.0
560.0 1157.0
599.0 1089.0
603.0 1081.0
586.0 1123.0
572.0 1131.0
571.0 1132.0
590.0 1109.0
602.0 1082.0
566.0 1143.0
555.0 1168.0
596.0 1097.0
606.0 1073.0
537.0 1283.0
