774.0 785.0
716.0 1089.0
774.0 785.0
716.0 1089.0
721.0 1043.0
722.0 1021.0
737.0 928.0
725.0 1002.0
741.0 900.0
739.0 921.0
727.0 998.0
741.0 900.0
743.0 887.0
758.0 828.0
755.0 838.0
756.0 831.0
718.0 1075.0
720.0 1055.0
717.0 1077.0
721.0 1043.0
719.0 1063.0
724.0 1013.0
740.0 911.0
736.0 939.0
750.0 856.0
752.0 845.0
767.0 799.0
740.0 911.0
743.0 887.0
765.0 804.0
745.0 880.0
729.0 982.0
732.0 963.0
746.0 871.0
733.0 954.0
730.0 973.0
728.0 989.0
772.0 788.0
719.0 1063.0
748.0 865.0
734.0 952.0
720.0 1055.0
735.0 944.0
749.0 857.0
752.0 845.0
753.0 843.0
722.0 1021.0
737.0 928.0
730.0 973.0
728.0 989.0
759.0 821.0
723.0 1014.0
739.0 921.0
729.0 982.0
731.0 966.0
767.0 799.0
769.0 798.0
750.0 856.0
762.0 815.0
770.0 797.0
771.0 791.0
763.0 809.0
765.0 804.0
735.0 944.0
753.0 843.0
736.0 939.0
755.0 838.0
725.0 1002.0
747.0 869.0
764.0 808.0
760.0 820.0
727.0 998.0
748.0 865.0
744.0 883.0
761.0 816.0
756.0 831.0
772.0 788.0
731.0 966.0
771.0 791.0
744.0 883.0
745.0 880.0
758.0 828.0
732.0 963.0
717.0 1077.0
746.0 871.0
733.0 954.0
747.0 869.0
718.0 1075.0
734.0 952.0
749.0 857.0
723.0 1014.0
759.0 821.0
763.0 809.0
761.0 816.0
760.0 820.0
764.0 808.0
724.0 1013.0
762.0 815.0
770.0 797.0
769.0 798.0
