9518.0 627.0
9839.0 497.0
9839.0 497.0
9518.0 627.0
9820.0 504.0
9769.0 508.0
9524.0 610.0
9746.0 514.0
9768.0 511.0
9820.0 504.0
9579.0 568.0
9568.0 570.0
9746.0 514.0
9532.0 609.0
9727.0 523.0
9707.0 524.0
9587.0 562.0
9647.0 540.0
9654.0 537.0
9728.0 521.0
9546.0 586.0
9628.0 545.0
9612.0 551.0
9631.0 543.0
9538.0 594.0
9538.0 594.0
9560.0 576.0
9556.0 578.0
9670.0 536.0
9728.0 521.0
9536.0 602.0
9612.0 551.0
9600.0 559.0
9609.0 553.0
9628.0 545.0
9548.0 584.0
9699.0 526.0
9688.0 529.0
9699.0 526.0
9597.0 561.0
9647.0 540.0
9609.0 553.0
9600.0 559.0
9688.0 529.0
9537.0 599.0
9568.0 570.0
9546.0 586.0
9556.0 578.0
9579.0 568.0
9548.0 584.0
9560.0 576.0
9536.0 602.0
9682.0 531.0
9676.0 532.0
9769.0 508.0
9707.0 524.0
9587.0 562.0
9631.0 543.0
9654.0 537.0
9524.0 610.0
9682.0 531.0
9768.0 511.0
9537.0 599.0
9532.0 609.0
9673.0 534.0
9676.0 532.0
9597.0 561.0
9673.0 534.0
9672.0 535.0
9670.0 536.0
9672.0 535.0
9727.0 523.0
9839.0 497.0
9518.0 627.0
9820.0 504.0
9746.0 514.0
9538.0 594.0
9728.0 521.0
9612.0 551.0
9628.0 545.0
9699.0 526.0
9647.0 540.0
9609.0 553.0
9600.0 559.0
9688.0 529.0
9568.0 570.0
9546.0 586.0
9556.0 578.0
9579.0 568.0
9548.0 584.0
9560.0 576.0
9536.0 602.0
9769.0 508.0
9707.0 524.0
9587.0 562.0
9631.0 543.0
9654.0 537.0
9524.0 610.0
9682.0 531.0
9768.0 511.0
