3919.0 305.0
3747.0 408.0
3919.0 305.0
3747.0 408.0
3917.0 311.0
3890.0 313.0
3761.0 400.0
3763.0 390.0
3817.0 352.0
3820.0 345.0
3807.0 353.0
3888.0 319.0
3830.0 344.0
3837.0 336.0
3860.0 323.0
3790.0 371.0
3761.0 400.0
3853.0 328.0
3782.0 377.0
3851.0 334.0
3806.0 360.0
3870.0 322.0
3878.0 320.0
3771.0 386.0
3781.0 381.0
3798.0 367.0
3804.0 361.0
3835.0 340.0
3858.0 327.0
3847.0 335.0
3790.0 371.0
3782.0 377.0
3775.0 383.0
3771.0 386.0
3878.0 320.0
3870.0 322.0
3796.0 369.0
3798.0 367.0
3763.0 390.0
3835.0 340.0
3804.0 361.0
3775.0 383.0
3830.0 344.0
3847.0 335.0
3890.0 313.0
3917.0 311.0
3796.0 369.0
3820.0 345.0
3817.0 352.0
3781.0 381.0
3837.0 336.0
3860.0 323.0
3853.0 328.0
3851.0 334.0
3858.0 327.0
3888.0 319.0
3807.0 353.0
3806.0 360.0
3919.0 305.0
3747.0 408.0
3761.0 400.0
3790.0 371.0
3782.0 377.0
3771.0 386.0
3878.0 320.0
3870.0 322.0
3798.0 367.0
3763.0 390.0
3835.0 340.0
3804.0 361.0
3775.0 383.0
3830.0 344.0
3847.0 335.0
3890.0 313.0
3796.0 369.0
3917.0 311.0
3820.0 345.0
3817.0 352.0
3781.0 381.0
3860.0 323.0
3837.0 336.0
3853.0 328.0
3888.0 319.0
3858.0 327.0
3851.0 334.0
3807.0 353.0
3806.0 360.0
3747.0 408.0
3919.0 305.0
3761.0 400.0
3790.0 371.0
3782.0 377.0
3771.0 386.0
3878.0 320.0
3870.0 322.0
3798.0 367.0
3763.0 390.0
3835.0 340.0
3804.0 361.0
3775.0 383.0
