110.0 732.0
111.0 711.0
112.0 698.0
113.0 691.0
114.0 687.0
115.0 683.0
116.0 676.0
117.0 664.0
118.0 647.0
119.0 642.0
120.0 632.0
121.0 630.0
122.0 582.0
123.0 580.0
124.0 560.0
125.0 556.0
126.0 552.0
127.0 547.0
129.0 541.0
130.0 536.0
132.0 534.0
133.0 530.0
134.0 529.0
135.0 524.0
137.0 519.0
138.0 518.0
139.0 517.0
140.0 516.0
141.0 515.0
142.0 513.0
143.0 512.0
144.0 510.0
145.0 505.0
148.0 500.0
150.0 495.0
152.0 493.0
153.0 487.0
155.0 482.0
157.0 480.0
158.0 479.0
160.0 477.0
163.0 473.0
