413.0 1274.0
414.0 1257.0
415.0 1250.0
416.0 1239.0
417.0 1232.0
418.0 1223.0
419.0 1214.0
421.0 1209.0
422.0 1206.0
423.0 1197.0
424.0 1189.0
425.0 1181.0
426.0 1174.0
427.0 1166.0
428.0 1164.0
429.0 1162.0
430.0 1160.0
431.0 1148.0
432.0 1146.0
433.0 1141.0
434.0 1139.0
435.0 1134.0
436.0 1130.0
437.0 1125.0
439.0 1121.0
440.0 1118.0
441.0 1115.0
442.0 1107.0
443.0 1106.0
444.0 1103.0
445.0 1098.0
446.0 1091.0
448.0 1083.0
450.0 1080.0
453.0 1078.0
455.0 1074.0
456.0 1073.0
457.0 1067.0
458.0 1059.0
461.0 1054.0
463.0 1050.0
466.0 1045.0
470.0 1043.0
471.0 1040.0
473.0 1038.0
474.0 1036.0
475.0 1034.0
477.0 1030.0
479.0 1029.0
480.0 1026.0
481.0 1024.0
482.0 1022.0
483.0 1020.0
487.0 1018.0
488.0 1017.0
490.0 1012.0
492.0 1010.0
493.0 1008.0
496.0 1007.0
499.0 1005.0
503.0 1004.0
504.0 1001.0
506.0 993.0
510.0 988.0
512.0 987.0
516.0 986.0
519.0 982.0
523.0 981.0
