446.0 1123.0
447.0 1103.0
448.0 1095.0
449.0 1063.0
450.0 1059.0
451.0 1055.0
452.0 1038.0
453.0 1031.0
454.0 1024.0
455.0 1015.0
456.0 1010.0
457.0 1008.0
458.0 1001.0
459.0 996.0
460.0 990.0
461.0 986.0
462.0 981.0
463.0 976.0
464.0 971.0
466.0 967.0
467.0 962.0
468.0 957.0
470.0 953.0
471.0 950.0
473.0 944.0
474.0 941.0
476.0 939.0
477.0 932.0
480.0 931.0
481.0 926.0
484.0 924.0
485.0 919.0
486.0 914.0
488.0 913.0
489.0 909.0
490.0 908.0
492.0 906.0
493.0 904.0
495.0 903.0
497.0 901.0
498.0 893.0
499.0 890.0
501.0 887.0
503.0 884.0
504.0 881.0
506.0 878.0
508.0 876.0
510.0 873.0
512.0 872.0
516.0 871.0
521.0 870.0
527.0 865.0
530.0 862.0
533.0 859.0
540.0 856.0
552.0 855.0
555.0 854.0
557.0 850.0
559.0 849.0
564.0 847.0
