524.0 1338.0
525.0 1318.0
526.0 1308.0
527.0 1299.0
528.0 1289.0
529.0 1280.0
530.0 1279.0
531.0 1267.0
532.0 1266.0
534.0 1257.0
535.0 1253.0
536.0 1244.0
539.0 1238.0
540.0 1237.0
541.0 1231.0
542.0 1227.0
543.0 1218.0
545.0 1214.0
546.0 1210.0
548.0 1201.0
550.0 1197.0
551.0 1191.0
552.0 1189.0
553.0 1180.0
554.0 1175.0
556.0 1172.0
558.0 1168.0
559.0 1163.0
560.0 1158.0
562.0 1153.0
564.0 1152.0
565.0 1149.0
566.0 1147.0
568.0 1146.0
569.0 1143.0
571.0 1142.0
572.0 1141.0
573.0 1139.0
574.0 1136.0
575.0 1133.0
576.0 1130.0
577.0 1128.0
578.0 1126.0
579.0 1123.0
581.0 1120.0
582.0 1117.0
583.0 1116.0
585.0 1113.0
587.0 1106.0
588.0 1101.0
591.0 1095.0
592.0 1090.0
595.0 1085.0
596.0 1084.0
598.0 1081.0
600.0 1080.0
601.0 1076.0
604.0 1074.0
611.0 1072.0
613.0 1071.0
614.0 1070.0
615.0 1066.0
634.0 1061.0
