47.0 1276.0
48.0 1245.0
49.0 1238.0
50.0 1231.0
51.0 1190.0
52.0 1180.0
53.0 1148.0
55.0 1129.0
57.0 1108.0
59.0 1089.0
61.0 1080.0
62.0 1078.0
63.0 1076.0
64.0 1065.0
65.0 1057.0
66.0 1050.0
68.0 1046.0
69.0 1039.0
71.0 1035.0
72.0 1028.0
73.0 1026.0
74.0 1020.0
76.0 1014.0
77.0 1009.0
78.0 1002.0
79.0 1001.0
80.0 996.0
81.0 992.0
82.0 987.0
83.0 980.0
85.0 974.0
87.0 970.0
88.0 967.0
89.0 966.0
90.0 964.0
91.0 963.0
92.0 960.0
93.0 959.0
94.0 956.0
96.0 955.0
97.0 952.0
98.0 949.0
99.0 946.0
102.0 943.0
103.0 941.0
104.0 938.0
107.0 935.0
111.0 934.0
