2604.0 682.0
2608.0 676.0
2614.0 660.0
2616.0 658.0
2618.0 654.0
2624.0 646.0
2634.0 645.0
2638.0 628.0
2642.0 615.0
2654.0 613.0
2662.0 596.0
2674.0 594.0
2678.0 591.0
2682.0 584.0
2694.0 582.0
2698.0 579.0
2710.0 577.0
2716.0 570.0
2732.0 565.0
2760.0 562.0
2768.0 561.0
2772.0 560.0
2776.0 553.0
2778.0 548.0
2794.0 543.0
2806.0 538.0
2866.0 533.0
2892.0 532.0
2900.0 530.0
2916.0 528.0
2924.0 526.0
2940.0 524.0
2968.0 520.0
2984.0 518.0
3080.0 513.0
3092.0 512.0
3106.0 511.0
3118.0 510.0
3156.0 509.0
3180.0 502.0
3224.0 500.0
3264.0 499.0
3300.0 494.0
