5366.0 718.0
5367.0 696.0
5369.0 664.0
5382.0 658.0
5387.0 640.0
5400.0 634.0
5408.0 632.0
5411.0 630.0
5418.0 629.0
5421.0 626.0
5424.0 624.0
5432.0 621.0
5442.0 619.0
5443.0 618.0
5452.0 616.0
5453.0 613.0
5456.0 611.0
5464.0 610.0
5467.0 608.0
5478.0 606.0
5479.0 603.0
5493.0 601.0
5496.0 600.0
5497.0 599.0
5501.0 593.0
5518.0 590.0
5528.0 587.0
5532.0 585.0
5535.0 582.0
5540.0 578.0
5544.0 576.0
5551.0 574.0
5556.0 573.0
5557.0 572.0
5564.0 570.0
5568.0 564.0
5569.0 563.0
5576.0 561.0
5588.0 558.0
5589.0 557.0
5593.0 555.0
5605.0 553.0
5606.0 552.0
5617.0 545.0
5639.0 539.0
5658.0 536.0
5660.0 534.0
5678.0 531.0
5691.0 530.0
5699.0 526.0
5712.0 524.0
5727.0 521.0
5728.0 520.0
5731.0 519.0
5743.0 517.0
5752.0 514.0
5783.0 510.0
