12931.0 3376.0
12936.0 3370.0
12941.0 3367.0
12943.0 3355.0
12944.0 3325.0
12947.0 3308.0
12950.0 3300.0
12951.0 3294.0
12953.0 3293.0
12954.0 3284.0
12957.0 3279.0
12958.0 3270.0
12960.0 3269.0
12964.0 3255.0
12970.0 3241.0
12977.0 3233.0
12980.0 3232.0
12986.0 3221.0
12993.0 3213.0
12996.0 3211.0
13001.0 3203.0
13002.0 3197.0
13007.0 3192.0
13008.0 3186.0
13014.0 3184.0
13015.0 3178.0
13023.0 3177.0
13024.0 3173.0
13030.0 3171.0
13032.0 3166.0
13037.0 3163.0
13041.0 3161.0
13042.0 3156.0
13044.0 3155.0
13053.0 3153.0
13054.0 3151.0
13062.0 3150.0
13063.0 3146.0
13064.0 3139.0
13066.0 3138.0
13068.0 3124.0
13076.0 3123.0
13079.0 3120.0
13080.0 3111.0
13085.0 3106.0
13090.0 3103.0
13093.0 3102.0
13095.0 3096.0
13098.0 3093.0
13099.0 3086.0
13108.0 3085.0
13111.0 3083.0
13114.0 3081.0
13115.0 3079.0
13119.0 3069.0
13124.0 3068.0
13127.0 3065.0
13129.0 3063.0
13130.0 3060.0
13131.0 3057.0
13133.0 3056.0
13138.0 3051.0
13141.0 3046.0
13143.0 3045.0
13145.0 3039.0
13147.0 3038.0
13148.0 3036.0
13151.0 3032.0
13152.0 3024.0
13154.0 3023.0
13160.0 3019.0
13161.0 3011.0
13164.0 3009.0
13167.0 3004.0
13168.0 2996.0
13177.0 2994.0
13180.0 2990.0
13183.0 2988.0
13184.0 2987.0
13185.0 2979.0
13194.0 2978.0
13197.0 2973.0
13200.0 2971.0
13203.0 2969.0
13207.0 2964.0
13213.0 2963.0
13216.0 2961.0
13220.0 2956.0
13221.0 2954.0
13223.0 2953.0
13228.0 2952.0
13229.0 2951.0
13230.0 2947.0
13233.0 2944.0
13237.0 2939.0
13245.0 2935.0
13247.0 2930.0
13255.0 2925.0
13260.0 2924.0
13263.0 2921.0
13265.0 2916.0
13272.0 2914.0
13273.0 2910.0
13277.0 2907.0
13282.0 2905.0
13283.0 2901.0
13289.0 2897.0
13297.0 2896.0
13299.0 2888.0
13307.0 2886.0
13310.0 2882.0
13315.0 2879.0
13317.0 2877.0
13323.0 2876.0
13325.0 2870.0
13330.0 2868.0
13333.0 2864.0
13335.0 2862.0
13337.0 2860.0
13343.0 2855.0
13347.0 2851.0
13354.0 2849.0
13355.0 2845.0
13358.0 2844.0
13365.0 2836.0
13376.0 2829.0
13385.0 2828.0
13388.0 2826.0
13393.0 2822.0
13396.0 2821.0
13400.0 2820.0
13403.0 2813.0
13414.0 2806.0
13426.0 2803.0
13430.0 2801.0
13431.0 2800.0
13438.0 2799.0
13439.0 2798.0
13440.0 2797.0
13444.0 2793.0
13453.0 2790.0
13459.0 2789.0
13461.0 2787.0
13462.0 2786.0
13465.0 2785.0
13466.0 2784.0
13468.0 2780.0
13475.0 2779.0
13477.0 2777.0
13483.0 2776.0
13485.0 2775.0
13487.0 2772.0
13488.0 2771.0
13498.0 2769.0
13499.0 2766.0
13503.0 2764.0
13509.0 2761.0
13510.0 2760.0
13518.0 2759.0
13520.0 2756.0
13525.0 2751.0
13539.0 2749.0
13544.0 2747.0
13547.0 2740.0
13556.0 2739.0
13561.0 2736.0
13583.0 2735.0
13584.0 2732.0
13590.0 2727.0
13599.0 2726.0
13604.0 2723.0
13606.0 2721.0
13614.0 2720.0
13628.0 2716.0
13632.0 2715.0
13636.0 2709.0
13645.0 2708.0
13650.0 2705.0
13659.0 2704.0
13662.0 2703.0
13671.0 2702.0
13676.0 2699.0
13685.0 2698.0
13694.0 2697.0
13695.0 2695.0
13700.0 2690.0
13713.0 2685.0
13725.0 2684.0
13726.0 2680.0
13736.0 2679.0
13744.0 2677.0
13749.0 2674.0
13757.0 2673.0
13762.0 2669.0
13779.0 2668.0
13780.0 2664.0
13790.0 2663.0
13793.0 2662.0
13798.0 2661.0
13802.0 2660.0
13803.0 2658.0
13811.0 2656.0
13816.0 2653.0
13824.0 2652.0
13834.0 2650.0
13842.0 2649.0
13843.0 2648.0
13847.0 2645.0
13856.0 2644.0
13860.0 2641.0
13865.0 2640.0
13878.0 2636.0
13897.0 2635.0
13901.0 2629.0
13914.0 2625.0
13937.0 2623.0
13947.0 2621.0
13950.0 2619.0
13960.0 2617.0
