15317.0 4049.0
15318.0 4043.0
15319.0 4023.0
15320.0 4011.0
15321.0 4005.0
15322.0 3985.0
15326.0 3979.0
15327.0 3959.0
15328.0 3952.0
15331.0 3938.0
15333.0 3926.0
15336.0 3912.0
15339.0 3902.0
15341.0 3900.0
15342.0 3888.0
15344.0 3886.0
15349.0 3874.0
15351.0 3872.0
15355.0 3869.0
15356.0 3866.0
15358.0 3864.0
15361.0 3854.0
15362.0 3847.0
15364.0 3840.0
15365.0 3833.0
15370.0 3810.0
15372.0 3808.0
15377.0 3796.0
15379.0 3794.0
15381.0 3792.0
15384.0 3788.0
15386.0 3784.0
15390.0 3778.0
15392.0 3777.0
15393.0 3776.0
15394.0 3775.0
15395.0 3767.0
15397.0 3765.0
15400.0 3760.0
15401.0 3751.0
15403.0 3749.0
15405.0 3737.0
15407.0 3735.0
15412.0 3734.0
15413.0 3732.0
15414.0 3725.0
15418.0 3719.0
15425.0 3706.0
15430.0 3703.0
15431.0 3699.0
15435.0 3666.0
15439.0 3662.0
15440.0 3658.0
15444.0 3647.0
15447.0 3636.0
15450.0 3626.0
15452.0 3618.0
15453.0 3610.0
15455.0 3607.0
15456.0 3604.0
15458.0 3602.0
15461.0 3585.0
15467.0 3577.0
15468.0 3570.0
15473.0 3551.0
15479.0 3547.0
15481.0 3543.0
15486.0 3530.0
15491.0 3525.0
15499.0 3517.0
15500.0 3515.0
15504.0 3504.0
15513.0 3502.0
15518.0 3489.0
15524.0 3487.0
15533.0 3485.0
15534.0 3480.0
15538.0 3472.0
15553.0 3469.0
15556.0 3467.0
15557.0 3466.0
15559.0 3459.0
15562.0 3458.0
15568.0 3455.0
15570.0 3454.0
15575.0 3450.0
15578.0 3449.0
15579.0 3442.0
15590.0 3441.0
15591.0 3439.0
15594.0 3438.0
15598.0 3432.0
15603.0 3428.0
15605.0 3427.0
15606.0 3425.0
15608.0 3424.0
15609.0 3421.0
15611.0 3420.0
15613.0 3419.0
15615.0 3418.0
15619.0 3415.0
15620.0 3413.0
15622.0 3407.0
15623.0 3404.0
15629.0 3402.0
15630.0 3399.0
15637.0 3397.0
15646.0 3394.0
15652.0 3392.0
15653.0 3389.0
15660.0 3387.0
15662.0 3386.0
15663.0 3383.0
15669.0 3381.0
15670.0 3378.0
15677.0 3376.0
15682.0 3375.0
15686.0 3373.0
15690.0 3371.0
15692.0 3370.0
15693.0 3368.0
15694.0 3367.0
15698.0 3364.0
15703.0 3363.0
15707.0 3362.0
15710.0 3356.0
15715.0 3355.0
15719.0 3354.0
15720.0 3353.0
15723.0 3352.0
15729.0 3347.0
15733.0 3346.0
15734.0 3344.0
15742.0 3340.0
15746.0 3336.0
15750.0 3333.0
15755.0 3332.0
15759.0 3331.0
15762.0 3325.0
15767.0 3324.0
15771.0 3323.0
15772.0 3322.0
15775.0 3321.0
15779.0 3319.0
15781.0 3316.0
15785.0 3315.0
15788.0 3314.0
15792.0 3313.0
15795.0 3307.0
15804.0 3306.0
15807.0 3305.0
15811.0 3304.0
15815.0 3303.0
15818.0 3297.0
15830.0 3295.0
15844.0 3293.0
15849.0 3288.0
15861.0 3286.0
15875.0 3284.0
15887.0 3282.0
15892.0 3278.0
15901.0 3277.0
15904.0 3276.0
15913.0 3275.0
15918.0 3274.0
15922.0 3270.0
15923.0 3269.0
15930.0 3266.0
15932.0 3265.0
15934.0 3262.0
15942.0 3260.0
15947.0 3259.0
15948.0 3258.0
15950.0 3256.0
15952.0 3255.0
15954.0 3252.0
15960.0 3250.0
15967.0 3249.0
15973.0 3248.0
15974.0 3246.0
15975.0 3245.0
15981.0 3243.0
15983.0 3241.0
15987.0 3239.0
15993.0 3237.0
16001.0 3234.0
16003.0 3231.0
16013.0 3229.0
16022.0 3227.0
16024.0 3224.0
16032.0 3223.0
16037.0 3221.0
16041.0 3220.0
16042.0 3218.0
16043.0 3217.0
16044.0 3215.0
16058.0 3214.0
16073.0 3212.0
16075.0 3210.0
16076.0 3208.0
16077.0 3207.0
16078.0 3205.0
16094.0 3204.0
16095.0 3202.0
16104.0 3201.0
16111.0 3200.0
16119.0 3199.0
16120.0 3197.0
16133.0 3196.0
16136.0 3195.0
16139.0 3194.0
16143.0 3189.0
16156.0 3186.0
16176.0 3184.0
16189.0 3181.0
16268.0 3179.0
16288.0 3178.0
16298.0 3177.0
16318.0 3176.0
16578.0 3174.0
16585.0 3173.0
16590.0 3172.0
16597.0 3171.0
16609.0 3170.0
16616.0 3169.0
16631.0 3168.0
16650.0 3167.0
16665.0 3166.0
16700.0 3165.0
16715.0 3164.0
16739.0 3163.0
