19401.0 5856.0
19405.0 5832.0
19407.0 5824.0
19410.0 5821.0
19411.0 5813.0
19413.0 5807.0
19414.0 5797.0
19416.0 5789.0
19419.0 5787.0
19420.0 5778.0
19422.0 5772.0
19425.0 5768.0
19427.0 5762.0
19429.0 5761.0
19430.0 5756.0
19434.0 5748.0
19437.0 5747.0
19440.0 5743.0
19441.0 5739.0
19442.0 5737.0
19445.0 5733.0
19446.0 5729.0
19449.0 5728.0
19451.0 5722.0
19453.0 5721.0
19454.0 5716.0
19457.0 5714.0
19458.0 5708.0
19461.0 5707.0
19464.0 5705.0
19465.0 5699.0
19466.0 5697.0
19469.0 5695.0
19470.0 5689.0
19473.0 5688.0
19476.0 5684.0
19477.0 5683.0
19478.0 5681.0
19481.0 5679.0
19482.0 5673.0
19485.0 5672.0
19488.0 5665.0
19491.0 5664.0
19492.0 5662.0
19493.0 5661.0
19494.0 5658.0
19497.0 5649.0
19502.0 5638.0
19509.0 5629.0
19513.0 5628.0
19514.0 5619.0
19517.0 5618.0
19521.0 5613.0
19525.0 5612.0
19526.0 5603.0
19529.0 5602.0
19533.0 5600.0
19536.0 5593.0
19538.0 5591.0
19541.0 5583.0
19544.0 5582.0
19546.0 5581.0
19547.0 5579.0
19548.0 5577.0
19550.0 5575.0
19551.0 5574.0
19552.0 5568.0
19553.0 5567.0
19554.0 5565.0
19557.0 5564.0
19559.0 5554.0
19562.0 5553.0
19565.0 5502.0
19571.0 5475.0
19573.0 5472.0
19574.0 5465.0
19579.0 5462.0
19580.0 5459.0
19589.0 5454.0
19593.0 5438.0
19609.0 5428.0
19627.0 5423.0
19631.0 5413.0
19632.0 5409.0
19639.0 5408.0
19641.0 5404.0
19642.0 5383.0
19647.0 5380.0
19655.0 5370.0
19660.0 5367.0
19668.0 5363.0
19675.0 5343.0
19684.0 5335.0
19702.0 5334.0
19705.0 5333.0
19706.0 5324.0
19714.0 5322.0
19719.0 5319.0
19721.0 5316.0
19723.0 5315.0
19727.0 5313.0
19728.0 5310.0
19732.0 5309.0
19733.0 5306.0
19735.0 5302.0
19736.0 5301.0
19737.0 5299.0
19743.0 5296.0
19745.0 5292.0
19747.0 5291.0
19749.0 5289.0
19753.0 5285.0
19756.0 5283.0
19763.0 5280.0
19764.0 5278.0
19765.0 5276.0
19766.0 5272.0
19768.0 5266.0
19777.0 5264.0
19781.0 5261.0
19782.0 5260.0
19783.0 5255.0
19792.0 5253.0
19793.0 5244.0
19797.0 5241.0
19798.0 5239.0
19807.0 5230.0
19813.0 5228.0
19821.0 5224.0
19822.0 5219.0
19833.0 5216.0
19838.0 5212.0
19839.0 5210.0
19843.0 5209.0
19847.0 5206.0
19848.0 5201.0
19852.0 5200.0
19856.0 5198.0
19858.0 5197.0
19860.0 5194.0
19864.0 5190.0
19870.0 5183.0
19877.0 5181.0
19883.0 5174.0
19889.0 5172.0
19890.0 5171.0
19895.0 5167.0
19896.0 5164.0
19903.0 5161.0
19907.0 5157.0
19908.0 5154.0
19913.0 5153.0
19915.0 5152.0
19917.0 5146.0
19926.0 5144.0
19929.0 5140.0
19930.0 5137.0
19932.0 5136.0
19934.0 5135.0
19938.0 5134.0
19939.0 5129.0
19941.0 5127.0
19949.0 5124.0
19950.0 5123.0
19954.0 5119.0
19956.0 5118.0
19958.0 5111.0
19962.0 5110.0
19966.0 5102.0
19977.0 5099.0
19981.0 5096.0
19983.0 5094.0
19990.0 5093.0
19991.0 5089.0
19999.0 5083.0
20003.0 5081.0
20005.0 5077.0
20007.0 5074.0
20018.0 5071.0
20024.0 5070.0
20027.0 5068.0
20029.0 5066.0
20030.0 5064.0
20032.0 5061.0
20038.0 5057.0
20046.0 5055.0
20054.0 5049.0
20055.0 5046.0
20065.0 5044.0
20068.0 5041.0
20070.0 5040.0
20075.0 5036.0
20085.0 5030.0
20089.0 5029.0
20092.0 5028.0
20099.0 5026.0
20100.0 5022.0
20107.0 5017.0
20115.0 5010.0
20125.0 5007.0
20132.0 4999.0
20142.0 4996.0
20152.0 4992.0
20162.0 4989.0
20169.0 4981.0
20179.0 4978.0
20194.0 4975.0
20196.0 4974.0
20203.0 4973.0
20204.0 4972.0
20206.0 4971.0
20210.0 4969.0
20216.0 4968.0
20220.0 4966.0
20222.0 4964.0
20223.0 4961.0
20224.0 4959.0
20232.0 4952.0
20239.0 4950.0
20242.0 4947.0
20250.0 4940.0
20259.0 4938.0
20260.0 4936.0
20261.0 4935.0
20269.0 4933.0
20270.0 4931.0
20277.0 4926.0
20278.0 4924.0
20288.0 4921.0
20289.0 4919.0
20295.0 4918.0
20304.0 4915.0
20305.0 4913.0
20318.0 4912.0
20319.0 4909.0
20320.0 4907.0
20330.0 4904.0
20331.0 4902.0
20337.0 4901.0
20346.0 4898.0
20347.0 4896.0
20368.0 4895.0
20369.0 4893.0
20373.0 4892.0
20375.0 4890.0
20379.0 4889.0
20380.0 4887.0
20381.0 4885.0
20386.0 4884.0
20387.0 4882.0
20393.0 4881.0
20407.0 4879.0
20420.0 4874.0
20421.0 4872.0
20434.0 4870.0
20435.0 4868.0
20440.0 4866.0
20450.0 4864.0
20454.0 4863.0
20461.0 4859.0
20462.0 4857.0
20470.0 4856.0
20479.0 4854.0
20480.0 4850.0
20499.0 4847.0
20512.0 4845.0
20517.0 4842.0
20527.0 4838.0
20529.0 4834.0
20539.0 4831.0
20551.0 4828.0
20552.0 4826.0
20575.0 4824.0
20576.0 4822.0
20586.0 4821.0
20587.0 4819.0
20588.0 4815.0
20600.0 4812.0
20601.0 4810.0
20605.0 4809.0
20617.0 4806.0
20618.0 4804.0
20641.0 4803.0
20642.0 4802.0
20652.0 4801.0
20653.0 4800.0
20659.0 4798.0
20663.0 4796.0
20669.0 4795.0
20680.0 4794.0
20681.0 4792.0
20684.0 4790.0
20696.0 4789.0
20697.0 4788.0
20698.0 4786.0
20707.0 4784.0
20708.0 4782.0
20723.0 4780.0
20724.0 4778.0
20725.0 4776.0
20740.0 4774.0
20747.0 4772.0
20762.0 4770.0
20779.0 4768.0
20780.0 4767.0
20791.0 4765.0
20801.0 4763.0
20813.0 4761.0
20817.0 4757.0
20818.0 4755.0
20828.0 4753.0
20840.0 4751.0
20850.0 4749.0
20858.0 4748.0
20859.0 4746.0
20877.0 4745.0
20878.0 4744.0
20881.0 4742.0
20889.0 4739.0
20890.0 4737.0
20896.0 4735.0
20912.0 4733.0
20916.0 4728.0
20917.0 4726.0
20936.0 4724.0
20939.0 4722.0
20956.0 4720.0
20971.0 4718.0
20988.0 4716.0
21005.0 4715.0
21007.0 4714.0
21022.0 4713.0
21041.0 4711.0
21064.0 4710.0
21141.0 4707.0
21152.0 4705.0
21159.0 4701.0
21170.0 4699.0
21184.0 4698.0
21189.0 4694.0
21196.0 4691.0
21207.0 4689.0
21214.0 4687.0
21241.0 4686.0
21244.0 4685.0
21248.0 4683.0
21263.0 4681.0
21281.0 4680.0
21289.0 4679.0
21297.0 4678.0
21305.0 4677.0
21308.0 4676.0
21339.0 4674.0
21342.0 4673.0
