46.0 177.0
58.0 127.0
58.0 127.0
46.0 177.0
57.0 135.0
47.0 167.0
47.0 167.0
50.0 152.0
48.0 159.0
51.0 144.0
55.0 138.0
55.0 138.0
53.0 140.0
48.0 159.0
49.0 153.0
57.0 135.0
51.0 144.0
53.0 140.0
52.0 142.0
52.0 142.0
49.0 153.0
50.0 152.0
46.0 177.0
58.0 127.0
47.0 167.0
55.0 138.0
48.0 159.0
57.0 135.0
51.0 144.0
53.0 140.0
52.0 142.0
49.0 153.0
50.0 152.0
46.0 177.0
58.0 127.0
47.0 167.0
55.0 138.0
48.0 159.0
57.0 135.0
51.0 144.0
53.0 140.0
52.0 142.0
49.0 153.0
50.0 152.0
58.0 127.0
46.0 177.0
47.0 167.0
55.0 138.0
48.0 159.0
57.0 135.0
51.0 144.0
53.0 140.0
52.0 142.0
49.0 153.0
50.0 152.0
58.0 127.0
46.0 177.0
47.0 167.0
55.0 138.0
48.0 159.0
57.0 135.0
51.0 144.0
53.0 140.0
52.0 142.0
49.0 153.0
50.0 152.0
58.0 127.0
46.0 177.0
47.0 167.0
55.0 138.0
48.0 159.0
57.0 135.0
51.0 144.0
53.0 140.0
52.0 142.0
49.0 153.0
50.0 152.0
46.0 177.0
58.0 127.0
47.0 167.0
55.0 138.0
48.0 159.0
57.0 135.0
51.0 144.0
53.0 140.0
52.0 142.0
49.0 153.0
50.0 152.0
58.0 127.0
46.0 177.0
47.0 167.0
55.0 138.0
48.0 159.0
57.0 135.0
51.0 144.0
53.0 140.0
52.0 142.0
49.0 153.0
50.0 152.0
58.0 127.0
