95.0 99.0
87.0 148.0
87.0 148.0
95.0 99.0
92.0 123.0
93.0 107.0
90.0 136.0
91.0 126.0
88.0 138.0
94.0 106.0
91.0 126.0
92.0 123.0
93.0 107.0
88.0 138.0
89.0 137.0
89.0 137.0
94.0 106.0
90.0 136.0
95.0 99.0
87.0 148.0
91.0 126.0
92.0 123.0
93.0 107.0
88.0 138.0
94.0 106.0
89.0 137.0
90.0 136.0
95.0 99.0
87.0 148.0
91.0 126.0
92.0 123.0
93.0 107.0
88.0 138.0
89.0 137.0
94.0 106.0
90.0 136.0
87.0 148.0
95.0 99.0
91.0 126.0
92.0 123.0
93.0 107.0
88.0 138.0
89.0 137.0
90.0 136.0
94.0 106.0
87.0 148.0
95.0 99.0
91.0 126.0
92.0 123.0
93.0 107.0
88.0 138.0
89.0 137.0
90.0 136.0
94.0 106.0
87.0 148.0
95.0 99.0
91.0 126.0
92.0 123.0
93.0 107.0
88.0 138.0
94.0 106.0
90.0 136.0
89.0 137.0
95.0 99.0
87.0 148.0
91.0 126.0
92.0 123.0
93.0 107.0
88.0 138.0
89.0 137.0
90.0 136.0
94.0 106.0
87.0 148.0
95.0 99.0
91.0 126.0
92.0 123.0
93.0 107.0
88.0 138.0
94.0 106.0
89.0 137.0
90.0 136.0
95.0 99.0
87.0 148.0
91.0 126.0
92.0 123.0
93.0 107.0
88.0 138.0
90.0 136.0
89.0 137.0
94.0 106.0
95.0 99.0
87.0 148.0
91.0 126.0
92.0 123.0
93.0 107.0
88.0 138.0
89.0 137.0
94.0 106.0
90.0 136.0
87.0 148.0
