96.0 1245.0
98.0 1212.0
99.0 1134.0
101.0 1108.0
102.0 1100.0
103.0 1099.0
104.0 1082.0
105.0 1064.0
106.0 1053.0
108.0 1039.0
109.0 1029.0
110.0 1019.0
111.0 1015.0
112.0 1005.0
114.0 997.0
115.0 984.0
116.0 982.0
117.0 968.0
118.0 966.0
119.0 954.0
120.0 952.0
121.0 944.0
122.0 942.0
124.0 940.0
125.0 938.0
127.0 932.0
128.0 931.0
129.0 926.0
130.0 923.0
131.0 920.0
132.0 916.0
133.0 914.0
134.0 910.0
135.0 905.0
136.0 904.0
137.0 899.0
139.0 893.0
141.0 890.0
145.0 886.0
149.0 880.0
150.0 879.0
151.0 874.0
152.0 873.0
153.0 870.0
154.0 869.0
155.0 867.0
156.0 861.0
158.0 858.0
171.0 855.0
173.0 849.0
