327.0 1215.0
328.0 1136.0
330.0 1117.0
331.0 1089.0
332.0 1088.0
333.0 1076.0
334.0 1072.0
335.0 1062.0
336.0 1045.0
337.0 1044.0
338.0 1037.0
339.0 1036.0
340.0 1027.0
341.0 1021.0
344.0 1009.0
345.0 1007.0
346.0 1000.0
347.0 988.0
348.0 987.0
349.0 967.0
350.0 966.0
353.0 964.0
354.0 963.0
355.0 956.0
356.0 950.0
357.0 940.0
359.0 934.0
360.0 925.0
362.0 921.0
364.0 912.0
366.0 908.0
368.0 895.0
370.0 894.0
372.0 892.0
374.0 889.0
375.0 886.0
377.0 885.0
378.0 883.0
381.0 874.0
383.0 873.0
385.0 871.0
387.0 868.0
389.0 865.0
391.0 862.0
394.0 856.0
398.0 854.0
399.0 849.0
400.0 848.0
401.0 846.0
402.0 842.0
403.0 841.0
404.0 834.0
407.0 831.0
408.0 828.0
410.0 822.0
415.0 819.0
416.0 818.0
417.0 813.0
423.0 812.0
426.0 811.0
434.0 809.0
435.0 808.0
