526.0 1381.0
527.0 1352.0
528.0 1345.0
529.0 1312.0
530.0 1305.0
531.0 1290.0
532.0 1287.0
533.0 1284.0
534.0 1270.0
536.0 1251.0
538.0 1235.0
540.0 1225.0
542.0 1209.0
544.0 1203.0
546.0 1198.0
547.0 1193.0
549.0 1187.0
551.0 1181.0
552.0 1177.0
554.0 1171.0
556.0 1167.0
557.0 1162.0
559.0 1156.0
561.0 1152.0
562.0 1151.0
563.0 1150.0
565.0 1144.0
567.0 1140.0
568.0 1139.0
569.0 1136.0
570.0 1135.0
571.0 1134.0
572.0 1132.0
573.0 1129.0
575.0 1120.0
577.0 1117.0
578.0 1111.0
580.0 1108.0
585.0 1103.0
586.0 1100.0
587.0 1099.0
588.0 1096.0
590.0 1093.0
594.0 1092.0
596.0 1086.0
598.0 1085.0
599.0 1084.0
600.0 1083.0
601.0 1082.0
603.0 1076.0
605.0 1075.0
606.0 1070.0
607.0 1068.0
609.0 1066.0
613.0 1065.0
614.0 1064.0
618.0 1061.0
622.0 1060.0
624.0 1058.0
651.0 1057.0
