192.0 1338.0
194.0 1290.0
196.0 1276.0
198.0 1247.0
199.0 1244.0
200.0 1229.0
201.0 1226.0
202.0 1219.0
203.0 1213.0
204.0 1209.0
205.0 1206.0
206.0 1202.0
207.0 1171.0
209.0 1157.0
210.0 1153.0
211.0 1146.0
212.0 1139.0
214.0 1138.0
215.0 1131.0
216.0 1130.0
217.0 1123.0
218.0 1120.0
219.0 1115.0
220.0 1109.0
221.0 1102.0
222.0 1101.0
223.0 1096.0
224.0 1089.0
226.0 1088.0
228.0 1083.0
229.0 1081.0
230.0 1074.0
232.0 1071.0
234.0 1069.0
235.0 1062.0
237.0 1059.0
238.0 1056.0
240.0 1050.0
242.0 1049.0
243.0 1047.0
244.0 1042.0
245.0 1039.0
246.0 1037.0
248.0 1032.0
250.0 1031.0
251.0 1029.0
252.0 1026.0
253.0 1024.0
255.0 1023.0
257.0 1018.0
260.0 1016.0
263.0 1014.0
265.0 1011.0
266.0 1009.0
268.0 1006.0
269.0 1002.0
274.0 999.0
275.0 996.0
278.0 993.0
281.0 992.0
282.0 990.0
284.0 985.0
288.0 984.0
306.0 983.0
311.0 982.0
312.0 981.0
316.0 979.0
