527.0 1357.0
528.0 1353.0
529.0 1335.0
530.0 1333.0
531.0 1315.0
533.0 1302.0
534.0 1270.0
536.0 1251.0
538.0 1235.0
540.0 1225.0
542.0 1209.0
544.0 1203.0
545.0 1200.0
546.0 1198.0
547.0 1193.0
548.0 1191.0
549.0 1187.0
550.0 1183.0
551.0 1181.0
552.0 1178.0
554.0 1171.0
556.0 1166.0
557.0 1163.0
558.0 1162.0
559.0 1156.0
561.0 1151.0
563.0 1147.0
564.0 1146.0
565.0 1144.0
567.0 1139.0
569.0 1135.0
570.0 1134.0
571.0 1131.0
572.0 1130.0
573.0 1129.0
574.0 1128.0
575.0 1126.0
576.0 1122.0
578.0 1120.0
579.0 1119.0
580.0 1118.0
581.0 1115.0
583.0 1114.0
584.0 1109.0
588.0 1107.0
590.0 1105.0
594.0 1103.0
595.0 1100.0
596.0 1099.0
598.0 1096.0
599.0 1091.0
601.0 1089.0
603.0 1086.0
604.0 1085.0
605.0 1083.0
609.0 1081.0
610.0 1080.0
612.0 1076.0
616.0 1075.0
618.0 1073.0
620.0 1069.0
621.0 1064.0
628.0 1061.0
630.0 1057.0
