5704.0 758.0
5708.0 750.0
5720.0 747.0
5732.0 746.0
5734.0 716.0
5744.0 704.0
5754.0 697.0
5764.0 685.0
5784.0 684.0
5786.0 678.0
5794.0 676.0
5806.0 672.0
5814.0 666.0
5828.0 658.0
5842.0 657.0
5844.0 655.0
5850.0 648.0
5870.0 644.0
5872.0 640.0
5884.0 636.0
5892.0 633.0
5902.0 628.0
5920.0 621.0
5932.0 619.0
5940.0 615.0
5950.0 611.0
5958.0 605.0
5980.0 602.0
5988.0 596.0
6000.0 595.0
6008.0 589.0
6034.0 586.0
6038.0 583.0
6042.0 580.0
6072.0 578.0
6074.0 576.0
6078.0 575.0
6080.0 572.0
6090.0 571.0
6112.0 568.0
6124.0 566.0
6138.0 564.0
6140.0 562.0
6148.0 558.0
6178.0 557.0
6190.0 553.0
6202.0 551.0
6204.0 550.0
6210.0 547.0
6224.0 544.0
6246.0 543.0
6266.0 539.0
6412.0 534.0
6468.0 529.0
6576.0 526.0
6582.0 525.0
