16507.0 1343.0
16514.0 1326.0
16519.0 1323.0
16523.0 1317.0
16526.0 1306.0
16529.0 1261.0
16531.0 1259.0
16532.0 1249.0
16534.0 1247.0
16537.0 1239.0
16539.0 1237.0
16547.0 1230.0
16549.0 1224.0
16555.0 1223.0
16560.0 1217.0
16566.0 1216.0
16568.0 1215.0
16574.0 1214.0
16578.0 1211.0
16579.0 1204.0
16583.0 1202.0
16589.0 1201.0
16590.0 1197.0
16594.0 1195.0
16597.0 1194.0
16601.0 1191.0
16604.0 1187.0
16610.0 1186.0
16611.0 1185.0
16612.0 1184.0
16615.0 1180.0
16619.0 1179.0
16622.0 1178.0
16625.0 1177.0
16626.0 1172.0
16635.0 1171.0
16636.0 1170.0
16637.0 1165.0
16642.0 1164.0
16653.0 1157.0
16670.0 1156.0
16671.0 1151.0
16681.0 1149.0
16691.0 1147.0
16702.0 1140.0
16706.0 1135.0
16711.0 1128.0
16722.0 1121.0
16725.0 1119.0
16728.0 1117.0
16733.0 1113.0
16736.0 1112.0
16737.0 1099.0
16748.0 1092.0
16765.0 1089.0
16776.0 1082.0
16792.0 1080.0
16797.0 1079.0
16803.0 1074.0
16808.0 1072.0
16820.0 1071.0
16831.0 1064.0
16857.0 1060.0
16862.0 1059.0
16868.0 1053.0
16899.0 1048.0
16904.0 1045.0
16925.0 1044.0
16944.0 1043.0
16958.0 1041.0
16983.0 1040.0
16985.0 1039.0
16989.0 1038.0
16991.0 1033.0
17001.0 1032.0
17017.0 1031.0
17025.0 1030.0
17035.0 1027.0
17043.0 1026.0
17065.0 1022.0
17105.0 1020.0
17117.0 1018.0
17125.0 1017.0
17147.0 1013.0
17187.0 1011.0
