12949.0 3450.0
12951.0 3449.0
12952.0 3433.0
12954.0 3413.0
12956.0 3408.0
12957.0 3396.0
12959.0 3393.0
12960.0 3381.0
12961.0 3371.0
12963.0 3370.0
12964.0 3356.0
12966.0 3355.0
12967.0 3351.0
12968.0 3339.0
12970.0 3336.0
12971.0 3324.0
12972.0 3314.0
12975.0 3299.0
12977.0 3296.0
12980.0 3281.0
12982.0 3278.0
12983.0 3270.0
12985.0 3265.0
12986.0 3260.0
12988.0 3249.0
12989.0 3241.0
12994.0 3240.0
12996.0 3233.0
12999.0 3229.0
13002.0 3227.0
13003.0 3219.0
13010.0 3211.0
13013.0 3207.0
13019.0 3206.0
13020.0 3199.0
13023.0 3195.0
13029.0 3191.0
13030.0 3187.0
13036.0 3183.0
13039.0 3179.0
13045.0 3178.0
13046.0 3171.0
13048.0 3168.0
13049.0 3167.0
13051.0 3163.0
13056.0 3158.0
13058.0 3156.0
13061.0 3151.0
13063.0 3145.0
13068.0 3140.0
13073.0 3133.0
13077.0 3129.0
13080.0 3126.0
13081.0 3122.0
13083.0 3121.0
13085.0 3115.0
13086.0 3106.0
13093.0 3101.0
13094.0 3092.0
13105.0 3088.0
13112.0 3086.0
13115.0 3080.0
13122.0 3075.0
13126.0 3071.0
13128.0 3070.0
13134.0 3062.0
13147.0 3058.0
13148.0 3055.0
13149.0 3054.0
13156.0 3046.0
13169.0 3042.0
13170.0 3035.0
13176.0 3031.0
13185.0 3027.0
13186.0 3026.0
13188.0 3025.0
13190.0 3010.0
13193.0 3005.0
13199.0 2999.0
13203.0 2985.0
13205.0 2981.0
13209.0 2979.0
13215.0 2961.0
13224.0 2960.0
13231.0 2954.0
13232.0 2951.0
13240.0 2942.0
13248.0 2940.0
13257.0 2932.0
13265.0 2928.0
13268.0 2924.0
13275.0 2922.0
13278.0 2917.0
13285.0 2914.0
13291.0 2913.0
13293.0 2910.0
13296.0 2907.0
13302.0 2906.0
13306.0 2899.0
13315.0 2898.0
13319.0 2895.0
13324.0 2887.0
13335.0 2881.0
13341.0 2878.0
13342.0 2877.0
13352.0 2869.0
13358.0 2866.0
13365.0 2865.0
13366.0 2863.0
13370.0 2859.0
13377.0 2858.0
13378.0 2856.0
13382.0 2854.0
13383.0 2851.0
13390.0 2850.0
13391.0 2848.0
13394.0 2847.0
13395.0 2844.0
13399.0 2842.0
13402.0 2840.0
13405.0 2838.0
13408.0 2831.0
13414.0 2826.0
13420.0 2823.0
13421.0 2822.0
13425.0 2821.0
13428.0 2818.0
13431.0 2816.0
13436.0 2810.0
13441.0 2806.0
13442.0 2805.0
13447.0 2801.0
13453.0 2798.0
13455.0 2796.0
13460.0 2795.0
13462.0 2792.0
13463.0 2788.0
13468.0 2787.0
13469.0 2783.0
13476.0 2782.0
13480.0 2781.0
13484.0 2774.0
13488.0 2773.0
13490.0 2769.0
13494.0 2768.0
13500.0 2763.0
13501.0 2762.0
13505.0 2761.0
13511.0 2760.0
13513.0 2759.0
13515.0 2757.0
13520.0 2755.0
13523.0 2751.0
13530.0 2746.0
13535.0 2744.0
13536.0 2738.0
13537.0 2737.0
13541.0 2736.0
13547.0 2733.0
13548.0 2732.0
13552.0 2731.0
13560.0 2730.0
13564.0 2729.0
13565.0 2727.0
13568.0 2722.0
13583.0 2721.0
13587.0 2720.0
13594.0 2716.0
13605.0 2711.0
13617.0 2707.0
13621.0 2704.0
13624.0 2703.0
13627.0 2700.0
13630.0 2695.0
13641.0 2690.0
13656.0 2686.0
13667.0 2681.0
13684.0 2679.0
13695.0 2674.0
13710.0 2670.0
13721.0 2665.0
13747.0 2664.0
13758.0 2660.0
13764.0 2658.0
13768.0 2656.0
13779.0 2655.0
13780.0 2651.0
13784.0 2649.0
13796.0 2646.0
13800.0 2644.0
13815.0 2641.0
13824.0 2640.0
13833.0 2637.0
13837.0 2635.0
13841.0 2633.0
13850.0 2631.0
13853.0 2628.0
13857.0 2626.0
13869.0 2623.0
13873.0 2621.0
13888.0 2618.0
13903.0 2617.0
13928.0 2614.0
13933.0 2612.0
13942.0 2611.0
13959.0 2610.0
13961.0 2608.0
13976.0 2607.0
13995.0 2604.0
14016.0 2603.0
14035.0 2600.0
