15287.0 4132.0
15289.0 4124.0
15292.0 4120.0
15294.0 4112.0
15298.0 4099.0
15299.0 4074.0
15301.0 4066.0
15304.0 4062.0
15306.0 4041.0
15308.0 4033.0
15312.0 4032.0
15314.0 4024.0
15316.0 4012.0
15317.0 4011.0
15318.0 4004.0
15319.0 3999.0
15320.0 3992.0
15322.0 3989.0
15328.0 3987.0
15329.0 3983.0
15330.0 3976.0
15332.0 3971.0
15335.0 3961.0
15340.0 3959.0
15341.0 3957.0
15345.0 3917.0
15353.0 3903.0
15354.0 3889.0
15355.0 3875.0
15361.0 3873.0
15363.0 3862.0
15364.0 3847.0
15370.0 3846.0
15371.0 3831.0
15375.0 3830.0
15377.0 3826.0
15378.0 3811.0
15379.0 3799.0
15381.0 3791.0
15383.0 3785.0
15384.0 3774.0
15385.0 3773.0
15386.0 3768.0
15387.0 3760.0
15389.0 3754.0
15396.0 3752.0
15398.0 3749.0
15400.0 3743.0
15402.0 3737.0
15403.0 3734.0
15406.0 3729.0
15408.0 3723.0
15411.0 3719.0
15413.0 3711.0
15414.0 3705.0
15421.0 3703.0
15424.0 3700.0
15425.0 3694.0
15427.0 3688.0
15430.0 3684.0
15432.0 3683.0
15433.0 3674.0
15441.0 3666.0
15446.0 3664.0
15447.0 3662.0
15448.0 3659.0
15449.0 3653.0
15452.0 3651.0
15456.0 3646.0
15457.0 3645.0
15462.0 3643.0
15463.0 3641.0
15464.0 3638.0
15467.0 3633.0
15468.0 3630.0
15472.0 3625.0
15479.0 3624.0
15480.0 3623.0
15481.0 3620.0
15482.0 3618.0
15483.0 3612.0
15486.0 3610.0
15490.0 3605.0
15491.0 3604.0
15496.0 3602.0
15498.0 3597.0
15502.0 3589.0
15506.0 3584.0
15515.0 3579.0
15517.0 3577.0
15520.0 3574.0
15521.0 3572.0
15527.0 3570.0
15530.0 3567.0
15534.0 3566.0
15535.0 3562.0
15536.0 3561.0
15537.0 3560.0
15539.0 3557.0
15542.0 3556.0
15543.0 3552.0
15547.0 3548.0
15551.0 3538.0
15557.0 3533.0
15560.0 3532.0
15562.0 3525.0
15568.0 3517.0
15573.0 3512.0
15580.0 3505.0
15582.0 3497.0
15588.0 3489.0
15597.0 3484.0
15602.0 3479.0
15614.0 3473.0
15617.0 3472.0
15623.0 3464.0
15626.0 3463.0
15630.0 3460.0
15639.0 3459.0
15647.0 3453.0
15654.0 3451.0
15659.0 3446.0
15663.0 3442.0
15671.0 3440.0
15672.0 3439.0
15673.0 3437.0
15675.0 3431.0
15679.0 3427.0
15683.0 3425.0
15690.0 3424.0
15691.0 3421.0
15692.0 3420.0
15693.0 3418.0
15700.0 3411.0
15705.0 3410.0
15706.0 3409.0
15708.0 3405.0
15715.0 3404.0
15718.0 3403.0
15719.0 3401.0
15720.0 3399.0
15723.0 3398.0
15726.0 3394.0
15732.0 3392.0
15734.0 3388.0
15741.0 3387.0
15744.0 3386.0
15746.0 3382.0
15749.0 3381.0
15756.0 3380.0
15762.0 3377.0
15764.0 3374.0
15766.0 3373.0
15769.0 3370.0
15771.0 3369.0
15772.0 3368.0
15774.0 3359.0
15777.0 3356.0
15783.0 3355.0
15785.0 3353.0
15788.0 3350.0
15793.0 3348.0
15796.0 3345.0
15799.0 3339.0
15800.0 3337.0
15802.0 3336.0
15803.0 3334.0
15809.0 3333.0
15811.0 3331.0
15812.0 3330.0
15814.0 3328.0
15819.0 3326.0
15821.0 3325.0
15822.0 3323.0
15825.0 3317.0
15828.0 3314.0
15834.0 3313.0
15835.0 3311.0
15838.0 3308.0
15844.0 3306.0
15847.0 3303.0
15853.0 3299.0
15856.0 3296.0
15857.0 3294.0
15862.0 3293.0
15867.0 3290.0
15872.0 3288.0
15875.0 3285.0
15876.0 3283.0
15881.0 3282.0
15886.0 3279.0
15896.0 3278.0
15897.0 3275.0
15900.0 3272.0
15903.0 3271.0
15906.0 3268.0
15910.0 3266.0
15916.0 3264.0
15919.0 3261.0
15926.0 3258.0
15929.0 3255.0
15940.0 3254.0
15941.0 3252.0
15945.0 3250.0
15950.0 3248.0
15954.0 3245.0
15957.0 3244.0
15959.0 3243.0
15961.0 3242.0
15964.0 3239.0
15969.0 3237.0
15983.0 3236.0
15986.0 3235.0
15988.0 3234.0
15989.0 3231.0
15992.0 3228.0
15997.0 3226.0
16007.0 3221.0
16013.0 3218.0
16024.0 3217.0
16027.0 3211.0
16033.0 3208.0
16039.0 3207.0
16044.0 3202.0
16045.0 3201.0
16046.0 3200.0
16050.0 3199.0
16052.0 3197.0
16064.0 3192.0
16066.0 3190.0
16070.0 3189.0
16072.0 3187.0
16077.0 3184.0
16092.0 3181.0
16096.0 3177.0
16104.0 3176.0
16105.0 3173.0
16115.0 3168.0
16124.0 3166.0
16135.0 3165.0
16141.0 3162.0
16143.0 3157.0
16169.0 3151.0
16207.0 3150.0
16220.0 3144.0
16231.0 3142.0
16257.0 3136.0
16295.0 3134.0
