29756.0 11789.0
29759.0 11782.0
29760.0 11735.0
29761.0 11722.0
29763.0 11706.0
29765.0 11705.0
29767.0 11696.0
29768.0 11695.0
29769.0 11689.0
29770.0 11677.0
29771.0 11656.0
29774.0 11649.0
29777.0 11639.0
29779.0 11636.0
29780.0 11632.0
29782.0 11615.0
29785.0 11608.0
29788.0 11598.0
29790.0 11595.0
29791.0 11564.0
29793.0 11522.0
29795.0 11516.0
29797.0 11512.0
29799.0 11506.0
29801.0 11500.0
29803.0 11490.0
29805.0 11484.0
29807.0 11480.0
29809.0 11470.0
29811.0 11464.0
29813.0 11448.0
29815.0 11442.0
29817.0 11438.0
29821.0 11430.0
29822.0 11429.0
29823.0 11424.0
29825.0 11420.0
29829.0 11412.0
29830.0 11411.0
29831.0 11406.0
29833.0 11402.0
29837.0 11401.0
29838.0 11393.0
29840.0 11389.0
29842.0 11387.0
29843.0 11385.0
29844.0 11366.0
29846.0 11350.0
29849.0 11347.0
29850.0 11323.0
29853.0 11320.0
29854.0 11311.0
29856.0 11310.0
29857.0 11308.0
29858.0 11300.0
29860.0 11287.0
29862.0 11280.0
29864.0 11265.0
29867.0 11262.0
29870.0 11249.0
29872.0 11242.0
29874.0 11229.0
29876.0 11222.0
29879.0 11219.0
29884.0 11216.0
29886.0 11209.0
29889.0 11203.0
29892.0 11194.0
29894.0 11187.0
29897.0 11184.0
29899.0 11181.0
29902.0 11178.0
29903.0 11156.0
29906.0 11153.0
29913.0 11143.0
29914.0 11142.0
29916.0 11139.0
29918.0 11123.0
29921.0 11121.0
29923.0 11110.0
29928.0 11089.0
29933.0 11076.0
29939.0 11066.0
29944.0 11056.0
29946.0 11054.0
29949.0 11043.0
29951.0 11041.0
29955.0 11033.0
29957.0 11031.0
29962.0 11021.0
29967.0 11008.0
29973.0 10998.0
29978.0 10988.0
29984.0 10978.0
29989.0 10973.0
29992.0 10968.0
29995.0 10963.0
29998.0 10958.0
30001.0 10957.0
30004.0 10953.0
30005.0 10951.0
30006.0 10950.0
30007.0 10947.0
30009.0 10943.0
30011.0 10941.0
30012.0 10938.0
30013.0 10937.0
30015.0 10933.0
30018.0 10932.0
30019.0 10927.0
30022.0 10926.0
30023.0 10923.0
30024.0 10916.0
30029.0 10913.0
30030.0 10912.0
30031.0 10907.0
30032.0 10901.0
30036.0 10896.0
30038.0 10895.0
30039.0 10893.0
30040.0 10883.0
30044.0 10881.0
30046.0 10875.0
30047.0 10872.0
30050.0 10871.0
30052.0 10856.0
30057.0 10852.0
30062.0 10848.0
30063.0 10846.0
30064.0 10836.0
30069.0 10832.0
30071.0 10827.0
30077.0 10826.0
30078.0 10823.0
30079.0 10822.0
30080.0 10819.0
30081.0 10818.0
30082.0 10815.0
30085.0 10813.0
30086.0 10811.0
30088.0 10809.0
30091.0 10803.0
30092.0 10800.0
30095.0 10799.0
30096.0 10796.0
30097.0 10794.0
30098.0 10791.0
30105.0 10783.0
30109.0 10779.0
30112.0 10777.0
30115.0 10775.0
30116.0 10772.0
30117.0 10770.0
30118.0 10767.0
30122.0 10764.0
30125.0 10759.0
30126.0 10756.0
30129.0 10755.0
30130.0 10752.0
30136.0 10749.0
30139.0 10746.0
30140.0 10745.0
30141.0 10744.0
30142.0 10741.0
30145.0 10736.0
30146.0 10733.0
30151.0 10732.0
30155.0 10731.0
30156.0 10728.0
30157.0 10725.0
30161.0 10722.0
30162.0 10719.0
30166.0 10715.0
30167.0 10712.0
30173.0 10709.0
30178.0 10706.0
30182.0 10702.0
30183.0 10699.0
30189.0 10696.0
30190.0 10693.0
30194.0 10691.0
30195.0 10688.0
30196.0 10687.0
30201.0 10685.0
30202.0 10682.0
30207.0 10681.0
30210.0 10678.0
30211.0 10675.0
30212.0 10674.0
30217.0 10672.0
30218.0 10669.0
30219.0 10668.0
30223.0 10666.0
30224.0 10663.0
30227.0 10662.0
30229.0 10661.0
30230.0 10658.0
30233.0 10657.0
30237.0 10656.0
30239.0 10653.0
30240.0 10650.0
30242.0 10649.0
30245.0 10648.0
30246.0 10647.0
30247.0 10644.0
30248.0 10643.0
30251.0 10642.0
30253.0 10639.0
30254.0 10638.0
30255.0 10637.0
30256.0 10635.0
30260.0 10633.0
30261.0 10632.0
30262.0 10628.0
30268.0 10624.0
30271.0 10621.0
30273.0 10612.0
30276.0 10606.0
30285.0 10604.0
30286.0 10601.0
30288.0 10598.0
30289.0 10595.0
30297.0 10585.0
30299.0 10582.0
30308.0 10580.0
30309.0 10577.0
30311.0 10574.0
30316.0 10573.0
30317.0 10572.0
30321.0 10571.0
30322.0 10569.0
30323.0 10568.0
30324.0 10567.0
30325.0 10565.0
30326.0 10562.0
30328.0 10559.0
30335.0 10557.0
30337.0 10554.0
30339.0 10553.0
30341.0 10550.0
30345.0 10548.0
30346.0 10544.0
30348.0 10541.0
30349.0 10540.0
30351.0 10537.0
30357.0 10536.0
30358.0 10535.0
30360.0 10532.0
30366.0 10529.0
30369.0 10527.0
30375.0 10524.0
30377.0 10523.0
30378.0 10522.0
30380.0 10521.0
30382.0 10518.0
30388.0 10517.0
30389.0 10516.0
30391.0 10513.0
30397.0 10512.0
30398.0 10511.0
30399.0 10509.0
30400.0 10508.0
30401.0 10507.0
30405.0 10504.0
30409.0 10503.0
30411.0 10501.0
30415.0 10493.0
30419.0 10492.0
30421.0 10491.0
30425.0 10487.0
30430.0 10484.0
30431.0 10483.0
30434.0 10478.0
30437.0 10477.0
30440.0 10473.0
30447.0 10471.0
30450.0 10467.0
30453.0 10466.0
30456.0 10462.0
30463.0 10461.0
30466.0 10457.0
30469.0 10456.0
30472.0 10452.0
30480.0 10451.0
30483.0 10449.0
30485.0 10448.0
30486.0 10446.0
30489.0 10444.0
30491.0 10443.0
30492.0 10440.0
30495.0 10439.0
30498.0 10435.0
30504.0 10434.0
30507.0 10433.0
30508.0 10430.0
30511.0 10429.0
30514.0 10425.0
30520.0 10424.0
30525.0 10422.0
30526.0 10419.0
30531.0 10417.0
30533.0 10415.0
30536.0 10414.0
30542.0 10409.0
30549.0 10406.0
30555.0 10405.0
30557.0 10403.0
30559.0 10401.0
30561.0 10400.0
30563.0 10396.0
30569.0 10395.0
30571.0 10390.0
30573.0 10389.0
30579.0 10387.0
30581.0 10378.0
30585.0 10377.0
30588.0 10375.0
30589.0 10372.0
30593.0 10371.0
30595.0 10364.0
30597.0 10363.0
30601.0 10362.0
30603.0 10358.0
30605.0 10357.0
30609.0 10355.0
30611.0 10349.0
30618.0 10344.0
30619.0 10343.0
30625.0 10340.0
30626.0 10338.0
30627.0 10336.0
30632.0 10334.0
30634.0 10329.0
30640.0 10328.0
30641.0 10327.0
30642.0 10323.0
30648.0 10321.0
30650.0 10316.0
30653.0 10309.0
30661.0 10303.0
30667.0 10295.0
30673.0 10294.0
30674.0 10289.0
30680.0 10288.0
30682.0 10283.0
30684.0 10282.0
30690.0 10276.0
30696.0 10275.0
30700.0 10272.0
30701.0 10270.0
30705.0 10267.0
30708.0 10264.0
30712.0 10261.0
30716.0 10258.0
30719.0 10256.0
30720.0 10255.0
30724.0 10251.0
30726.0 10250.0
30728.0 10248.0
30733.0 10245.0
30734.0 10244.0
30740.0 10239.0
30742.0 10237.0
30748.0 10233.0
30753.0 10232.0
30756.0 10226.0
30762.0 10225.0
30764.0 10224.0
30767.0 10223.0
30768.0 10221.0
30769.0 10219.0
30772.0 10217.0
30778.0 10213.0
30783.0 10212.0
30786.0 10206.0
30792.0 10205.0
30794.0 10204.0
30799.0 10199.0
30804.0 10198.0
30806.0 10196.0
30809.0 10193.0
30815.0 10192.0
30817.0 10186.0
30824.0 10184.0
30827.0 10180.0
30829.0 10178.0
30835.0 10177.0
30836.0 10176.0
30839.0 10175.0
30840.0 10173.0
30843.0 10172.0
30844.0 10171.0
30848.0 10168.0
30851.0 10167.0
30852.0 10164.0
30856.0 10162.0
30859.0 10158.0
30865.0 10157.0
30866.0 10156.0
30873.0 10152.0
30874.0 10150.0
30879.0 10144.0
30889.0 10138.0
30898.0 10135.0
30899.0 10134.0
30901.0 10133.0
30902.0 10130.0
30909.0 10128.0
30911.0 10127.0
30912.0 10124.0
30921.0 10121.0
30923.0 10120.0
30924.0 10119.0
30928.0 10115.0
30934.0 10112.0
30939.0 10111.0
30941.0 10109.0
30943.0 10106.0
30948.0 10101.0
30953.0 10100.0
30957.0 10098.0
30958.0 10095.0
30964.0 10094.0
30966.0 10092.0
30968.0 10091.0
30971.0 10087.0
30976.0 10086.0
30978.0 10085.0
30981.0 10081.0
30987.0 10080.0
30991.0 10079.0
30995.0 10077.0
31005.0 10075.0
31008.0 10073.0
31011.0 10070.0
31020.0 10068.0
31025.0 10065.0
31030.0 10064.0
31033.0 10061.0
31039.0 10060.0
31042.0 10057.0
31045.0 10056.0
31052.0 10053.0
31055.0 10050.0
31058.0 10049.0
31064.0 10048.0
31067.0 10045.0
31077.0 10041.0
31080.0 10038.0
31090.0 10036.0
31103.0 10035.0
31104.0 10032.0
31107.0 10029.0
31117.0 10027.0
31127.0 10026.0
31130.0 10025.0
31132.0 10024.0
31136.0 10021.0
31142.0 10019.0
31145.0 10018.0
31146.0 10015.0
31156.0 10010.0
31159.0 10005.0
31165.0 10003.0
31168.0 9998.0
31179.0 9997.0
31180.0 9995.0
31184.0 9994.0
31187.0 9993.0
31188.0 9990.0
31197.0 9988.0
31200.0 9985.0
31202.0 9978.0
31211.0 9975.0
31218.0 9974.0
31221.0 9973.0
31222.0 9970.0
31226.0 9969.0
31231.0 9967.0
31235.0 9962.0
31246.0 9961.0
31247.0 9959.0
31252.0 9958.0
31254.0 9957.0
31255.0 9954.0
31264.0 9952.0
31267.0 9949.0
31269.0 9942.0
31278.0 9939.0
31288.0 9937.0
31289.0 9934.0
31298.0 9931.0
31305.0 9927.0
31314.0 9924.0
31322.0 9921.0
31325.0 9919.0
31329.0 9918.0
31334.0 9916.0
31338.0 9915.0
31342.0 9913.0
31347.0 9912.0
31349.0 9910.0
31353.0 9904.0
31362.0 9901.0
31372.0 9899.0
31373.0 9896.0
31382.0 9893.0
31391.0 9892.0
31392.0 9891.0
31401.0 9888.0
31406.0 9886.0
31412.0 9883.0
31421.0 9880.0
31430.0 9878.0
31431.0 9877.0
31440.0 9876.0
31441.0 9873.0
31445.0 9872.0
31450.0 9871.0
31451.0 9869.0
31455.0 9868.0
31461.0 9865.0
31465.0 9864.0
31474.0 9861.0
31475.0 9860.0
31484.0 9857.0
31490.0 9856.0
31494.0 9855.0
31496.0 9854.0
31500.0 9852.0
31504.0 9851.0
31509.0 9850.0
31513.0 9848.0
31514.0 9847.0
31522.0 9846.0
31523.0 9844.0
31531.0 9843.0
31532.0 9842.0
31535.0 9841.0
31537.0 9840.0
31541.0 9839.0
31544.0 9838.0
31547.0 9836.0
31551.0 9835.0
31560.0 9832.0
31561.0 9831.0
31570.0 9828.0
31576.0 9827.0
31580.0 9826.0
31582.0 9825.0
31586.0 9823.0
31590.0 9822.0
31599.0 9819.0
31600.0 9818.0
31609.0 9815.0
31621.0 9812.0
31626.0 9808.0
31639.0 9806.0
31645.0 9803.0
31652.0 9802.0
31658.0 9801.0
31663.0 9798.0
31671.0 9796.0
31682.0 9793.0
31689.0 9792.0
31690.0 9791.0
31697.0 9790.0
31708.0 9787.0
31713.0 9786.0
31714.0 9784.0
31723.0 9780.0
31727.0 9779.0
31731.0 9775.0
31749.0 9774.0
31750.0 9772.0
31751.0 9770.0
31757.0 9769.0
31762.0 9768.0
31770.0 9767.0
31771.0 9765.0
31773.0 9764.0
31781.0 9759.0
31799.0 9758.0
31800.0 9756.0
31802.0 9754.0
31807.0 9753.0
31811.0 9752.0
31812.0 9748.0
31820.0 9743.0
31843.0 9741.0
31847.0 9739.0
31851.0 9736.0
31855.0 9734.0
31885.0 9733.0
31893.0 9728.0
31914.0 9726.0
31919.0 9725.0
31927.0 9720.0
31950.0 9718.0
31958.0 9713.0
31972.0 9712.0
31982.0 9708.0
32005.0 9706.0
32013.0 9701.0
32027.0 9700.0
32049.0 9698.0
32056.0 9696.0
32062.0 9695.0
32076.0 9691.0
32112.0 9688.0
32275.0 9686.0
32279.0 9685.0
32287.0 9684.0
32291.0 9683.0
32305.0 9680.0
32314.0 9679.0
32317.0 9678.0
32318.0 9675.0
32322.0 9671.0
32330.0 9670.0
32334.0 9669.0
32342.0 9668.0
32353.0 9666.0
32364.0 9663.0
32368.0 9662.0
32376.0 9661.0
32389.0 9657.0
32393.0 9653.0
32405.0 9651.0
32421.0 9650.0
32430.0 9649.0
32435.0 9645.0
32439.0 9644.0
32455.0 9643.0
32462.0 9642.0
32474.0 9640.0
32475.0 9638.0
32491.0 9637.0
32498.0 9633.0
32499.0 9631.0
32511.0 9629.0
32527.0 9628.0
32535.0 9622.0
32551.0 9621.0
32560.0 9620.0
32576.0 9619.0
32578.0 9618.0
32594.0 9617.0
32603.0 9616.0
32619.0 9615.0
