325.0 1194.0
326.0 1180.0
327.0 1171.0
328.0 1143.0
329.0 1129.0
331.0 1114.0
332.0 1108.0
333.0 1084.0
334.0 1078.0
336.0 1068.0
337.0 1062.0
338.0 1048.0
339.0 1044.0
340.0 1041.0
341.0 1031.0
342.0 1028.0
343.0 1024.0
344.0 1015.0
345.0 1011.0
346.0 1008.0
347.0 1001.0
348.0 995.0
349.0 986.0
350.0 985.0
351.0 971.0
353.0 964.0
354.0 960.0
356.0 956.0
357.0 953.0
358.0 949.0
359.0 945.0
360.0 942.0
363.0 937.0
364.0 934.0
365.0 931.0
366.0 930.0
367.0 925.0
368.0 914.0
369.0 913.0
370.0 900.0
372.0 898.0
373.0 893.0
375.0 885.0
377.0 883.0
378.0 878.0
380.0 876.0
381.0 870.0
384.0 863.0
387.0 859.0
388.0 857.0
390.0 855.0
391.0 854.0
392.0 852.0
394.0 850.0
398.0 848.0
401.0 847.0
407.0 845.0
411.0 844.0
412.0 843.0
413.0 838.0
414.0 837.0
417.0 836.0
418.0 833.0
419.0 830.0
420.0 827.0
424.0 825.0
425.0 822.0
