524.0 1338.0
525.0 1318.0
526.0 1308.0
527.0 1299.0
528.0 1289.0
529.0 1280.0
530.0 1279.0
531.0 1267.0
532.0 1266.0
534.0 1258.0
535.0 1257.0
536.0 1245.0
537.0 1243.0
539.0 1236.0
540.0 1225.0
541.0 1221.0
542.0 1209.0
543.0 1205.0
544.0 1203.0
546.0 1198.0
547.0 1193.0
548.0 1186.0
551.0 1181.0
552.0 1176.0
553.0 1175.0
554.0 1169.0
555.0 1168.0
556.0 1167.0
557.0 1162.0
559.0 1156.0
561.0 1152.0
562.0 1151.0
563.0 1150.0
565.0 1144.0
567.0 1140.0
568.0 1139.0
569.0 1136.0
570.0 1135.0
571.0 1134.0
572.0 1131.0
573.0 1128.0
574.0 1126.0
576.0 1117.0
578.0 1112.0
580.0 1110.0
581.0 1100.0
585.0 1098.0
586.0 1091.0
588.0 1086.0
596.0 1084.0
598.0 1081.0
601.0 1078.0
608.0 1074.0
610.0 1073.0
611.0 1067.0
614.0 1061.0
617.0 1058.0
624.0 1057.0
