846.0 1043.0
847.0 1016.0
848.0 1001.0
849.0 986.0
850.0 971.0
851.0 930.0
852.0 925.0
853.0 909.0
854.0 903.0
855.0 899.0
856.0 890.0
857.0 873.0
858.0 859.0
859.0 857.0
860.0 848.0
861.0 846.0
862.0 843.0
864.0 837.0
865.0 833.0
866.0 828.0
867.0 824.0
869.0 818.0
870.0 811.0
872.0 808.0
873.0 801.0
874.0 797.0
875.0 795.0
876.0 790.0
877.0 789.0
880.0 788.0
881.0 785.0
882.0 781.0
883.0 780.0
884.0 777.0
885.0 774.0
886.0 773.0
888.0 770.0
889.0 766.0
891.0 761.0
892.0 759.0
894.0 754.0
897.0 752.0
904.0 750.0
