16495.0 1402.0
16498.0 1274.0
16501.0 1265.0
16507.0 1254.0
16512.0 1250.0
16518.0 1239.0
16529.0 1237.0
16530.0 1230.0
16541.0 1228.0
16548.0 1222.0
16565.0 1213.0
16568.0 1208.0
16577.0 1205.0
16590.0 1204.0
16592.0 1201.0
16594.0 1191.0
16597.0 1182.0
16609.0 1180.0
16610.0 1177.0
16614.0 1168.0
16618.0 1167.0
16624.0 1166.0
16627.0 1163.0
16634.0 1158.0
16635.0 1153.0
16641.0 1152.0
16657.0 1149.0
16663.0 1148.0
16665.0 1143.0
16679.0 1139.0
16690.0 1135.0
16691.0 1130.0
16697.0 1129.0
16715.0 1122.0
16721.0 1120.0
16727.0 1118.0
16739.0 1116.0
16743.0 1113.0
16745.0 1110.0
16754.0 1106.0
16768.0 1104.0
16769.0 1102.0
16780.0 1098.0
16789.0 1095.0
16791.0 1092.0
16814.0 1091.0
16820.0 1086.0
16826.0 1085.0
16832.0 1082.0
16839.0 1079.0
16846.0 1078.0
16852.0 1075.0
16855.0 1072.0
16862.0 1071.0
16876.0 1069.0
16879.0 1066.0
16880.0 1065.0
16887.0 1064.0
16903.0 1063.0
16904.0 1059.0
16911.0 1058.0
16927.0 1057.0
16945.0 1056.0
16949.0 1054.0
16950.0 1052.0
16962.0 1051.0
16969.0 1050.0
16974.0 1046.0
16986.0 1045.0
16993.0 1044.0
17006.0 1041.0
17007.0 1039.0
17031.0 1033.0
17063.0 1028.0
17101.0 1027.0
17103.0 1026.0
17141.0 1025.0
17248.0 1021.0
17314.0 1020.0
17342.0 1019.0
17386.0 1018.0
