9934.0 1936.0
9935.0 1925.0
9939.0 1917.0
9940.0 1912.0
9941.0 1911.0
9945.0 1905.0
9947.0 1901.0
9950.0 1900.0
9954.0 1890.0
9958.0 1888.0
9959.0 1887.0
9961.0 1839.0
9965.0 1837.0
9970.0 1819.0
9979.0 1816.0
9981.0 1814.0
9983.0 1805.0
9993.0 1804.0
9995.0 1802.0
9997.0 1793.0
10004.0 1791.0
10005.0 1786.0
10009.0 1782.0
10014.0 1776.0
10021.0 1773.0
10023.0 1770.0
10025.0 1769.0
10028.0 1764.0
10035.0 1761.0
10039.0 1757.0
10041.0 1744.0
10049.0 1737.0
10055.0 1732.0
10063.0 1725.0
10071.0 1723.0
10072.0 1719.0
10077.0 1713.0
10081.0 1709.0
10084.0 1704.0
10087.0 1698.0
10094.0 1695.0
10096.0 1689.0
10099.0 1687.0
10104.0 1681.0
10107.0 1680.0
10112.0 1674.0
10114.0 1666.0
10122.0 1659.0
10130.0 1656.0
10131.0 1654.0
10142.0 1652.0
10152.0 1649.0
10160.0 1646.0
10161.0 1644.0
10167.0 1638.0
10175.0 1631.0
10182.0 1627.0
10190.0 1620.0
10201.0 1618.0
10208.0 1617.0
10209.0 1613.0
10216.0 1609.0
10222.0 1605.0
10226.0 1603.0
10230.0 1598.0
10238.0 1597.0
10242.0 1591.0
10249.0 1587.0
10256.0 1584.0
10259.0 1582.0
10263.0 1577.0
10271.0 1575.0
10275.0 1570.0
10297.0 1569.0
10300.0 1568.0
10301.0 1564.0
10309.0 1559.0
10320.0 1556.0
10332.0 1555.0
10336.0 1553.0
10343.0 1551.0
10347.0 1549.0
10350.0 1547.0
10358.0 1546.0
10361.0 1544.0
10365.0 1541.0
10370.0 1534.0
10378.0 1532.0
10381.0 1531.0
10393.0 1530.0
10395.0 1529.0
10396.0 1527.0
10401.0 1525.0
10403.0 1521.0
10407.0 1516.0
10425.0 1511.0
10439.0 1503.0
10457.0 1498.0
10471.0 1495.0
10477.0 1494.0
10480.0 1490.0
10495.0 1489.0
10506.0 1485.0
10509.0 1484.0
10518.0 1481.0
10527.0 1479.0
10530.0 1478.0
10541.0 1476.0
10550.0 1471.0
10612.0 1470.0
10627.0 1469.0
10630.0 1468.0
10635.0 1465.0
10641.0 1461.0
10652.0 1460.0
10663.0 1456.0
10687.0 1452.0
10711.0 1449.0
10735.0 1447.0
10771.0 1445.0
