12912.0 3433.0
12914.0 3431.0
12915.0 3422.0
12917.0 3420.0
12918.0 3407.0
12920.0 3405.0
12921.0 3396.0
12923.0 3394.0
12927.0 3376.0
12929.0 3287.0
12939.0 3269.0
12945.0 3265.0
12953.0 3257.0
12955.0 3247.0
12965.0 3243.0
12967.0 3234.0
12968.0 3217.0
12974.0 3215.0
12976.0 3209.0
12978.0 3201.0
12984.0 3192.0
12990.0 3190.0
12992.0 3187.0
12996.0 3186.0
12997.0 3178.0
13005.0 3152.0
13009.0 3129.0
13015.0 3114.0
13021.0 3104.0
13031.0 3100.0
13033.0 3096.0
13039.0 3093.0
13040.0 3091.0
13043.0 3090.0
13046.0 3081.0
13049.0 3080.0
13054.0 3079.0
13055.0 3072.0
13063.0 3070.0
13067.0 3064.0
13072.0 3059.0
13079.0 3057.0
13081.0 3050.0
13085.0 3049.0
13091.0 3048.0
13093.0 3046.0
13097.0 3045.0
13098.0 3042.0
13099.0 3035.0
13104.0 3032.0
13110.0 3026.0
13122.0 3021.0
13123.0 3016.0
13128.0 3015.0
13129.0 3009.0
13142.0 3008.0
13147.0 2998.0
13148.0 2993.0
13162.0 2992.0
13166.0 2991.0
13167.0 2990.0
13169.0 2985.0
13173.0 2984.0
13182.0 2980.0
13187.0 2974.0
13188.0 2969.0
13192.0 2967.0
13206.0 2961.0
13207.0 2957.0
13221.0 2951.0
13228.0 2947.0
13232.0 2943.0
13243.0 2938.0
13244.0 2935.0
13247.0 2933.0
13252.0 2932.0
13258.0 2929.0
13260.0 2928.0
13261.0 2927.0
13263.0 2923.0
13264.0 2919.0
13265.0 2918.0
13271.0 2917.0
13272.0 2916.0
13274.0 2912.0
13275.0 2909.0
13282.0 2906.0
13283.0 2905.0
13286.0 2899.0
13287.0 2896.0
13288.0 2895.0
13293.0 2889.0
13295.0 2888.0
13298.0 2886.0
13299.0 2883.0
13300.0 2882.0
13305.0 2881.0
13307.0 2875.0
13313.0 2874.0
13314.0 2871.0
13316.0 2870.0
13317.0 2867.0
13319.0 2865.0
13320.0 2862.0
13327.0 2859.0
13328.0 2857.0
13329.0 2854.0
13331.0 2852.0
13332.0 2849.0
13333.0 2848.0
13339.0 2845.0
13340.0 2841.0
13348.0 2839.0
13355.0 2836.0
13359.0 2833.0
13365.0 2828.0
13366.0 2826.0
13372.0 2822.0
13376.0 2821.0
13378.0 2819.0
13382.0 2818.0
13384.0 2814.0
13387.0 2811.0
13391.0 2808.0
13397.0 2803.0
13405.0 2801.0
13415.0 2799.0
13418.0 2798.0
13419.0 2796.0
13424.0 2793.0
13425.0 2791.0
13431.0 2790.0
13433.0 2789.0
13436.0 2787.0
13440.0 2783.0
13441.0 2782.0
13444.0 2776.0
13450.0 2774.0
13451.0 2773.0
13453.0 2772.0
13454.0 2767.0
13456.0 2766.0
13463.0 2763.0
13465.0 2761.0
13466.0 2757.0
13476.0 2753.0
13477.0 2751.0
13480.0 2749.0
13488.0 2748.0
13489.0 2746.0
13490.0 2740.0
13500.0 2736.0
13502.0 2735.0
13512.0 2731.0
13516.0 2730.0
13524.0 2729.0
13526.0 2726.0
13534.0 2723.0
13543.0 2722.0
13544.0 2719.0
13552.0 2718.0
13557.0 2712.0
13567.0 2708.0
13575.0 2707.0
13585.0 2703.0
13595.0 2699.0
13603.0 2698.0
13611.0 2696.0
13613.0 2694.0
13616.0 2693.0
13621.0 2692.0
13622.0 2688.0
13639.0 2687.0
13640.0 2683.0
13644.0 2680.0
13654.0 2676.0
13662.0 2675.0
13663.0 2673.0
13672.0 2671.0
13673.0 2669.0
13681.0 2668.0
13683.0 2665.0
13691.0 2664.0
13693.0 2661.0
13701.0 2660.0
13703.0 2657.0
13711.0 2656.0
13719.0 2655.0
13721.0 2652.0
13735.0 2650.0
13737.0 2649.0
13745.0 2648.0
13747.0 2645.0
13755.0 2644.0
13757.0 2641.0
13765.0 2640.0
13773.0 2639.0
13775.0 2636.0
13789.0 2634.0
13797.0 2633.0
13807.0 2629.0
13827.0 2627.0
13848.0 2625.0
13857.0 2624.0
13877.0 2622.0
13898.0 2620.0
13915.0 2615.0
13927.0 2613.0
13928.0 2612.0
13940.0 2611.0
13941.0 2606.0
13953.0 2604.0
13954.0 2603.0
13967.0 2599.0
14004.0 2595.0
14022.0 2594.0
14028.0 2592.0
14035.0 2590.0
14046.0 2588.0
14065.0 2586.0
14077.0 2585.0
14082.0 2584.0
14084.0 2583.0
14090.0 2581.0
14097.0 2579.0
14108.0 2577.0
14127.0 2575.0
14145.0 2573.0
14164.0 2571.0
