9983.0 2004.0
9984.0 1831.0
9987.0 1827.0
9989.0 1825.0
9991.0 1794.0
10002.0 1775.0
10008.0 1751.0
10013.0 1748.0
10016.0 1742.0
10021.0 1734.0
10024.0 1733.0
10026.0 1731.0
10029.0 1725.0
10032.0 1724.0
10034.0 1722.0
10036.0 1720.0
10037.0 1716.0
10038.0 1714.0
10045.0 1707.0
10050.0 1704.0
10051.0 1701.0
10053.0 1698.0
10058.0 1695.0
10063.0 1694.0
10069.0 1691.0
10071.0 1689.0
10074.0 1685.0
10077.0 1683.0
10079.0 1682.0
10081.0 1680.0
10082.0 1677.0
10084.0 1674.0
10087.0 1668.0
10092.0 1665.0
10101.0 1664.0
10104.0 1663.0
10105.0 1662.0
10106.0 1661.0
10107.0 1657.0
10112.0 1654.0
10122.0 1647.0
10128.0 1646.0
10131.0 1642.0
10138.0 1641.0
10142.0 1636.0
10151.0 1631.0
10158.0 1630.0
10168.0 1627.0
10176.0 1626.0
10180.0 1622.0
10189.0 1621.0
10191.0 1619.0
10196.0 1615.0
10208.0 1614.0
10215.0 1612.0
10218.0 1607.0
10227.0 1605.0
10230.0 1601.0
10235.0 1600.0
10236.0 1598.0
10240.0 1597.0
10241.0 1587.0
10247.0 1585.0
10250.0 1579.0
10254.0 1577.0
10259.0 1573.0
10260.0 1570.0
10264.0 1567.0
10270.0 1565.0
10272.0 1564.0
10273.0 1559.0
10277.0 1557.0
10282.0 1553.0
10283.0 1550.0
10289.0 1548.0
10294.0 1547.0
10295.0 1544.0
10299.0 1542.0
10305.0 1540.0
10311.0 1539.0
10315.0 1537.0
10321.0 1535.0
10329.0 1534.0
10333.0 1532.0
10336.0 1531.0
10344.0 1530.0
10345.0 1526.0
10349.0 1524.0
10352.0 1518.0
10353.0 1515.0
10367.0 1514.0
10368.0 1513.0
10369.0 1510.0
10371.0 1509.0
10372.0 1506.0
10386.0 1505.0
10387.0 1504.0
10388.0 1501.0
10396.0 1500.0
10397.0 1499.0
10403.0 1498.0
10416.0 1490.0
10422.0 1489.0
10453.0 1486.0
10460.0 1480.0
10474.0 1477.0
10475.0 1476.0
10493.0 1475.0
10494.0 1467.0
10530.0 1462.0
10541.0 1459.0
10565.0 1458.0
10595.0 1457.0
10602.0 1455.0
10613.0 1454.0
10623.0 1451.0
10632.0 1448.0
10637.0 1446.0
10642.0 1442.0
