19368.0 6125.0
19370.0 6104.0
19372.0 6097.0
19378.0 6069.0
19380.0 6048.0
19382.0 6041.0
19385.0 6024.0
19387.0 6017.0
19389.0 6009.0
19393.0 6004.0
19394.0 6000.0
19396.0 5993.0
19397.0 5992.0
19401.0 5987.0
19402.0 5985.0
19403.0 5974.0
19405.0 5967.0
19408.0 5950.0
19410.0 5943.0
19412.0 5935.0
19415.0 5928.0
19417.0 5921.0
19419.0 5913.0
19423.0 5908.0
19424.0 5904.0
19426.0 5897.0
19427.0 5896.0
19429.0 5894.0
19431.0 5891.0
19432.0 5884.0
19434.0 5883.0
19435.0 5874.0
19436.0 5872.0
19439.0 5852.0
19443.0 5840.0
19451.0 5830.0
19455.0 5818.0
19464.0 5798.0
19468.0 5786.0
19478.0 5782.0
19480.0 5778.0
19481.0 5775.0
19484.0 5766.0
19493.0 5761.0
19496.0 5757.0
19498.0 5748.0
19500.0 5745.0
19502.0 5736.0
19507.0 5733.0
19510.0 5720.0
19514.0 5708.0
19517.0 5705.0
19518.0 5699.0
19521.0 5693.0
19528.0 5687.0
19530.0 5681.0
19533.0 5676.0
19534.0 5672.0
19536.0 5643.0
19537.0 5630.0
19539.0 5629.0
19541.0 5619.0
19545.0 5617.0
19546.0 5599.0
19547.0 5586.0
19549.0 5585.0
19551.0 5575.0
19555.0 5573.0
19557.0 5564.0
19561.0 5561.0
19562.0 5543.0
19566.0 5538.0
19570.0 5536.0
19573.0 5529.0
19575.0 5526.0
19576.0 5524.0
19579.0 5517.0
19583.0 5512.0
19584.0 5500.0
19588.0 5498.0
19591.0 5491.0
19597.0 5489.0
19600.0 5488.0
19601.0 5485.0
19603.0 5483.0
19604.0 5474.0
19608.0 5472.0
19611.0 5465.0
19617.0 5463.0
19620.0 5462.0
19621.0 5459.0
19623.0 5454.0
19625.0 5453.0
19628.0 5450.0
19630.0 5448.0
19632.0 5446.0
19635.0 5437.0
19642.0 5431.0
19644.0 5426.0
19651.0 5423.0
19652.0 5422.0
19653.0 5420.0
19654.0 5414.0
19661.0 5413.0
19663.0 5408.0
19667.0 5404.0
19669.0 5397.0
19677.0 5394.0
19679.0 5391.0
19681.0 5386.0
19685.0 5379.0
19692.0 5376.0
19693.0 5372.0
19695.0 5368.0
19697.0 5363.0
19705.0 5361.0
19706.0 5358.0
19708.0 5353.0
19711.0 5350.0
19713.0 5345.0
19719.0 5343.0
19721.0 5338.0
19724.0 5335.0
19729.0 5334.0
19730.0 5333.0
19731.0 5329.0
19732.0 5328.0
19739.0 5324.0
19742.0 5319.0
19746.0 5310.0
19750.0 5308.0
19753.0 5303.0
19754.0 5301.0
19757.0 5300.0
19758.0 5299.0
19761.0 5294.0
19764.0 5293.0
19765.0 5291.0
19769.0 5289.0
19771.0 5284.0
19772.0 5281.0
19776.0 5278.0
19779.0 5275.0
19780.0 5270.0
19784.0 5269.0
19787.0 5268.0
19788.0 5261.0
19791.0 5260.0
19795.0 5259.0
19797.0 5257.0
19798.0 5253.0
19799.0 5251.0
19805.0 5249.0
19807.0 5247.0
19808.0 5242.0
19811.0 5241.0
19813.0 5240.0
19817.0 5238.0
19818.0 5234.0
19819.0 5232.0
19828.0 5227.0
19829.0 5224.0
19835.0 5220.0
19836.0 5218.0
19839.0 5217.0
19840.0 5215.0
19843.0 5211.0
19846.0 5210.0
19847.0 5208.0
19850.0 5207.0
19851.0 5204.0
19853.0 5203.0
19854.0 5201.0
19857.0 5200.0
19859.0 5199.0
19860.0 5194.0
19864.0 5193.0
19865.0 5192.0
19867.0 5190.0
19868.0 5185.0
19871.0 5184.0
19873.0 5183.0
19877.0 5181.0
19878.0 5177.0
19879.0 5175.0
19885.0 5174.0
19888.0 5172.0
19889.0 5167.0
19896.0 5165.0
19897.0 5163.0
19900.0 5160.0
19901.0 5157.0
19904.0 5156.0
19905.0 5155.0
19908.0 5150.0
19909.0 5149.0
19914.0 5148.0
19917.0 5147.0
19918.0 5142.0
19926.0 5140.0
19927.0 5139.0
19931.0 5135.0
19933.0 5133.0
19938.0 5129.0
19939.0 5128.0
19943.0 5127.0
19945.0 5126.0
19946.0 5122.0
19947.0 5121.0
19952.0 5120.0
19955.0 5119.0
19956.0 5114.0
19963.0 5112.0
19967.0 5111.0
19968.0 5110.0
19969.0 5107.0
19971.0 5105.0
19976.0 5101.0
19977.0 5100.0
19982.0 5099.0
19983.0 5098.0
19986.0 5093.0
19994.0 5091.0
19997.0 5090.0
19998.0 5089.0
19999.0 5086.0
20001.0 5084.0
20006.0 5082.0
20007.0 5081.0
20011.0 5075.0
20016.0 5072.0
20023.0 5069.0
20026.0 5064.0
20030.0 5062.0
20032.0 5060.0
20037.0 5057.0
20038.0 5055.0
20043.0 5052.0
20047.0 5049.0
20050.0 5046.0
20053.0 5044.0
20055.0 5038.0
20060.0 5035.0
20068.0 5034.0
20070.0 5027.0
20074.0 5025.0
20080.0 5024.0
20082.0 5023.0
20084.0 5022.0
20086.0 5021.0
20090.0 5019.0
20091.0 5018.0
20092.0 5015.0
20094.0 5009.0
20098.0 5007.0
20104.0 5006.0
20107.0 5005.0
20108.0 5004.0
20111.0 5003.0
20117.0 5000.0
20118.0 4997.0
20122.0 4995.0
20125.0 4992.0
20129.0 4990.0
20135.0 4989.0
20139.0 4987.0
20146.0 4984.0
20148.0 4983.0
20149.0 4980.0
20153.0 4978.0
20157.0 4977.0
20158.0 4975.0
20167.0 4974.0
20168.0 4972.0
20171.0 4971.0
20176.0 4970.0
20177.0 4967.0
20181.0 4965.0
20186.0 4962.0
20189.0 4958.0
20199.0 4955.0
20209.0 4953.0
20212.0 4949.0
20217.0 4945.0
20227.0 4942.0
20237.0 4940.0
20240.0 4936.0
20250.0 4932.0
20255.0 4930.0
20260.0 4929.0
20265.0 4927.0
20275.0 4924.0
20278.0 4921.0
20288.0 4917.0
20298.0 4914.0
20315.0 4912.0
20321.0 4911.0
20325.0 4909.0
20328.0 4907.0
20337.0 4906.0
20338.0 4904.0
20348.0 4902.0
20356.0 4900.0
20360.0 4897.0
20370.0 4896.0
20372.0 4894.0
20374.0 4893.0
20378.0 4892.0
20382.0 4890.0
20385.0 4889.0
20386.0 4887.0
20397.0 4886.0
20399.0 4885.0
20403.0 4884.0
20406.0 4883.0
20407.0 4882.0
20411.0 4879.0
20417.0 4878.0
20418.0 4877.0
20421.0 4875.0
20431.0 4874.0
20433.0 4872.0
20435.0 4871.0
20439.0 4870.0
20443.0 4868.0
20447.0 4865.0
20466.0 4863.0
20469.0 4862.0
20475.0 4859.0
20494.0 4857.0
20511.0 4856.0
20514.0 4855.0
20529.0 4853.0
20544.0 4848.0
20558.0 4841.0
20577.0 4839.0
20621.0 4837.0
20649.0 4833.0
20668.0 4831.0
20712.0 4829.0
20801.0 4826.0
20813.0 4825.0
20818.0 4821.0
20827.0 4820.0
20836.0 4818.0
20839.0 4816.0
20844.0 4815.0
20856.0 4814.0
20857.0 4813.0
20861.0 4812.0
20864.0 4811.0
20865.0 4810.0
20877.0 4809.0
20878.0 4807.0
20881.0 4806.0
20887.0 4804.0
20899.0 4802.0
20903.0 4800.0
20905.0 4798.0
20914.0 4797.0
20920.0 4791.0
20926.0 4789.0
20939.0 4788.0
20942.0 4785.0
20944.0 4783.0
20953.0 4782.0
20956.0 4781.0
20959.0 4780.0
20962.0 4779.0
20971.0 4777.0
20975.0 4776.0
20977.0 4774.0
20978.0 4773.0
20981.0 4772.0
20984.0 4771.0
20987.0 4770.0
20990.0 4769.0
20995.0 4766.0
21001.0 4764.0
21010.0 4762.0
21016.0 4760.0
21019.0 4758.0
21020.0 4757.0
21025.0 4756.0
21026.0 4755.0
21029.0 4754.0
21034.0 4753.0
21035.0 4752.0
21041.0 4749.0
21047.0 4747.0
21051.0 4743.0
21057.0 4741.0
21067.0 4740.0
21070.0 4739.0
21073.0 4737.0
21075.0 4735.0
21080.0 4734.0
21082.0 4733.0
21086.0 4729.0
21090.0 4728.0
21092.0 4727.0
21096.0 4726.0
21097.0 4723.0
21103.0 4721.0
21112.0 4720.0
21119.0 4717.0
21121.0 4715.0
21125.0 4714.0
21131.0 4712.0
21136.0 4708.0
21142.0 4706.0
21151.0 4705.0
21158.0 4702.0
21160.0 4700.0
21169.0 4699.0
21191.0 4697.0
21201.0 4696.0
21203.0 4694.0
21230.0 4693.0
21232.0 4690.0
21238.0 4688.0
21247.0 4687.0
21254.0 4684.0
21263.0 4683.0
21276.0 4681.0
21282.0 4679.0
21291.0 4678.0
21298.0 4675.0
21307.0 4674.0
21497.0 4672.0
21502.0 4670.0
21535.0 4669.0
21542.0 4668.0
21551.0 4667.0
21556.0 4665.0
