49.0 1244.0
50.0 1233.0
51.0 1194.0
52.0 1183.0
53.0 1177.0
54.0 1166.0
55.0 1157.0
56.0 1154.0
57.0 1143.0
58.0 1138.0
59.0 1127.0
60.0 1118.0
61.0 1109.0
62.0 1080.0
63.0 1075.0
64.0 1070.0
65.0 1062.0
66.0 1053.0
67.0 1048.0
68.0 1043.0
69.0 1035.0
71.0 1030.0
72.0 1022.0
73.0 1021.0
74.0 1013.0
76.0 1007.0
77.0 1005.0
78.0 1002.0
79.0 999.0
80.0 995.0
81.0 992.0
82.0 987.0
83.0 980.0
85.0 974.0
87.0 970.0
90.0 966.0
92.0 962.0
93.0 961.0
95.0 957.0
98.0 953.0
100.0 949.0
103.0 948.0
104.0 945.0
105.0 944.0
106.0 941.0
110.0 940.0
