5688.0 801.0
5692.0 769.0
5702.0 762.0
5708.0 750.0
5720.0 714.0
5728.0 711.0
5730.0 694.0
5736.0 687.0
5748.0 685.0
5754.0 678.0
5768.0 677.0
5772.0 675.0
5774.0 669.0
5778.0 668.0
5790.0 667.0
5798.0 659.0
5802.0 649.0
5810.0 641.0
5838.0 637.0
5864.0 636.0
5866.0 635.0
5872.0 633.0
5882.0 627.0
5908.0 622.0
5916.0 614.0
5932.0 606.0
5960.0 605.0
5966.0 602.0
5984.0 596.0
5990.0 589.0
6008.0 584.0
6034.0 583.0
6038.0 582.0
6058.0 579.0
6062.0 570.0
6088.0 566.0
6096.0 560.0
6136.0 559.0
6138.0 547.0
6186.0 546.0
6188.0 543.0
6254.0 540.0
6356.0 534.0
6388.0 533.0
6418.0 531.0
6446.0 528.0
6486.0 525.0
6648.0 523.0
