9467.0 713.0
9470.0 692.0
9472.0 661.0
9477.0 642.0
9481.0 628.0
9482.0 612.0
9486.0 609.0
9487.0 604.0
9490.0 595.0
9507.0 594.0
9517.0 586.0
9524.0 584.0
9533.0 579.0
9536.0 570.0
9559.0 568.0
9563.0 561.0
9570.0 558.0
9580.0 557.0
9583.0 554.0
9589.0 550.0
9599.0 544.0
9605.0 537.0
9613.0 536.0
9621.0 534.0
9629.0 533.0
9643.0 527.0
9651.0 526.0
9665.0 524.0
9671.0 520.0
9679.0 519.0
9693.0 517.0
9700.0 516.0
9714.0 512.0
9742.0 505.0
9795.0 504.0
9811.0 502.0
9846.0 501.0
9874.0 499.0
9891.0 498.0
9994.0 495.0
10069.0 494.0
10074.0 488.0
10075.0 485.0
10145.0 482.0
