29764.0 11429.0
29766.0 11408.0
29767.0 11404.0
29769.0 11383.0
29773.0 11370.0
29774.0 11364.0
29775.0 11344.0
29777.0 11330.0
29780.0 11328.0
29781.0 11323.0
29783.0 11309.0
29786.0 11298.0
29789.0 11293.0
29790.0 11291.0
29791.0 11290.0
29792.0 11277.0
29795.0 11275.0
29796.0 11273.0
29797.0 11269.0
29798.0 11261.0
29799.0 11259.0
29800.0 11258.0
29802.0 11257.0
29803.0 11253.0
29804.0 11249.0
29805.0 11241.0
29806.0 11237.0
29809.0 11235.0
29810.0 11233.0
29811.0 11227.0
29812.0 11221.0
29815.0 11219.0
29816.0 11217.0
29818.0 11207.0
29819.0 11201.0
29822.0 11199.0
29825.0 11191.0
29826.0 11185.0
29829.0 11183.0
29830.0 11181.0
29833.0 11179.0
29838.0 11177.0
29839.0 11173.0
29840.0 11167.0
29843.0 11165.0
29844.0 11163.0
29845.0 11161.0
29846.0 11157.0
29848.0 11155.0
29851.0 11145.0
29853.0 11143.0
29855.0 11139.0
29856.0 11138.0
29857.0 11137.0
29859.0 11136.0
29860.0 11130.0
29862.0 11129.0
29863.0 11122.0
29864.0 11116.0
29866.0 11114.0
29869.0 11109.0
29870.0 11106.0
29871.0 11100.0
29873.0 11098.0
29875.0 11096.0
29876.0 11093.0
29880.0 11089.0
29883.0 11088.0
29884.0 11082.0
29886.0 11080.0
29889.0 11075.0
29890.0 11072.0
29891.0 11066.0
29893.0 11064.0
29895.0 11062.0
29896.0 11059.0
29900.0 11055.0
29901.0 11048.0
29905.0 11042.0
29907.0 11040.0
29908.0 11039.0
29910.0 11035.0
29913.0 11029.0
29919.0 11025.0
29920.0 11023.0
29921.0 11018.0
29922.0 11007.0
29934.0 11006.0
29935.0 11003.0
29936.0 10999.0
29937.0 10988.0
29942.0 10986.0
29947.0 10975.0
29954.0 10972.0
29957.0 10967.0
29960.0 10962.0
29963.0 10956.0
29967.0 10954.0
29969.0 10953.0
29971.0 10950.0
29972.0 10939.0
29983.0 10935.0
29985.0 10926.0
29990.0 10925.0
29991.0 10922.0
29992.0 10918.0
29995.0 10916.0
29996.0 10915.0
29997.0 10914.0
30000.0 10906.0
30004.0 10905.0
30005.0 10899.0
30008.0 10898.0
30010.0 10894.0
30013.0 10891.0
30015.0 10887.0
30016.0 10885.0
30020.0 10884.0
30021.0 10878.0
30024.0 10877.0
30027.0 10876.0
30028.0 10874.0
30029.0 10870.0
30033.0 10869.0
30035.0 10866.0
30036.0 10861.0
30040.0 10856.0
30041.0 10854.0
30044.0 10853.0
30045.0 10849.0
30048.0 10848.0
30049.0 10846.0
30050.0 10844.0
30051.0 10842.0
30052.0 10840.0
30056.0 10839.0
30057.0 10833.0
30060.0 10832.0
30063.0 10830.0
30064.0 10829.0
30065.0 10825.0
30068.0 10823.0
30069.0 10822.0
30072.0 10821.0
30073.0 10817.0
30076.0 10815.0
30077.0 10814.0
30079.0 10810.0
30080.0 10808.0
30084.0 10807.0
30085.0 10801.0
30088.0 10800.0
30091.0 10798.0
30093.0 10793.0
30096.0 10791.0
30099.0 10790.0
30101.0 10784.0
30104.0 10783.0
30107.0 10779.0
30109.0 10776.0
30112.0 10775.0
30113.0 10772.0
30115.0 10771.0
30117.0 10768.0
30119.0 10767.0
30121.0 10764.0
30123.0 10761.0
30124.0 10759.0
30128.0 10758.0
30129.0 10752.0
30132.0 10751.0
30135.0 10750.0
30136.0 10747.0
30137.0 10744.0
30141.0 10740.0
30144.0 10739.0
30146.0 10737.0
30147.0 10735.0
30149.0 10732.0
30151.0 10730.0
30154.0 10728.0
30155.0 10727.0
30157.0 10723.0
30159.0 10722.0
30162.0 10720.0
30163.0 10718.0
30165.0 10715.0
30167.0 10714.0
30170.0 10710.0
30172.0 10708.0
30173.0 10707.0
30175.0 10703.0
30178.0 10702.0
30180.0 10698.0
30183.0 10695.0
30185.0 10691.0
30188.0 10690.0
30190.0 10689.0
30192.0 10688.0
30193.0 10683.0
30195.0 10682.0
30198.0 10679.0
30200.0 10676.0
30201.0 10675.0
30203.0 10674.0
30205.0 10673.0
30206.0 10671.0
30208.0 10668.0
30209.0 10667.0
30213.0 10665.0
30214.0 10664.0
30215.0 10661.0
30219.0 10658.0
30221.0 10657.0
30222.0 10656.0
30223.0 10655.0
30224.0 10651.0
30227.0 10650.0
30228.0 10649.0
30230.0 10646.0
30231.0 10645.0
30232.0 10643.0
30237.0 10642.0
30238.0 10640.0
30239.0 10639.0
30240.0 10638.0
30243.0 10635.0
30244.0 10634.0
30247.0 10632.0
30249.0 10628.0
30250.0 10627.0
30254.0 10621.0
30260.0 10619.0
30262.0 10615.0
30268.0 10613.0
30269.0 10604.0
30277.0 10592.0
30279.0 10590.0
30282.0 10587.0
30284.0 10583.0
30287.0 10581.0
30288.0 10578.0
30289.0 10576.0
30298.0 10574.0
30299.0 10572.0
30301.0 10571.0
30302.0 10570.0
30303.0 10567.0
30304.0 10565.0
30307.0 10562.0
30311.0 10557.0
30313.0 10555.0
30314.0 10554.0
30316.0 10550.0
30318.0 10548.0
30320.0 10545.0
30321.0 10543.0
30323.0 10541.0
30325.0 10540.0
30326.0 10533.0
30328.0 10531.0
30332.0 10529.0
30333.0 10527.0
30336.0 10520.0
30345.0 10518.0
30346.0 10516.0
30347.0 10509.0
30354.0 10505.0
30363.0 10504.0
30364.0 10496.0
30367.0 10495.0
30369.0 10490.0
30374.0 10489.0
30379.0 10484.0
30382.0 10482.0
30384.0 10477.0
30389.0 10476.0
30397.0 10474.0
30399.0 10470.0
30400.0 10469.0
30402.0 10467.0
30404.0 10463.0
30405.0 10457.0
30417.0 10453.0
30420.0 10451.0
30423.0 10447.0
30425.0 10445.0
30430.0 10444.0
30440.0 10440.0
30441.0 10437.0
30452.0 10434.0
30457.0 10431.0
30461.0 10427.0
30470.0 10426.0
30471.0 10425.0
30473.0 10423.0
30477.0 10418.0
30479.0 10417.0
30484.0 10416.0
30489.0 10411.0
30493.0 10409.0
30498.0 10408.0
30499.0 10406.0
30501.0 10405.0
30504.0 10402.0
30508.0 10401.0
30510.0 10400.0
30511.0 10398.0
30514.0 10394.0
30519.0 10393.0
30521.0 10390.0
30523.0 10389.0
30527.0 10383.0
30535.0 10382.0
30539.0 10376.0
30545.0 10375.0
30549.0 10371.0
30557.0 10368.0
30561.0 10364.0
30567.0 10363.0
30575.0 10360.0
30578.0 10356.0
30583.0 10355.0
30585.0 10352.0
30591.0 10345.0
30603.0 10338.0
30609.0 10337.0
30613.0 10336.0
30618.0 10334.0
30621.0 10330.0
30625.0 10329.0
30630.0 10327.0
30636.0 10326.0
30640.0 10325.0
30643.0 10322.0
30646.0 10320.0
30648.0 10319.0
30652.0 10318.0
30658.0 10313.0
30664.0 10312.0
30668.0 10311.0
30673.0 10309.0
30676.0 10305.0
30680.0 10304.0
30685.0 10302.0
30691.0 10301.0
30695.0 10300.0
30698.0 10296.0
30703.0 10292.0
30710.0 10289.0
30716.0 10287.0
30718.0 10281.0
30726.0 10280.0
30730.0 10278.0
30733.0 10277.0
30738.0 10275.0
30741.0 10269.0
30749.0 10268.0
30750.0 10263.0
30761.0 10262.0
30762.0 10261.0
30764.0 10257.0
30772.0 10256.0
30773.0 10251.0
30784.0 10250.0
30787.0 10245.0
30794.0 10244.0
30797.0 10242.0
30798.0 10241.0
30801.0 10240.0
30804.0 10238.0
30806.0 10236.0
30809.0 10234.0
30811.0 10233.0
30812.0 10231.0
30813.0 10230.0
30816.0 10227.0
30819.0 10223.0
30822.0 10219.0
30827.0 10218.0
30828.0 10217.0
30831.0 10216.0
30832.0 10213.0
30833.0 10212.0
30835.0 10211.0
30838.0 10210.0
30839.0 10207.0
30840.0 10206.0
30845.0 10199.0
30851.0 10197.0
30853.0 10194.0
30856.0 10192.0
30860.0 10189.0
30862.0 10188.0
30863.0 10187.0
30864.0 10186.0
30866.0 10181.0
30872.0 10180.0
30874.0 10176.0
30877.0 10174.0
30881.0 10172.0
30884.0 10170.0
30885.0 10168.0
30887.0 10164.0
30893.0 10163.0
30896.0 10161.0
30898.0 10157.0
30904.0 10155.0
30906.0 10151.0
30912.0 10149.0
30915.0 10148.0
30917.0 10144.0
30923.0 10142.0
30925.0 10138.0
30931.0 10136.0
30933.0 10135.0
30936.0 10131.0
30943.0 10130.0
30944.0 10126.0
30949.0 10125.0
30950.0 10123.0
30952.0 10122.0
30955.0 10119.0
30960.0 10118.0
30963.0 10115.0
30968.0 10112.0
30969.0 10111.0
30976.0 10108.0
30977.0 10107.0
30979.0 10105.0
30982.0 10104.0
30985.0 10103.0
30987.0 10101.0
30988.0 10098.0
30992.0 10094.0
30997.0 10091.0
31000.0 10090.0
31005.0 10087.0
31011.0 10081.0
31016.0 10078.0
31019.0 10077.0
31024.0 10074.0
31029.0 10073.0
31032.0 10071.0
31033.0 10069.0
31035.0 10067.0
31040.0 10064.0
31043.0 10063.0
31047.0 10062.0
31048.0 10060.0
31052.0 10059.0
31055.0 10058.0
31057.0 10055.0
31061.0 10053.0
31065.0 10051.0
31066.0 10050.0
31071.0 10048.0
31076.0 10045.0
31079.0 10044.0
31081.0 10041.0
31089.0 10039.0
31093.0 10036.0
31097.0 10034.0
31101.0 10032.0
31102.0 10031.0
31108.0 10028.0
31112.0 10024.0
31117.0 10021.0
31120.0 10020.0
31125.0 10017.0
31131.0 10011.0
31136.0 10008.0
31139.0 10007.0
31144.0 10004.0
31148.0 10001.0
31153.0 9999.0
31155.0 9997.0
31156.0 9991.0
31168.0 9990.0
31172.0 9985.0
31177.0 9979.0
31179.0 9974.0
31188.0 9968.0
31201.0 9967.0
31202.0 9966.0
31204.0 9963.0
31209.0 9956.0
31221.0 9949.0
31225.0 9947.0
31229.0 9944.0
31235.0 9942.0
31240.0 9941.0
31241.0 9934.0
31246.0 9933.0
31255.0 9931.0
31256.0 9928.0
31262.0 9924.0
31263.0 9922.0
31272.0 9921.0
31273.0 9916.0
31278.0 9913.0
31284.0 9912.0
31287.0 9911.0
31289.0 9909.0
31298.0 9906.0
31299.0 9903.0
31304.0 9899.0
31309.0 9896.0
31323.0 9893.0
31325.0 9889.0
31330.0 9886.0
31338.0 9883.0
31347.0 9882.0
31350.0 9880.0
31352.0 9879.0
31356.0 9877.0
31359.0 9873.0
31367.0 9870.0
31374.0 9869.0
31377.0 9864.0
31382.0 9860.0
31387.0 9857.0
31398.0 9854.0
31403.0 9850.0
31408.0 9847.0
31413.0 9844.0
31424.0 9841.0
31429.0 9837.0
31434.0 9834.0
31443.0 9831.0
31447.0 9830.0
31452.0 9827.0
31459.0 9826.0
31466.0 9821.0
31471.0 9818.0
31473.0 9817.0
31478.0 9814.0
31488.0 9808.0
31493.0 9805.0
31499.0 9804.0
31505.0 9802.0
31508.0 9801.0
31512.0 9799.0
31514.0 9795.0
31519.0 9792.0
31525.0 9791.0
31531.0 9789.0
31537.0 9787.0
31538.0 9786.0
31549.0 9779.0
31568.0 9773.0
31577.0 9772.0
31581.0 9770.0
31586.0 9769.0
31592.0 9768.0
31598.0 9766.0
31600.0 9764.0
31605.0 9763.0
31616.0 9756.0
31622.0 9755.0
31635.0 9750.0
31644.0 9749.0
31651.0 9745.0
31663.0 9743.0
31674.0 9741.0
31679.0 9738.0
31693.0 9735.0
31705.0 9734.0
31709.0 9730.0
31724.0 9728.0
31732.0 9726.0
31740.0 9723.0
31758.0 9722.0
31759.0 9719.0
31782.0 9718.0
31784.0 9714.0
31795.0 9710.0
31797.0 9709.0
31804.0 9708.0
31809.0 9705.0
31817.0 9704.0
31819.0 9700.0
31847.0 9699.0
31852.0 9698.0
31859.0 9696.0
31949.0 9692.0
31977.0 9691.0
31980.0 9690.0
31989.0 9688.0
32017.0 9687.0
32020.0 9686.0
32050.0 9685.0
32078.0 9684.0
32081.0 9683.0
32114.0 9679.0
32128.0 9678.0
32135.0 9677.0
32136.0 9675.0
32138.0 9674.0
32142.0 9673.0
32145.0 9672.0
32146.0 9670.0
32153.0 9668.0
32171.0 9667.0
32173.0 9666.0
32174.0 9664.0
32180.0 9663.0
32181.0 9662.0
32187.0 9661.0
32188.0 9659.0
32195.0 9657.0
32213.0 9656.0
32215.0 9655.0
32216.0 9653.0
32223.0 9651.0
32250.0 9648.0
32257.0 9646.0
32280.0 9644.0
32287.0 9642.0
32307.0 9641.0
32313.0 9640.0
32322.0 9639.0
32330.0 9635.0
32350.0 9634.0
32455.0 9630.0
32473.0 9629.0
32490.0 9626.0
32508.0 9625.0
32528.0 9624.0
