713.0 1157.0
714.0 1131.0
715.0 1112.0
716.0 1105.0
717.0 1092.0
718.0 1074.0
719.0 1069.0
720.0 1037.0
721.0 1024.0
723.0 1010.0
724.0 1006.0
725.0 993.0
727.0 979.0
728.0 976.0
729.0 969.0
730.0 962.0
731.0 958.0
732.0 957.0
733.0 944.0
734.0 943.0
735.0 941.0
736.0 930.0
738.0 919.0
739.0 913.0
740.0 910.0
741.0 902.0
742.0 895.0
743.0 891.0
744.0 884.0
745.0 878.0
746.0 875.0
747.0 869.0
748.0 865.0
749.0 860.0
750.0 856.0
751.0 855.0
752.0 851.0
753.0 848.0
754.0 843.0
755.0 839.0
756.0 837.0
757.0 833.0
758.0 829.0
759.0 826.0
760.0 822.0
761.0 819.0
762.0 814.0
764.0 812.0
766.0 807.0
768.0 805.0
769.0 801.0
771.0 794.0
774.0 791.0
775.0 787.0
776.0 784.0
785.0 777.0
