411.0 1429.0
413.0 1414.0
414.0 1371.0
415.0 1232.0
416.0 1231.0
417.0 1224.0
418.0 1219.0
419.0 1216.0
420.0 1207.0
421.0 1204.0
422.0 1189.0
423.0 1186.0
424.0 1181.0
425.0 1172.0
427.0 1169.0
428.0 1163.0
430.0 1160.0
432.0 1157.0
434.0 1151.0
435.0 1149.0
436.0 1138.0
438.0 1131.0
440.0 1125.0
441.0 1123.0
442.0 1118.0
443.0 1116.0
445.0 1112.0
446.0 1109.0
447.0 1106.0
448.0 1096.0
449.0 1095.0
450.0 1091.0
451.0 1086.0
454.0 1077.0
456.0 1074.0
457.0 1072.0
458.0 1067.0
460.0 1063.0
461.0 1062.0
462.0 1059.0
463.0 1057.0
464.0 1053.0
467.0 1048.0
468.0 1044.0
471.0 1041.0
474.0 1040.0
475.0 1038.0
478.0 1036.0
480.0 1035.0
481.0 1033.0
483.0 1030.0
486.0 1028.0
487.0 1022.0
488.0 1020.0
489.0 1018.0
491.0 1017.0
493.0 1010.0
495.0 1008.0
497.0 1006.0
499.0 1003.0
501.0 996.0
503.0 995.0
505.0 990.0
507.0 989.0
511.0 986.0
513.0 981.0
515.0 980.0
517.0 979.0
518.0 977.0
519.0 975.0
524.0 971.0
