195.0 1279.0
196.0 1252.0
197.0 1221.0
198.0 1205.0
199.0 1197.0
200.0 1188.0
201.0 1184.0
202.0 1175.0
205.0 1168.0
206.0 1151.0
207.0 1148.0
208.0 1145.0
209.0 1137.0
210.0 1131.0
211.0 1125.0
212.0 1121.0
213.0 1117.0
214.0 1111.0
216.0 1103.0
218.0 1100.0
219.0 1091.0
223.0 1088.0
225.0 1087.0
226.0 1082.0
227.0 1077.0
229.0 1074.0
230.0 1067.0
232.0 1062.0
234.0 1057.0
235.0 1050.0
237.0 1045.0
239.0 1042.0
240.0 1035.0
242.0 1028.0
244.0 1027.0
245.0 1026.0
246.0 1020.0
248.0 1018.0
249.0 1016.0
251.0 1014.0
252.0 1009.0
255.0 1008.0
256.0 1006.0
258.0 1002.0
261.0 1001.0
262.0 996.0
265.0 995.0
277.0 993.0
278.0 988.0
281.0 987.0
284.0 984.0
286.0 980.0
289.0 979.0
290.0 975.0
293.0 973.0
297.0 970.0
302.0 968.0
303.0 967.0
305.0 966.0
307.0 965.0
308.0 963.0
309.0 960.0
310.0 958.0
312.0 957.0
315.0 955.0
316.0 953.0
322.0 951.0
323.0 949.0
