9480.0 650.0
9481.0 628.0
9482.0 612.0
9486.0 609.0
9487.0 604.0
9490.0 595.0
9507.0 594.0
9516.0 593.0
9517.0 586.0
9520.0 585.0
9524.0 584.0
9528.0 583.0
9530.0 578.0
9540.0 574.0
9544.0 570.0
9551.0 568.0
9554.0 566.0
9561.0 564.0
9564.0 562.0
9565.0 560.0
9570.0 558.0
9575.0 556.0
9583.0 554.0
9589.0 550.0
9597.0 549.0
9599.0 544.0
9605.0 537.0
9613.0 536.0
9621.0 534.0
9629.0 533.0
9643.0 527.0
9651.0 526.0
9665.0 524.0
9671.0 520.0
9679.0 519.0
9693.0 517.0
9700.0 516.0
9714.0 512.0
9742.0 505.0
9795.0 504.0
9798.0 503.0
9825.0 498.0
9896.0 497.0
