12944.0 3477.0
12946.0 3306.0
12954.0 3302.0
12955.0 3285.0
12956.0 3279.0
12964.0 3274.0
12965.0 3258.0
12975.0 3243.0
12987.0 3234.0
12988.0 3232.0
12991.0 3226.0
12995.0 3224.0
12997.0 3215.0
13000.0 3209.0
13003.0 3208.0
13005.0 3202.0
13009.0 3196.0
13012.0 3194.0
13013.0 3184.0
13019.0 3182.0
13020.0 3180.0
13021.0 3178.0
13023.0 3172.0
13027.0 3169.0
13030.0 3164.0
13031.0 3154.0
13037.0 3152.0
13038.0 3150.0
13041.0 3145.0
13047.0 3143.0
13048.0 3139.0
13053.0 3138.0
13054.0 3136.0
13058.0 3128.0
13060.0 3123.0
13061.0 3120.0
13064.0 3119.0
13067.0 3116.0
13070.0 3114.0
13071.0 3111.0
13076.0 3107.0
13078.0 3105.0
13083.0 3103.0
13085.0 3100.0
13086.0 3098.0
13087.0 3097.0
13088.0 3094.0
13091.0 3092.0
13092.0 3089.0
13093.0 3086.0
13094.0 3085.0
13097.0 3082.0
13103.0 3081.0
13105.0 3079.0
13106.0 3077.0
13107.0 3075.0
13108.0 3073.0
13109.0 3072.0
13112.0 3069.0
13117.0 3066.0
13119.0 3065.0
13121.0 3064.0
13122.0 3062.0
13124.0 3059.0
13125.0 3058.0
13128.0 3055.0
13131.0 3053.0
13132.0 3052.0
13135.0 3049.0
13138.0 3048.0
13140.0 3047.0
13141.0 3045.0
13144.0 3044.0
13145.0 3042.0
13146.0 3041.0
13148.0 3039.0
13152.0 3036.0
13154.0 3024.0
13160.0 3022.0
13161.0 3020.0
13163.0 3019.0
13167.0 3018.0
13170.0 3015.0
13177.0 3009.0
13181.0 3008.0
13183.0 3006.0
13184.0 3005.0
13186.0 3001.0
13193.0 2995.0
13199.0 2993.0
13200.0 2991.0
13202.0 2990.0
13204.0 2989.0
13205.0 2985.0
13207.0 2984.0
13211.0 2983.0
13212.0 2981.0
13215.0 2979.0
13216.0 2976.0
13218.0 2974.0
13220.0 2971.0
13221.0 2969.0
13224.0 2968.0
13225.0 2963.0
13227.0 2961.0
13230.0 2956.0
13234.0 2955.0
13245.0 2951.0
13248.0 2949.0
13249.0 2946.0
13251.0 2944.0
13253.0 2942.0
13254.0 2939.0
13258.0 2938.0
13262.0 2937.0
13263.0 2935.0
13265.0 2934.0
13267.0 2929.0
13269.0 2927.0
13272.0 2922.0
13276.0 2921.0
13286.0 2915.0
13290.0 2914.0
13292.0 2913.0
13293.0 2911.0
13295.0 2908.0
13297.0 2906.0
13298.0 2904.0
13302.0 2903.0
13306.0 2902.0
13307.0 2900.0
13311.0 2899.0
13316.0 2898.0
13318.0 2897.0
13319.0 2895.0
13320.0 2892.0
13323.0 2890.0
13324.0 2888.0
13328.0 2887.0
13330.0 2885.0
13333.0 2880.0
13335.0 2878.0
13337.0 2876.0
13338.0 2875.0
13339.0 2873.0
13348.0 2872.0
13352.0 2871.0
13353.0 2869.0
13354.0 2865.0
13358.0 2860.0
13362.0 2858.0
13365.0 2855.0
13366.0 2853.0
13370.0 2850.0
13371.0 2848.0
13374.0 2845.0
13375.0 2843.0
13384.0 2842.0
13385.0 2840.0
13391.0 2838.0
13396.0 2835.0
13397.0 2830.0
13398.0 2828.0
13401.0 2825.0
13402.0 2823.0
13411.0 2822.0
13419.0 2820.0
13420.0 2818.0
13423.0 2815.0
13424.0 2813.0
13433.0 2812.0
13436.0 2810.0
13439.0 2808.0
13442.0 2805.0
13443.0 2803.0
13452.0 2802.0
13453.0 2800.0
13456.0 2798.0
13457.0 2795.0
13464.0 2792.0
13467.0 2790.0
13470.0 2787.0
13471.0 2785.0
13477.0 2783.0
13481.0 2782.0
13484.0 2780.0
13485.0 2777.0
13491.0 2775.0
13495.0 2770.0
13502.0 2767.0
13505.0 2765.0
13509.0 2763.0
13511.0 2762.0
13516.0 2760.0
13518.0 2759.0
13519.0 2757.0
13523.0 2752.0
13533.0 2750.0
13535.0 2747.0
13537.0 2745.0
13539.0 2744.0
13545.0 2742.0
13551.0 2737.0
13556.0 2736.0
13558.0 2734.0
13563.0 2729.0
13572.0 2728.0
13573.0 2726.0
13575.0 2724.0
13577.0 2721.0
13579.0 2719.0
13584.0 2718.0
13595.0 2717.0
13596.0 2713.0
13600.0 2710.0
13601.0 2708.0
13605.0 2703.0
13616.0 2702.0
13623.0 2701.0
13630.0 2699.0
13641.0 2698.0
13648.0 2697.0
13659.0 2696.0
13662.0 2692.0
13663.0 2690.0
13672.0 2689.0
13674.0 2687.0
13676.0 2686.0
13678.0 2680.0
13685.0 2673.0
13699.0 2671.0
13701.0 2668.0
13711.0 2667.0
13713.0 2665.0
13720.0 2664.0
13721.0 2662.0
13726.0 2661.0
13729.0 2659.0
13730.0 2658.0
13732.0 2656.0
13736.0 2652.0
13737.0 2651.0
13743.0 2645.0
13748.0 2644.0
13757.0 2643.0
13762.0 2642.0
13764.0 2641.0
13773.0 2640.0
13778.0 2639.0
13781.0 2634.0
13795.0 2632.0
13811.0 2629.0
13821.0 2628.0
13825.0 2627.0
13841.0 2624.0
13842.0 2621.0
13860.0 2620.0
13871.0 2619.0
13872.0 2616.0
13888.0 2614.0
13902.0 2611.0
13918.0 2609.0
13932.0 2606.0
13948.0 2604.0
13966.0 2603.0
13978.0 2599.0
13996.0 2598.0
14054.0 2597.0
14058.0 2595.0
14064.0 2594.0
14082.0 2593.0
14104.0 2592.0
14122.0 2591.0
