24758.0 7662.0
24759.0 7657.0
24761.0 7596.0
24762.0 7591.0
24763.0 7583.0
24764.0 7578.0
24768.0 7569.0
24770.0 7556.0
24773.0 7539.0
24775.0 7526.0
24780.0 7525.0
24781.0 7519.0
24785.0 7512.0
24789.0 7507.0
24791.0 7499.0
24793.0 7493.0
24796.0 7487.0
24798.0 7479.0
24800.0 7476.0
24803.0 7470.0
24804.0 7466.0
24805.0 7462.0
24810.0 7458.0
24811.0 7449.0
24817.0 7441.0
24820.0 7436.0
24825.0 7432.0
24826.0 7428.0
24831.0 7419.0
24837.0 7411.0
24843.0 7406.0
24844.0 7403.0
24849.0 7398.0
24850.0 7395.0
24855.0 7393.0
24856.0 7391.0
24859.0 7388.0
24860.0 7387.0
24862.0 7383.0
24867.0 7382.0
24868.0 7375.0
24872.0 7373.0
24873.0 7372.0
24874.0 7370.0
24875.0 7367.0
24878.0 7316.0
24880.0 7311.0
24882.0 7309.0
24884.0 7290.0
24886.0 7280.0
24891.0 7275.0
24894.0 7259.0
24896.0 7254.0
24898.0 7245.0
24900.0 7242.0
24902.0 7237.0
24904.0 7219.0
24907.0 7212.0
24912.0 7210.0
24913.0 7208.0
24915.0 7206.0
24916.0 7201.0
24918.0 7200.0
24920.0 7182.0
24923.0 7175.0
24928.0 7173.0
24929.0 7171.0
24932.0 7164.0
24937.0 7162.0
24938.0 7160.0
24941.0 7156.0
24944.0 7155.0
24946.0 7147.0
24949.0 7140.0
24954.0 7138.0
24955.0 7136.0
24956.0 7127.0
24957.0 7125.0
24960.0 7118.0
24965.0 7116.0
24966.0 7114.0
24969.0 7107.0
24972.0 7104.0
24975.0 7102.0
24976.0 7098.0
24978.0 7093.0
24979.0 7089.0
24984.0 7087.0
24985.0 7086.0
24986.0 7082.0
24989.0 7079.0
24992.0 7076.0
24994.0 7067.0
24995.0 7063.0
25000.0 7061.0
25005.0 7058.0
25006.0 7054.0
25007.0 7053.0
25008.0 7050.0
25009.0 7046.0
25013.0 7043.0
25014.0 7039.0
25017.0 7038.0
25019.0 7036.0
25021.0 7032.0
25023.0 7027.0
25024.0 7024.0
25025.0 7017.0
25027.0 7015.0
25030.0 7013.0
25031.0 7012.0
25032.0 7009.0
25033.0 7004.0
25035.0 7000.0
25037.0 6998.0
25039.0 6988.0
25041.0 6986.0
25045.0 6983.0
25047.0 6975.0
25049.0 6971.0
25051.0 6969.0
25055.0 6966.0
25056.0 6964.0
25057.0 6958.0
25059.0 6956.0
25063.0 6953.0
25064.0 6951.0
25066.0 6949.0
25072.0 6939.0
25078.0 6934.0
25080.0 6932.0
25082.0 6922.0
25088.0 6917.0
25089.0 6915.0
25094.0 6912.0
25097.0 6909.0
25099.0 6903.0
25101.0 6900.0
25104.0 6895.0
25107.0 6894.0
25108.0 6888.0
25110.0 6885.0
25113.0 6881.0
25115.0 6878.0
25118.0 6871.0
25123.0 6864.0
25129.0 6857.0
25135.0 6852.0
25141.0 6845.0
25148.0 6841.0
25154.0 6834.0
25160.0 6829.0
25166.0 6822.0
25180.0 6818.0
25186.0 6811.0
25189.0 6810.0
25191.0 6807.0
25195.0 6806.0
25197.0 6803.0
25202.0 6802.0
25203.0 6800.0
25206.0 6795.0
25208.0 6792.0
25212.0 6791.0
25214.0 6788.0
25219.0 6787.0
25221.0 6786.0
25225.0 6783.0
25227.0 6782.0
25230.0 6779.0
25235.0 6778.0
25236.0 6775.0
25238.0 6772.0
25241.0 6770.0
25243.0 6768.0
25246.0 6766.0
25247.0 6764.0
25249.0 6760.0
25252.0 6758.0
25255.0 6756.0
25256.0 6754.0
25258.0 6750.0
25261.0 6748.0
25262.0 6747.0
25265.0 6745.0
25269.0 6740.0
25272.0 6738.0
25273.0 6737.0
25276.0 6735.0
25280.0 6734.0
25282.0 6732.0
25286.0 6729.0
25287.0 6727.0
25291.0 6724.0
25293.0 6722.0
25297.0 6719.0
25304.0 6717.0
25308.0 6715.0
25310.0 6713.0
25312.0 6712.0
25315.0 6711.0
25318.0 6710.0
25321.0 6703.0
25328.0 6701.0
25329.0 6700.0
25336.0 6696.0
25343.0 6694.0
25344.0 6693.0
25350.0 6692.0
25351.0 6691.0
25357.0 6690.0
25358.0 6685.0
25359.0 6684.0
25360.0 6682.0
25363.0 6681.0
25366.0 6678.0
25367.0 6675.0
25371.0 6674.0
25374.0 6673.0
25378.0 6671.0
25379.0 6670.0
25380.0 6668.0
25383.0 6667.0
25386.0 6664.0
25387.0 6661.0
25391.0 6660.0
25394.0 6659.0
25400.0 6658.0
25401.0 6657.0
25402.0 6654.0
25406.0 6652.0
25415.0 6651.0
25416.0 6649.0
25417.0 6648.0
25421.0 6645.0
25428.0 6642.0
25434.0 6641.0
25438.0 6638.0
25441.0 6634.0
25449.0 6633.0
25450.0 6632.0
25452.0 6628.0
25457.0 6627.0
25460.0 6623.0
25462.0 6622.0
25467.0 6619.0
25471.0 6617.0
25472.0 6616.0
25478.0 6613.0
25483.0 6610.0
25488.0 6609.0
25491.0 6608.0
25494.0 6606.0
25496.0 6605.0
25499.0 6603.0
25507.0 6601.0
25512.0 6598.0
25524.0 6597.0
25525.0 6595.0
25530.0 6594.0
25531.0 6593.0
25532.0 6592.0
25535.0 6591.0
25536.0 6590.0
25539.0 6585.0
25543.0 6584.0
25545.0 6581.0
25549.0 6580.0
25551.0 6579.0
25552.0 6578.0
25555.0 6577.0
25556.0 6576.0
25558.0 6574.0
25561.0 6573.0
25564.0 6572.0
25565.0 6567.0
25569.0 6566.0
25575.0 6565.0
25576.0 6562.0
25578.0 6560.0
25581.0 6559.0
25588.0 6558.0
25589.0 6555.0
25594.0 6552.0
25602.0 6549.0
25611.0 6548.0
25612.0 6543.0
25621.0 6540.0
25622.0 6535.0
25633.0 6532.0
25646.0 6527.0
25657.0 6524.0
25668.0 6523.0
25675.0 6522.0
25676.0 6519.0
25681.0 6518.0
25684.0 6517.0
25687.0 6516.0
25690.0 6514.0
25695.0 6511.0
25706.0 6509.0
25720.0 6507.0
25721.0 6504.0
25728.0 6501.0
25729.0 6498.0
25737.0 6497.0
25738.0 6495.0
25746.0 6493.0
25747.0 6490.0
25751.0 6488.0
25756.0 6487.0
25759.0 6485.0
25765.0 6482.0
25767.0 6481.0
25769.0 6480.0
25774.0 6479.0
25776.0 6478.0
25777.0 6477.0
25781.0 6475.0
25783.0 6473.0
25787.0 6472.0
25789.0 6471.0
25792.0 6470.0
25795.0 6469.0
25797.0 6468.0
25798.0 6462.0
25799.0 6459.0
25807.0 6458.0
25808.0 6456.0
25809.0 6455.0
25814.0 6453.0
25818.0 6452.0
25820.0 6446.0
25821.0 6445.0
25829.0 6443.0
25830.0 6442.0
25831.0 6441.0
25835.0 6438.0
25842.0 6432.0
25850.0 6430.0
25851.0 6429.0
25857.0 6424.0
25865.0 6422.0
25866.0 6421.0
25872.0 6416.0
25881.0 6413.0
25887.0 6408.0
25896.0 6405.0
25905.0 6402.0
25912.0 6400.0
25914.0 6399.0
25921.0 6394.0
25927.0 6392.0
25930.0 6391.0
25941.0 6389.0
25943.0 6388.0
25945.0 6386.0
25952.0 6385.0
25956.0 6384.0
25959.0 6380.0
25961.0 6378.0
25968.0 6377.0
25972.0 6376.0
25983.0 6372.0
25992.0 6371.0
25994.0 6370.0
25999.0 6364.0
26014.0 6363.0
26015.0 6362.0
26028.0 6360.0
26032.0 6357.0
26043.0 6354.0
26058.0 6353.0
26059.0 6351.0
26067.0 6350.0
26068.0 6348.0
26073.0 6347.0
26082.0 6344.0
26102.0 6341.0
26105.0 6339.0
26111.0 6338.0
26112.0 6336.0
26117.0 6334.0
26142.0 6333.0
26148.0 6332.0
26149.0 6330.0
26154.0 6328.0
26155.0 6327.0
26162.0 6324.0
26167.0 6322.0
26192.0 6321.0
26199.0 6318.0
26204.0 6316.0
26233.0 6315.0
26273.0 6314.0
26281.0 6311.0
26302.0 6310.0
26303.0 6309.0
26310.0 6307.0
26319.0 6306.0
26332.0 6305.0
26341.0 6304.0
26348.0 6302.0
26370.0 6300.0
26386.0 6298.0
26408.0 6296.0
26441.0 6294.0
26476.0 6292.0
26487.0 6291.0
26500.0 6290.0
26508.0 6286.0
26519.0 6285.0
26525.0 6284.0
26540.0 6282.0
26541.0 6280.0
26552.0 6279.0
26558.0 6278.0
26572.0 6275.0
26583.0 6274.0
26601.0 6273.0
26604.0 6269.0
26615.0 6268.0
26621.0 6267.0
26636.0 6265.0
26637.0 6263.0
26648.0 6262.0
26654.0 6261.0
26672.0 6259.0
26683.0 6258.0
26689.0 6257.0
26756.0 6256.0
26783.0 6255.0
26789.0 6254.0
26810.0 6253.0
26843.0 6251.0
