99.0 101.0
99.0 101.0
99.0 101.0
99.0 101.0
99.0 101.0
93.0 112.0
99.0 101.0
93.0 112.0
99.0 101.0
93.0 112.0
93.0 112.0
91.0 125.0
93.0 112.0
91.0 125.0
93.0 112.0
91.0 125.0
92.0 117.0
92.0 117.0
99.0 101.0
99.0 101.0
92.0 117.0
92.0 117.0
96.0 106.0
92.0 117.0
96.0 106.0
96.0 106.0
99.0 101.0
93.0 112.0
96.0 106.0
93.0 112.0
96.0 106.0
92.0 117.0
93.0 112.0
93.0 112.0
93.0 112.0
96.0 106.0
96.0 106.0
92.0 117.0
92.0 117.0
99.0 101.0
96.0 106.0
93.0 112.0
91.0 125.0
92.0 117.0
91.0 125.0
93.0 112.0
95.0 111.0
95.0 111.0
92.0 117.0
96.0 106.0
95.0 111.0
92.0 117.0
91.0 125.0
99.0 101.0
91.0 125.0
96.0 106.0
95.0 111.0
96.0 106.0
95.0 111.0
92.0 117.0
92.0 117.0
92.0 117.0
96.0 106.0
99.0 101.0
91.0 125.0
99.0 101.0
95.0 111.0
95.0 111.0
96.0 106.0
96.0 106.0
92.0 117.0
91.0 125.0
95.0 111.0
91.0 125.0
95.0 111.0
96.0 106.0
91.0 125.0
95.0 111.0
96.0 106.0
93.0 112.0
99.0 101.0
95.0 111.0
95.0 111.0
91.0 125.0
95.0 111.0
91.0 125.0
96.0 106.0
95.0 111.0
93.0 112.0
93.0 112.0
91.0 125.0
95.0 111.0
99.0 101.0
99.0 101.0
92.0 117.0
91.0 125.0
95.0 111.0
91.0 125.0
91.0 125.0
92.0 117.0
