18.0 147.0
22.0 135.0
18.0 147.0
22.0 135.0
22.0 135.0
22.0 135.0
22.0 135.0
18.0 147.0
18.0 147.0
18.0 147.0
22.0 135.0
22.0 135.0
19.0 145.0
19.0 145.0
19.0 145.0
29.0 120.0
26.0 124.0
19.0 145.0
19.0 145.0
26.0 124.0
29.0 120.0
22.0 135.0
29.0 120.0
26.0 124.0
29.0 120.0
23.0 130.0
17.0 151.0
29.0 120.0
19.0 145.0
20.0 138.0
19.0 145.0
20.0 138.0
23.0 130.0
29.0 120.0
26.0 124.0
21.0 137.0
27.0 122.0
26.0 124.0
20.0 138.0
25.0 126.0
21.0 137.0
25.0 126.0
27.0 122.0
23.0 130.0
17.0 151.0
17.0 151.0
20.0 138.0
25.0 126.0
17.0 151.0
19.0 145.0
18.0 147.0
17.0 151.0
26.0 124.0
26.0 124.0
23.0 130.0
17.0 151.0
29.0 120.0
29.0 120.0
18.0 147.0
25.0 126.0
17.0 151.0
20.0 138.0
19.0 145.0
25.0 126.0
27.0 122.0
18.0 147.0
23.0 130.0
20.0 138.0
23.0 130.0
18.0 147.0
27.0 122.0
23.0 130.0
25.0 126.0
20.0 138.0
21.0 137.0
23.0 130.0
26.0 124.0
22.0 135.0
21.0 137.0
29.0 120.0
23.0 130.0
25.0 126.0
21.0 137.0
20.0 138.0
27.0 122.0
25.0 126.0
25.0 126.0
20.0 138.0
17.0 151.0
21.0 137.0
21.0 137.0
23.0 130.0
27.0 122.0
27.0 122.0
21.0 137.0
27.0 122.0
21.0 137.0
26.0 124.0
27.0 122.0
17.0 151.0
