27.0 679.0
24.0 739.0
29.0 675.0
29.0 675.0
29.0 675.0
31.0 666.0
31.0 666.0
24.0 739.0
24.0 739.0
31.0 666.0
29.0 675.0
25.0 734.0
43.0 622.0
24.0 739.0
31.0 666.0
44.0 619.0
44.0 619.0
43.0 622.0
26.0 718.0
44.0 619.0
25.0 734.0
43.0 622.0
44.0 619.0
24.0 739.0
25.0 734.0
27.0 679.0
46.0 617.0
26.0 718.0
45.0 618.0
40.0 631.0
33.0 646.0
33.0 646.0
31.0 666.0
32.0 653.0
45.0 618.0
34.0 643.0
37.0 636.0
36.0 641.0
26.0 718.0
33.0 646.0
35.0 642.0
47.0 616.0
32.0 653.0
46.0 617.0
45.0 618.0
25.0 734.0
42.0 629.0
45.0 618.0
32.0 653.0
47.0 616.0
40.0 631.0
32.0 653.0
33.0 646.0
37.0 636.0
37.0 636.0
37.0 636.0
36.0 641.0
39.0 632.0
36.0 641.0
40.0 631.0
26.0 718.0
38.0 635.0
37.0 636.0
33.0 646.0
30.0 667.0
36.0 641.0
39.0 632.0
38.0 635.0
30.0 667.0
43.0 622.0
34.0 643.0
46.0 617.0
42.0 629.0
35.0 642.0
25.0 734.0
43.0 622.0
35.0 642.0
36.0 641.0
35.0 642.0
39.0 632.0
39.0 632.0
26.0 718.0
44.0 619.0
47.0 616.0
39.0 632.0
34.0 643.0
32.0 653.0
47.0 616.0
42.0 629.0
46.0 617.0
42.0 629.0
47.0 616.0
29.0 675.0
30.0 667.0
40.0 631.0
30.0 667.0
38.0 635.0
42.0 629.0
38.0 635.0
34.0 643.0
