366.0 516.0
323.0 657.0
325.0 648.0
321.0 667.0
321.0 667.0
344.0 560.0
321.0 667.0
341.0 562.0
328.0 590.0
343.0 561.0
327.0 594.0
327.0 594.0
343.0 561.0
328.0 590.0
341.0 562.0
341.0 562.0
332.0 586.0
345.0 550.0
341.0 562.0
345.0 550.0
327.0 594.0
345.0 550.0
327.0 594.0
343.0 561.0
360.0 525.0
328.0 590.0
348.0 546.0
348.0 546.0
360.0 525.0
356.0 530.0
369.0 510.0
332.0 586.0
369.0 510.0
348.0 546.0
327.0 594.0
332.0 586.0
353.0 535.0
323.0 657.0
348.0 546.0
321.0 667.0
359.0 527.0
327.0 594.0
359.0 527.0
359.0 527.0
356.0 530.0
321.0 667.0
356.0 530.0
328.0 590.0
343.0 561.0
345.0 550.0
369.0 510.0
360.0 525.0
359.0 527.0
353.0 535.0
321.0 667.0
341.0 562.0
353.0 535.0
356.0 530.0
369.0 510.0
356.0 530.0
348.0 546.0
353.0 535.0
369.0 510.0
332.0 586.0
359.0 527.0
325.0 648.0
363.0 517.0
353.0 535.0
359.0 527.0
328.0 590.0
369.0 510.0
344.0 560.0
345.0 550.0
363.0 517.0
350.0 537.0
348.0 546.0
350.0 537.0
360.0 525.0
360.0 525.0
356.0 530.0
360.0 525.0
350.0 537.0
363.0 517.0
328.0 590.0
340.0 584.0
343.0 561.0
363.0 517.0
353.0 535.0
363.0 517.0
350.0 537.0
350.0 537.0
345.0 550.0
323.0 657.0
332.0 586.0
363.0 517.0
366.0 516.0
350.0 537.0
332.0 586.0
343.0 561.0
341.0 562.0
