571.0 1152.0
605.0 1106.0
605.0 1106.0
545.0 1246.0
545.0 1246.0
550.0 1193.0
565.0 1160.0
596.0 1125.0
605.0 1106.0
566.0 1158.0
598.0 1117.0
571.0 1152.0
564.0 1173.0
601.0 1110.0
566.0 1158.0
607.0 1104.0
594.0 1138.0
587.0 1140.0
594.0 1138.0
601.0 1110.0
549.0 1224.0
549.0 1224.0
594.0 1138.0
548.0 1232.0
601.0 1110.0
595.0 1133.0
549.0 1224.0
595.0 1133.0
566.0 1158.0
595.0 1133.0
594.0 1138.0
601.0 1110.0
549.0 1224.0
594.0 1138.0
595.0 1133.0
565.0 1160.0
556.0 1189.0
549.0 1224.0
604.0 1109.0
571.0 1152.0
543.0 1272.0
548.0 1232.0
566.0 1158.0
546.0 1233.0
595.0 1133.0
543.0 1272.0
556.0 1189.0
556.0 1189.0
546.0 1233.0
594.0 1138.0
587.0 1140.0
546.0 1233.0
558.0 1178.0
546.0 1233.0
557.0 1184.0
545.0 1246.0
563.0 1176.0
594.0 1138.0
571.0 1152.0
565.0 1160.0
601.0 1110.0
598.0 1117.0
598.0 1117.0
571.0 1152.0
563.0 1176.0
556.0 1189.0
605.0 1106.0
545.0 1246.0
545.0 1246.0
605.0 1106.0
543.0 1272.0
563.0 1176.0
556.0 1189.0
557.0 1184.0
556.0 1189.0
557.0 1184.0
545.0 1246.0
557.0 1184.0
563.0 1176.0
557.0 1184.0
563.0 1176.0
549.0 1224.0
595.0 1133.0
601.0 1110.0
587.0 1140.0
543.0 1272.0
565.0 1160.0
543.0 1272.0
543.0 1272.0
546.0 1233.0
566.0 1158.0
546.0 1233.0
557.0 1184.0
557.0 1184.0
543.0 1272.0
595.0 1133.0
563.0 1176.0
548.0 1232.0
549.0 1224.0
556.0 1189.0
