738.0 944.0
733.0 1018.0
764.0 841.0
764.0 841.0
736.0 957.0
761.0 850.0
736.0 957.0
754.0 873.0
737.0 951.0
739.0 932.0
737.0 951.0
734.0 991.0
764.0 841.0
748.0 895.0
746.0 906.0
743.0 917.0
744.0 914.0
752.0 883.0
737.0 951.0
778.0 833.0
777.0 834.0
751.0 884.0
760.0 851.0
747.0 896.0
747.0 896.0
732.0 1019.0
740.0 931.0
778.0 833.0
742.0 918.0
742.0 918.0
757.0 862.0
760.0 851.0
768.0 837.0
763.0 848.0
755.0 872.0
739.0 932.0
752.0 883.0
761.0 850.0
732.0 1019.0
743.0 917.0
746.0 906.0
753.0 874.0
734.0 991.0
745.0 907.0
749.0 894.0
750.0 885.0
750.0 885.0
763.0 848.0
757.0 862.0
751.0 884.0
778.0 833.0
749.0 894.0
768.0 837.0
741.0 927.0
741.0 927.0
758.0 861.0
745.0 907.0
752.0 883.0
777.0 834.0
753.0 874.0
732.0 1019.0
768.0 837.0
748.0 895.0
755.0 872.0
735.0 958.0
739.0 932.0
775.0 836.0
740.0 931.0
742.0 918.0
745.0 907.0
775.0 836.0
767.0 838.0
740.0 931.0
735.0 958.0
756.0 863.0
754.0 873.0
759.0 860.0
747.0 896.0
775.0 836.0
765.0 840.0
758.0 861.0
750.0 885.0
753.0 874.0
736.0 957.0
755.0 872.0
759.0 860.0
763.0 848.0
734.0 991.0
756.0 863.0
760.0 851.0
743.0 917.0
759.0 860.0
741.0 927.0
765.0 840.0
746.0 906.0
749.0 894.0
765.0 840.0
735.0 958.0
767.0 838.0
756.0 863.0
