2625.0 235.0
2625.0 235.0
2700.0 193.0
2700.0 193.0
2625.0 235.0
2700.0 193.0
2681.0 198.0
2700.0 193.0
2681.0 198.0
2681.0 198.0
2628.0 213.0
2737.0 186.0
2625.0 235.0
2628.0 213.0
2737.0 186.0
2739.0 181.0
2700.0 193.0
2628.0 213.0
2681.0 198.0
2665.0 204.0
2744.0 180.0
2739.0 181.0
2665.0 204.0
2628.0 213.0
2665.0 204.0
2766.0 174.0
2700.0 193.0
2700.0 193.0
2744.0 180.0
2739.0 181.0
2654.0 205.0
2766.0 174.0
2654.0 205.0
2681.0 198.0
2625.0 235.0
2665.0 204.0
2628.0 213.0
2671.0 199.0
2671.0 199.0
2654.0 205.0
2628.0 213.0
2681.0 198.0
2654.0 205.0
2766.0 174.0
2671.0 199.0
2737.0 186.0
2644.0 206.0
2739.0 181.0
2766.0 174.0
2692.0 194.0
2681.0 198.0
2714.0 188.0
2692.0 194.0
2654.0 205.0
2644.0 206.0
2744.0 180.0
2692.0 194.0
2737.0 186.0
2717.0 187.0
2654.0 205.0
2625.0 235.0
2717.0 187.0
2744.0 180.0
2714.0 188.0
2654.0 205.0
2692.0 194.0
2671.0 199.0
2692.0 194.0
2665.0 204.0
2714.0 188.0
2671.0 199.0
2644.0 206.0
2692.0 194.0
2625.0 235.0
2644.0 206.0
2644.0 206.0
2717.0 187.0
2714.0 188.0
2665.0 204.0
2739.0 181.0
2692.0 194.0
2671.0 199.0
2739.0 181.0
2737.0 186.0
2644.0 206.0
2766.0 174.0
2717.0 187.0
2717.0 187.0
2737.0 186.0
2714.0 188.0
2744.0 180.0
2766.0 174.0
2714.0 188.0
2628.0 213.0
2766.0 174.0
2744.0 180.0
2671.0 199.0
2644.0 206.0
2665.0 204.0
2717.0 187.0
