8335.0 977.0
8270.0 1017.0
8335.0 977.0
8085.0 1150.0
8170.0 1077.0
8307.0 991.0
8253.0 1024.0
8385.0 967.0
8411.0 963.0
8082.0 1151.0
8272.0 1013.0
8071.0 1171.0
8150.0 1091.0
8271.0 1015.0
8150.0 1091.0
8173.0 1076.0
8166.0 1083.0
8264.0 1018.0
8166.0 1083.0
8342.0 975.0
8342.0 975.0
8074.0 1162.0
8411.0 963.0
8071.0 1171.0
8280.0 1012.0
8063.0 1182.0
8073.0 1164.0
8049.0 1205.0
8293.0 1001.0
8385.0 967.0
8218.0 1048.0
8203.0 1058.0
8204.0 1055.0
8294.0 996.0
8190.0 1065.0
8049.0 1205.0
8320.0 980.0
8240.0 1029.0
8360.0 968.0
8059.0 1187.0
8081.0 1153.0
8137.0 1110.0
8068.0 1174.0
8307.0 991.0
8249.0 1026.0
8264.0 1018.0
8067.0 1176.0
8240.0 1029.0
8320.0 980.0
8201.0 1062.0
8118.0 1118.0
8110.0 1124.0
8281.0 1007.0
8059.0 1187.0
8213.0 1049.0
8210.0 1051.0
8360.0 968.0
8220.0 1047.0
8161.0 1088.0
8223.0 1046.0
8190.0 1065.0
8210.0 1051.0
8180.0 1069.0
8238.0 1034.0
8293.0 1001.0
8064.0 1180.0
8091.0 1137.0
8110.0 1124.0
8108.0 1131.0
8045.0 1221.0
8227.0 1039.0
8294.0 996.0
8099.0 1134.0
8249.0 1026.0
8289.0 1003.0
8289.0 1003.0
8256.0 1022.0
8281.0 1007.0
8078.0 1157.0
8200.0 1063.0
8130.0 1113.0
8315.0 987.0
8261.0 1020.0
8140.0 1095.0
8160.0 1089.0
8227.0 1039.0
8238.0 1034.0
8280.0 1012.0
8078.0 1157.0
8128.0 1114.0
8088.0 1139.0
8118.0 1118.0
8045.0 1221.0
8137.0 1110.0
8088.0 1139.0
8108.0 1131.0
8315.0 987.0
8140.0 1095.0
8099.0 1134.0
8180.0 1069.0
