276.0 487.0
232.0 646.0
276.0 487.0
232.0 646.0
234.0 624.0
234.0 624.0
246.0 568.0
236.0 611.0
244.0 573.0
247.0 556.0
240.0 589.0
272.0 492.0
255.0 530.0
275.0 490.0
257.0 525.0
243.0 582.0
257.0 525.0
239.0 597.0
237.0 610.0
238.0 602.0
270.0 496.0
242.0 586.0
263.0 509.0
254.0 537.0
265.0 506.0
270.0 496.0
268.0 499.0
259.0 519.0
272.0 492.0
244.0 573.0
255.0 530.0
238.0 602.0
248.0 554.0
246.0 568.0
239.0 597.0
249.0 549.0
236.0 611.0
259.0 519.0
262.0 513.0
243.0 582.0
240.0 589.0
263.0 509.0
268.0 499.0
250.0 547.0
253.0 540.0
260.0 518.0
267.0 502.0
265.0 506.0
242.0 586.0
254.0 537.0
251.0 544.0
261.0 515.0
266.0 503.0
247.0 556.0
249.0 549.0
261.0 515.0
251.0 544.0
252.0 542.0
275.0 490.0
248.0 554.0
250.0 547.0
252.0 542.0
262.0 513.0
253.0 540.0
266.0 503.0
237.0 610.0
260.0 518.0
267.0 502.0
276.0 487.0
232.0 646.0
234.0 624.0
257.0 525.0
270.0 496.0
272.0 492.0
244.0 573.0
255.0 530.0
238.0 602.0
239.0 597.0
246.0 568.0
236.0 611.0
259.0 519.0
243.0 582.0
240.0 589.0
263.0 509.0
268.0 499.0
265.0 506.0
242.0 586.0
254.0 537.0
247.0 556.0
249.0 549.0
261.0 515.0
251.0 544.0
275.0 490.0
248.0 554.0
252.0 542.0
250.0 547.0
253.0 540.0
262.0 513.0
266.0 503.0
237.0 610.0
