153.0 472.0
196.0 392.0
153.0 472.0
196.0 392.0
168.0 425.0
174.0 419.0
162.0 437.0
180.0 416.0
186.0 403.0
156.0 457.0
192.0 401.0
174.0 419.0
155.0 467.0
159.0 452.0
166.0 436.0
160.0 446.0
160.0 446.0
167.0 432.0
184.0 408.0
194.0 397.0
182.0 411.0
168.0 425.0
194.0 397.0
156.0 457.0
155.0 467.0
159.0 452.0
182.0 411.0
184.0 408.0
180.0 416.0
167.0 432.0
186.0 403.0
192.0 401.0
162.0 437.0
166.0 436.0
196.0 392.0
153.0 472.0
174.0 419.0
160.0 446.0
168.0 425.0
194.0 397.0
156.0 457.0
155.0 467.0
159.0 452.0
182.0 411.0
180.0 416.0
184.0 408.0
167.0 432.0
186.0 403.0
192.0 401.0
162.0 437.0
166.0 436.0
196.0 392.0
153.0 472.0
174.0 419.0
160.0 446.0
168.0 425.0
194.0 397.0
156.0 457.0
159.0 452.0
155.0 467.0
182.0 411.0
180.0 416.0
184.0 408.0
167.0 432.0
186.0 403.0
192.0 401.0
162.0 437.0
166.0 436.0
196.0 392.0
153.0 472.0
174.0 419.0
160.0 446.0
168.0 425.0
194.0 397.0
156.0 457.0
155.0 467.0
159.0 452.0
182.0 411.0
184.0 408.0
180.0 416.0
167.0 432.0
186.0 403.0
192.0 401.0
162.0 437.0
166.0 436.0
153.0 472.0
196.0 392.0
174.0 419.0
160.0 446.0
168.0 425.0
194.0 397.0
156.0 457.0
155.0 467.0
159.0 452.0
182.0 411.0
184.0 408.0
180.0 416.0
167.0 432.0
186.0 403.0
192.0 401.0
