396.0 631.0
432.0 493.0
432.0 493.0
396.0 631.0
397.0 603.0
426.0 494.0
397.0 603.0
398.0 585.0
403.0 552.0
404.0 539.0
413.0 514.0
398.0 585.0
400.0 570.0
401.0 562.0
399.0 577.0
419.0 505.0
420.0 501.0
399.0 577.0
411.0 521.0
400.0 570.0
422.0 499.0
415.0 512.0
407.0 531.0
411.0 521.0
424.0 496.0
405.0 536.0
401.0 562.0
402.0 556.0
413.0 514.0
424.0 496.0
417.0 507.0
422.0 499.0
405.0 536.0
407.0 531.0
426.0 494.0
402.0 556.0
403.0 552.0
404.0 539.0
410.0 524.0
416.0 509.0
408.0 528.0
420.0 501.0
417.0 507.0
408.0 528.0
416.0 509.0
409.0 526.0
410.0 524.0
419.0 505.0
415.0 512.0
409.0 526.0
396.0 631.0
432.0 493.0
397.0 603.0
398.0 585.0
399.0 577.0
400.0 570.0
411.0 521.0
401.0 562.0
413.0 514.0
424.0 496.0
422.0 499.0
405.0 536.0
407.0 531.0
426.0 494.0
402.0 556.0
403.0 552.0
404.0 539.0
420.0 501.0
417.0 507.0
408.0 528.0
416.0 509.0
410.0 524.0
409.0 526.0
419.0 505.0
415.0 512.0
396.0 631.0
432.0 493.0
397.0 603.0
398.0 585.0
399.0 577.0
400.0 570.0
411.0 521.0
401.0 562.0
413.0 514.0
424.0 496.0
422.0 499.0
405.0 536.0
407.0 531.0
426.0 494.0
402.0 556.0
403.0 552.0
404.0 539.0
420.0 501.0
417.0 507.0
408.0 528.0
416.0 509.0
410.0 524.0
409.0 526.0
415.0 512.0
419.0 505.0
