196.0 1201.0
283.0 990.0
196.0 1201.0
283.0 990.0
271.0 994.0
210.0 1154.0
211.0 1139.0
244.0 1043.0
252.0 1033.0
213.0 1131.0
212.0 1132.0
216.0 1122.0
214.0 1124.0
254.0 1026.0
239.0 1055.0
249.0 1039.0
206.0 1166.0
201.0 1181.0
203.0 1176.0
252.0 1033.0
243.0 1051.0
205.0 1167.0
229.0 1080.0
207.0 1161.0
211.0 1139.0
198.0 1193.0
236.0 1066.0
199.0 1186.0
238.0 1059.0
217.0 1115.0
242.0 1053.0
268.0 1001.0
247.0 1041.0
265.0 1006.0
249.0 1039.0
238.0 1059.0
222.0 1102.0
235.0 1070.0
233.0 1074.0
231.0 1076.0
236.0 1066.0
197.0 1199.0
198.0 1193.0
209.0 1157.0
269.0 999.0
220.0 1105.0
265.0 1006.0
259.0 1021.0
228.0 1085.0
268.0 1001.0
204.0 1171.0
260.0 1016.0
231.0 1076.0
264.0 1008.0
258.0 1023.0
256.0 1025.0
247.0 1041.0
233.0 1074.0
271.0 994.0
229.0 1080.0
207.0 1161.0
204.0 1171.0
260.0 1016.0
270.0 998.0
227.0 1089.0
218.0 1112.0
219.0 1108.0
223.0 1098.0
261.0 1012.0
235.0 1070.0
228.0 1085.0
202.0 1177.0
209.0 1157.0
254.0 1026.0
256.0 1025.0
262.0 1011.0
226.0 1092.0
199.0 1186.0
217.0 1115.0
220.0 1105.0
219.0 1108.0
223.0 1098.0
262.0 1011.0
200.0 1183.0
222.0 1102.0
218.0 1112.0
227.0 1089.0
224.0 1095.0
264.0 1008.0
210.0 1154.0
244.0 1043.0
214.0 1124.0
239.0 1055.0
225.0 1094.0
200.0 1183.0
259.0 1021.0
242.0 1053.0
226.0 1092.0
243.0 1051.0
258.0 1023.0
