522.0 1000.0
425.0 1283.0
522.0 1000.0
425.0 1283.0
508.0 1001.0
498.0 1006.0
508.0 1001.0
430.0 1229.0
426.0 1267.0
431.0 1210.0
427.0 1248.0
498.0 1006.0
426.0 1267.0
435.0 1184.0
447.0 1137.0
493.0 1008.0
427.0 1248.0
428.0 1235.0
434.0 1196.0
443.0 1147.0
438.0 1175.0
441.0 1155.0
445.0 1138.0
450.0 1120.0
450.0 1120.0
459.0 1090.0
459.0 1090.0
448.0 1129.0
462.0 1080.0
443.0 1147.0
452.0 1112.0
479.0 1032.0
486.0 1014.0
448.0 1129.0
440.0 1164.0
457.0 1098.0
435.0 1184.0
441.0 1155.0
457.0 1098.0
461.0 1082.0
439.0 1167.0
437.0 1176.0
452.0 1112.0
464.0 1069.0
489.0 1012.0
481.0 1024.0
477.0 1033.0
456.0 1104.0
432.0 1206.0
433.0 1200.0
463.0 1074.0
464.0 1069.0
463.0 1074.0
468.0 1060.0
471.0 1049.0
472.0 1044.0
469.0 1055.0
466.0 1064.0
454.0 1107.0
493.0 1008.0
486.0 1014.0
461.0 1082.0
491.0 1010.0
483.0 1020.0
491.0 1010.0
484.0 1018.0
489.0 1012.0
431.0 1210.0
428.0 1235.0
481.0 1024.0
433.0 1200.0
484.0 1018.0
475.0 1037.0
480.0 1028.0
432.0 1206.0
434.0 1196.0
429.0 1231.0
480.0 1028.0
483.0 1020.0
445.0 1138.0
437.0 1176.0
477.0 1033.0
466.0 1064.0
454.0 1107.0
475.0 1037.0
439.0 1167.0
472.0 1044.0
469.0 1055.0
467.0 1063.0
473.0 1041.0
470.0 1052.0
468.0 1060.0
470.0 1052.0
471.0 1049.0
473.0 1041.0
474.0 1038.0
440.0 1164.0
429.0 1231.0
455.0 1106.0
456.0 1104.0
