425.0 836.0
331.0 1134.0
425.0 836.0
331.0 1134.0
420.0 844.0
332.0 1101.0
406.0 845.0
334.0 1095.0
335.0 1072.0
338.0 1045.0
336.0 1063.0
340.0 1043.0
392.0 861.0
397.0 859.0
421.0 839.0
367.0 910.0
369.0 909.0
341.0 1030.0
361.0 944.0
336.0 1063.0
345.0 1014.0
350.0 992.0
366.0 921.0
405.0 849.0
402.0 851.0
352.0 988.0
346.0 1007.0
376.0 894.0
342.0 1025.0
370.0 899.0
379.0 884.0
344.0 1015.0
382.0 882.0
335.0 1072.0
362.0 943.0
359.0 961.0
360.0 952.0
363.0 934.0
387.0 871.0
342.0 1025.0
360.0 952.0
349.0 1000.0
379.0 884.0
376.0 894.0
352.0 988.0
384.0 876.0
354.0 981.0
348.0 1003.0
389.0 866.0
334.0 1095.0
338.0 1045.0
392.0 861.0
402.0 851.0
354.0 981.0
399.0 857.0
373.0 897.0
397.0 859.0
400.0 855.0
390.0 864.0
341.0 1030.0
355.0 979.0
356.0 974.0
365.0 926.0
364.0 931.0
358.0 966.0
359.0 961.0
356.0 974.0
365.0 926.0
366.0 921.0
357.0 969.0
344.0 1015.0
386.0 872.0
375.0 895.0
373.0 897.0
380.0 883.0
371.0 898.0
350.0 992.0
346.0 1007.0
384.0 876.0
400.0 855.0
383.0 880.0
386.0 872.0
348.0 1003.0
388.0 867.0
421.0 839.0
363.0 934.0
390.0 864.0
357.0 969.0
358.0 966.0
349.0 1000.0
364.0 931.0
399.0 857.0
405.0 849.0
383.0 880.0
340.0 1043.0
355.0 979.0
375.0 895.0
406.0 845.0
367.0 910.0
370.0 899.0
