5678.0 740.0
6174.0 546.0
5678.0 740.0
6174.0 546.0
6100.0 554.0
6146.0 553.0
5712.0 712.0
5950.0 579.0
5702.0 728.0
5850.0 620.0
5838.0 647.0
5978.0 578.0
5732.0 701.0
5848.0 632.0
5740.0 689.0
5840.0 635.0
6012.0 572.0
5994.0 573.0
5884.0 602.0
6020.0 566.0
5694.0 734.0
5874.0 610.0
5722.0 707.0
6154.0 551.0
5682.0 735.0
6094.0 558.0
5944.0 586.0
5810.0 663.0
5770.0 682.0
6034.0 564.0
5732.0 701.0
5712.0 712.0
5874.0 610.0
5722.0 707.0
5864.0 618.0
5756.0 683.0
6036.0 563.0
6154.0 551.0
5830.0 653.0
6080.0 559.0
5912.0 600.0
6062.0 561.0
5894.0 601.0
5774.0 678.0
6080.0 559.0
5994.0 573.0
5978.0 578.0
5926.0 596.0
6062.0 561.0
5790.0 669.0
5868.0 615.0
6050.0 562.0
5944.0 586.0
5776.0 674.0
5832.0 649.0
5740.0 689.0
5748.0 686.0
5748.0 686.0
5926.0 596.0
5814.0 656.0
5702.0 728.0
5812.0 658.0
5802.0 666.0
6050.0 562.0
5938.0 590.0
5934.0 592.0
5698.0 730.0
5918.0 599.0
5868.0 615.0
6020.0 566.0
5934.0 592.0
5884.0 602.0
5894.0 601.0
5824.0 654.0
5790.0 669.0
5802.0 666.0
5824.0 654.0
5938.0 590.0
5756.0 683.0
6146.0 553.0
5918.0 599.0
6012.0 572.0
5840.0 635.0
5848.0 632.0
5806.0 665.0
5786.0 671.0
5698.0 730.0
5864.0 618.0
5782.0 672.0
6100.0 554.0
5950.0 579.0
5782.0 672.0
5912.0 600.0
6094.0 558.0
5850.0 620.0
5776.0 674.0
5832.0 649.0
5814.0 656.0
5812.0 658.0
5772.0 680.0
