1487.0 316.0
1785.0 242.0
1487.0 316.0
1785.0 242.0
1491.0 303.0
1779.0 243.0
1733.0 244.0
1609.0 257.0
1502.0 301.0
1640.0 255.0
1511.0 295.0
1596.0 264.0
1574.0 272.0
1578.0 267.0
1600.0 259.0
1523.0 289.0
1715.0 247.0
1678.0 251.0
1658.0 252.0
1557.0 279.0
1699.0 248.0
1551.0 281.0
1534.0 287.0
1540.0 283.0
1699.0 248.0
1684.0 249.0
1563.0 275.0
1519.0 293.0
1609.0 257.0
1502.0 301.0
1640.0 255.0
1587.0 265.0
1727.0 245.0
1715.0 247.0
1557.0 279.0
1551.0 281.0
1727.0 245.0
1539.0 285.0
1534.0 287.0
1511.0 295.0
1587.0 265.0
1649.0 254.0
1565.0 274.0
1491.0 303.0
1600.0 259.0
1578.0 267.0
1523.0 289.0
1574.0 272.0
1518.0 294.0
1565.0 274.0
1733.0 244.0
1563.0 275.0
1779.0 243.0
1540.0 283.0
1539.0 285.0
1654.0 253.0
1649.0 254.0
1658.0 252.0
1682.0 250.0
1519.0 293.0
1654.0 253.0
1678.0 251.0
1596.0 264.0
1684.0 249.0
1682.0 250.0
1518.0 294.0
1487.0 316.0
1785.0 242.0
1699.0 248.0
1609.0 257.0
1502.0 301.0
1640.0 255.0
1715.0 247.0
1551.0 281.0
1727.0 245.0
1557.0 279.0
1534.0 287.0
1511.0 295.0
1587.0 265.0
1491.0 303.0
1578.0 267.0
1600.0 259.0
1523.0 289.0
1574.0 272.0
1565.0 274.0
1733.0 244.0
1563.0 275.0
1779.0 243.0
1540.0 283.0
1539.0 285.0
1649.0 254.0
1658.0 252.0
1654.0 253.0
1596.0 264.0
1519.0 293.0
1678.0 251.0
1684.0 249.0
1682.0 250.0
1518.0 294.0
1785.0 242.0
