16544.0 1318.0
17133.0 1047.0
17133.0 1047.0
16544.0 1318.0
16552.0 1282.0
16564.0 1248.0
16559.0 1268.0
16575.0 1236.0
17050.0 1055.0
17095.0 1048.0
17053.0 1052.0
17016.0 1056.0
16604.0 1214.0
16552.0 1282.0
17083.0 1051.0
16559.0 1268.0
16597.0 1230.0
16564.0 1248.0
16647.0 1201.0
16906.0 1084.0
16750.0 1149.0
16828.0 1113.0
16601.0 1225.0
16935.0 1078.0
16707.0 1165.0
16849.0 1105.0
16877.0 1094.0
16974.0 1065.0
16575.0 1236.0
16893.0 1091.0
16763.0 1145.0
16870.0 1097.0
16887.0 1093.0
16930.0 1079.0
16958.0 1068.0
16992.0 1064.0
16630.0 1203.0
16741.0 1154.0
16756.0 1148.0
16820.0 1115.0
16650.0 1193.0
16666.0 1181.0
16902.0 1089.0
17003.0 1062.0
16730.0 1157.0
16730.0 1157.0
16917.0 1083.0
16619.0 1210.0
16772.0 1137.0
16702.0 1169.0
16715.0 1163.0
16692.0 1172.0
16678.0 1179.0
16974.0 1065.0
16626.0 1208.0
16779.0 1132.0
16777.0 1135.0
16654.0 1188.0
16717.0 1161.0
16597.0 1230.0
16764.0 1141.0
16807.0 1120.0
17015.0 1058.0
17003.0 1062.0
16944.0 1073.0
16661.0 1185.0
16685.0 1176.0
16799.0 1124.0
16792.0 1126.0
16619.0 1210.0
16958.0 1068.0
16741.0 1154.0
16856.0 1102.0
16919.0 1081.0
16835.0 1109.0
16807.0 1120.0
17095.0 1048.0
17083.0 1051.0
16635.0 1202.0
16650.0 1193.0
16601.0 1225.0
16784.0 1130.0
16692.0 1172.0
16856.0 1102.0
16685.0 1176.0
16944.0 1073.0
16865.0 1099.0
16949.0 1071.0
16992.0 1064.0
16792.0 1126.0
16815.0 1117.0
16841.0 1107.0
16799.0 1124.0
16784.0 1130.0
16604.0 1214.0
16769.0 1140.0
16949.0 1071.0
16702.0 1169.0
16661.0 1185.0
16865.0 1099.0
