10724.0 1469.0
9963.0 1856.0
9963.0 1856.0
10724.0 1469.0
10676.0 1471.0
10575.0 1490.0
10605.0 1484.0
10466.0 1531.0
10429.0 1533.0
10644.0 1481.0
10543.0 1500.0
10413.0 1544.0
10239.0 1614.0
10323.0 1579.0
10034.0 1753.0
9978.0 1833.0
10274.0 1604.0
10342.0 1570.0
10129.0 1675.0
10117.0 1678.0
10472.0 1525.0
10365.0 1557.0
10084.0 1713.0
9969.0 1839.0
10646.0 1477.0
10203.0 1634.0
10424.0 1539.0
10605.0 1484.0
10104.0 1688.0
10522.0 1507.0
10533.0 1506.0
10167.0 1649.0
10676.0 1471.0
10134.0 1666.0
10112.0 1687.0
9992.0 1796.0
10308.0 1588.0
10066.0 1725.0
10043.0 1742.0
10036.0 1745.0
10393.0 1545.0
10225.0 1620.0
10098.0 1698.0
10338.0 1577.0
10378.0 1550.0
10166.0 1655.0
10021.0 1759.0
10020.0 1767.0
10006.0 1782.0
10254.0 1613.0
10573.0 1494.0
10007.0 1773.0
9987.0 1808.0
10502.0 1521.0
10179.0 1644.0
10284.0 1597.0
10362.0 1562.0
10504.0 1515.0
10098.0 1698.0
10562.0 1497.0
10225.0 1620.0
10212.0 1628.0
10071.0 1719.0
10192.0 1637.0
10212.0 1628.0
10056.0 1733.0
10088.0 1708.0
10378.0 1550.0
10179.0 1644.0
10263.0 1607.0
10296.0 1593.0
10000.0 1792.0
10149.0 1660.0
9987.0 1808.0
10488.0 1522.0
10296.0 1593.0
10088.0 1708.0
10512.0 1513.0
9982.0 1824.0
9967.0 1847.0
9967.0 1847.0
9982.0 1824.0
10192.0 1637.0
10355.0 1565.0
10049.0 1736.0
10313.0 1586.0
9984.0 1816.0
10488.0 1522.0
10154.0 1657.0
10284.0 1597.0
10058.0 1728.0
10002.0 1785.0
9984.0 1816.0
10393.0 1545.0
10562.0 1497.0
10016.0 1771.0
10355.0 1565.0
10134.0 1666.0
10071.0 1719.0
10149.0 1660.0
