15335.0 3838.0
16443.0 3170.0
15335.0 3838.0
16443.0 3170.0
15916.0 3304.0
15994.0 3266.0
15570.0 3529.0
15522.0 3572.0
15476.0 3630.0
15435.0 3680.0
15694.0 3427.0
15887.0 3324.0
15460.0 3638.0
16251.0 3192.0
15540.0 3564.0
16292.0 3187.0
15589.0 3518.0
15787.0 3381.0
15724.0 3425.0
15801.0 3370.0
15492.0 3604.0
15628.0 3472.0
15862.0 3338.0
15743.0 3408.0
15752.0 3394.0
15421.0 3685.0
15508.0 3598.0
15608.0 3503.0
16099.0 3235.0
15388.0 3737.0
16117.0 3231.0
16050.0 3248.0
15668.0 3455.0
16374.0 3175.0
15547.0 3553.0
15591.0 3508.0
15943.0 3296.0
16222.0 3206.0
15807.0 3361.0
15354.0 3783.0
15351.0 3788.0
15566.0 3544.0
16194.0 3208.0
15393.0 3718.0
16188.0 3215.0
16048.0 3256.0
16089.0 3243.0
15972.0 3276.0
15621.0 3488.0
16320.0 3181.0
15849.0 3347.0
15609.0 3489.0
15401.0 3716.0
16020.0 3265.0
15768.0 3383.0
15372.0 3748.0
15824.0 3358.0
15673.0 3441.0
15654.0 3458.0
15729.0 3411.0
15826.0 3350.0
15349.0 3805.0
15341.0 3816.0
15360.0 3768.0
15407.0 3698.0
15488.0 3618.0
16320.0 3181.0
15766.0 3391.0
15960.0 3286.0
15904.0 3314.0
15515.0 3588.0
15445.0 3664.0
15445.0 3664.0
16279.0 3190.0
16170.0 3217.0
16348.0 3177.0
15371.0 3761.0
15687.0 3438.0
15339.0 3833.0
16234.0 3197.0
16028.0 3258.0
16348.0 3177.0
16415.0 3172.0
15452.0 3650.0
15654.0 3458.0
15871.0 3329.0
16077.0 3245.0
15943.0 3296.0
15628.0 3472.0
16415.0 3172.0
16148.0 3226.0
15972.0 3276.0
15904.0 3314.0
15960.0 3286.0
16389.0 3174.0
16138.0 3230.0
15452.0 3650.0
15413.0 3697.0
16170.0 3217.0
16148.0 3226.0
