91.0 124.0
95.0 99.0
93.0 107.0
91.0 124.0
93.0 107.0
91.0 124.0
91.0 124.0
94.0 106.0
95.0 99.0
93.0 107.0
95.0 99.0
95.0 99.0
89.0 136.0
94.0 106.0
95.0 99.0
94.0 106.0
94.0 106.0
89.0 136.0
93.0 107.0
91.0 124.0
89.0 136.0
95.0 99.0
90.0 130.0
88.0 145.0
93.0 107.0
88.0 145.0
95.0 99.0
88.0 145.0
88.0 145.0
94.0 106.0
91.0 124.0
94.0 106.0
94.0 106.0
89.0 136.0
93.0 107.0
90.0 130.0
90.0 130.0
95.0 99.0
95.0 99.0
90.0 130.0
95.0 99.0
90.0 130.0
88.0 145.0
90.0 130.0
88.0 145.0
89.0 136.0
95.0 99.0
95.0 99.0
89.0 136.0
88.0 145.0
89.0 136.0
88.0 145.0
91.0 124.0
95.0 99.0
91.0 124.0
93.0 107.0
91.0 124.0
89.0 136.0
93.0 107.0
91.0 124.0
89.0 136.0
94.0 106.0
89.0 136.0
94.0 106.0
88.0 145.0
90.0 130.0
90.0 130.0
95.0 99.0
88.0 145.0
93.0 107.0
90.0 130.0
94.0 106.0
89.0 136.0
91.0 124.0
93.0 107.0
88.0 145.0
88.0 145.0
88.0 145.0
90.0 130.0
90.0 130.0
93.0 107.0
95.0 99.0
93.0 107.0
89.0 136.0
88.0 145.0
90.0 130.0
93.0 107.0
91.0 124.0
90.0 130.0
94.0 106.0
94.0 106.0
91.0 124.0
90.0 130.0
89.0 136.0
94.0 106.0
94.0 106.0
88.0 145.0
89.0 136.0
93.0 107.0
91.0 124.0
