37.0 645.0
40.0 641.0
33.0 659.0
28.0 678.0
36.0 652.0
40.0 641.0
23.0 759.0
36.0 652.0
23.0 759.0
22.0 772.0
28.0 678.0
22.0 772.0
32.0 662.0
44.0 637.0
28.0 678.0
33.0 659.0
23.0 759.0
28.0 678.0
42.0 638.0
36.0 652.0
22.0 772.0
22.0 772.0
40.0 641.0
37.0 645.0
25.0 717.0
32.0 662.0
23.0 759.0
40.0 641.0
26.0 696.0
25.0 717.0
25.0 717.0
46.0 631.0
42.0 638.0
33.0 659.0
27.0 695.0
42.0 638.0
27.0 695.0
26.0 696.0
27.0 695.0
46.0 631.0
31.0 666.0
34.0 656.0
28.0 678.0
34.0 656.0
32.0 662.0
30.0 667.0
48.0 628.0
35.0 655.0
36.0 652.0
31.0 666.0
42.0 638.0
24.0 718.0
48.0 628.0
46.0 631.0
26.0 696.0
35.0 655.0
23.0 759.0
30.0 667.0
32.0 662.0
22.0 772.0
31.0 666.0
42.0 638.0
30.0 667.0
35.0 655.0
31.0 666.0
27.0 695.0
24.0 718.0
48.0 628.0
30.0 667.0
35.0 655.0
34.0 656.0
36.0 652.0
27.0 695.0
46.0 631.0
23.0 759.0
35.0 655.0
24.0 718.0
30.0 667.0
48.0 628.0
25.0 717.0
32.0 662.0
24.0 718.0
26.0 696.0
48.0 628.0
48.0 628.0
34.0 656.0
28.0 678.0
24.0 718.0
46.0 631.0
42.0 638.0
34.0 656.0
31.0 666.0
32.0 662.0
25.0 717.0
46.0 631.0
36.0 652.0
40.0 641.0
26.0 696.0
22.0 772.0
24.0 718.0
