143.0 958.0
143.0 958.0
108.0 1078.0
144.0 949.0
143.0 958.0
154.0 929.0
144.0 949.0
143.0 958.0
143.0 958.0
108.0 1078.0
150.0 931.0
154.0 929.0
129.0 976.0
122.0 991.0
129.0 976.0
104.0 1100.0
122.0 991.0
130.0 959.0
108.0 1078.0
122.0 991.0
150.0 931.0
143.0 958.0
129.0 976.0
109.0 1057.0
150.0 931.0
150.0 931.0
146.0 943.0
126.0 981.0
108.0 1078.0
154.0 929.0
146.0 943.0
126.0 981.0
115.0 1021.0
146.0 943.0
146.0 943.0
122.0 991.0
110.0 1049.0
120.0 1003.0
150.0 931.0
122.0 991.0
110.0 1049.0
109.0 1057.0
109.0 1057.0
113.0 1023.0
120.0 1003.0
117.0 1009.0
110.0 1049.0
148.0 937.0
120.0 1003.0
148.0 937.0
126.0 981.0
113.0 1023.0
130.0 959.0
111.0 1035.0
115.0 1021.0
144.0 949.0
110.0 1049.0
120.0 1003.0
115.0 1021.0
111.0 1035.0
130.0 959.0
117.0 1009.0
104.0 1100.0
115.0 1021.0
154.0 929.0
115.0 1021.0
129.0 976.0
109.0 1057.0
126.0 981.0
108.0 1078.0
120.0 1003.0
144.0 949.0
117.0 1009.0
148.0 937.0
108.0 1078.0
113.0 1023.0
148.0 937.0
146.0 943.0
126.0 981.0
130.0 959.0
130.0 959.0
117.0 1009.0
111.0 1035.0
122.0 991.0
110.0 1049.0
144.0 949.0
111.0 1035.0
129.0 976.0
117.0 1009.0
130.0 959.0
113.0 1023.0
148.0 937.0
111.0 1035.0
113.0 1023.0
117.0 1009.0
111.0 1035.0
109.0 1057.0
110.0 1049.0
109.0 1057.0
120.0 1003.0
