2489.0 177.0
2489.0 177.0
2489.0 177.0
2534.0 164.0
2534.0 164.0
2489.0 177.0
2534.0 164.0
2489.0 177.0
2489.0 177.0
2489.0 177.0
2534.0 164.0
2478.0 190.0
2451.0 195.0
2534.0 164.0
2534.0 164.0
2501.0 172.0
2501.0 172.0
2451.0 195.0
2501.0 172.0
2486.0 180.0
2501.0 172.0
2486.0 180.0
2534.0 164.0
2480.0 189.0
2486.0 180.0
2480.0 189.0
2480.0 189.0
2480.0 189.0
2486.0 180.0
2501.0 172.0
2451.0 195.0
2486.0 180.0
2534.0 164.0
2489.0 177.0
2478.0 190.0
2501.0 172.0
2478.0 190.0
2501.0 172.0
2452.0 191.0
2534.0 164.0
2452.0 191.0
2489.0 177.0
2451.0 195.0
2486.0 180.0
2501.0 172.0
2451.0 195.0
2452.0 191.0
2451.0 195.0
2502.0 168.0
2502.0 168.0
2451.0 195.0
2485.0 184.0
2485.0 184.0
2480.0 189.0
2451.0 195.0
2486.0 180.0
2485.0 184.0
2534.0 164.0
2502.0 168.0
2502.0 168.0
2485.0 184.0
2502.0 168.0
2485.0 184.0
2478.0 190.0
2486.0 180.0
2452.0 191.0
2485.0 184.0
2478.0 190.0
2480.0 189.0
2452.0 191.0
2480.0 189.0
2502.0 168.0
2485.0 184.0
2480.0 189.0
2485.0 184.0
2501.0 172.0
2478.0 190.0
2452.0 191.0
2452.0 191.0
2486.0 180.0
2502.0 168.0
2480.0 189.0
2452.0 191.0
2452.0 191.0
2451.0 195.0
2452.0 191.0
2478.0 190.0
2502.0 168.0
2485.0 184.0
2478.0 190.0
2478.0 190.0
2478.0 190.0
2501.0 172.0
2451.0 195.0
2485.0 184.0
2489.0 177.0
2502.0 168.0
2480.0 189.0
2486.0 180.0
2502.0 168.0
