16633.0 1217.0
16633.0 1217.0
16996.0 1071.0
16629.0 1221.0
16730.0 1166.0
16657.0 1210.0
16613.0 1228.0
16807.0 1117.0
16807.0 1117.0
16730.0 1166.0
17037.0 1061.0
16732.0 1163.0
17002.0 1067.0
16847.0 1107.0
17037.0 1061.0
17014.0 1065.0
16824.0 1115.0
16696.0 1192.0
16866.0 1099.0
16878.0 1097.0
16685.0 1197.0
16908.0 1091.0
17014.0 1065.0
16824.0 1115.0
16696.0 1192.0
16613.0 1228.0
16954.0 1079.0
16914.0 1087.0
16657.0 1210.0
16688.0 1195.0
16799.0 1119.0
16901.0 1093.0
16996.0 1071.0
16989.0 1073.0
16756.0 1137.0
16796.0 1127.0
16685.0 1197.0
16664.0 1206.0
16700.0 1181.0
16866.0 1099.0
16739.0 1143.0
16824.0 1115.0
16966.0 1077.0
17014.0 1065.0
16700.0 1181.0
16796.0 1127.0
16878.0 1097.0
16878.0 1097.0
16647.0 1213.0
17044.0 1059.0
16701.0 1171.0
16687.0 1196.0
16864.0 1105.0
16647.0 1213.0
16701.0 1171.0
17002.0 1067.0
16799.0 1119.0
16666.0 1204.0
16847.0 1107.0
16949.0 1081.0
16901.0 1093.0
16807.0 1117.0
16966.0 1077.0
16667.0 1202.0
16700.0 1181.0
16847.0 1107.0
16914.0 1087.0
16696.0 1192.0
16954.0 1079.0
16688.0 1195.0
16949.0 1081.0
16677.0 1199.0
16792.0 1130.0
16667.0 1202.0
16966.0 1077.0
16677.0 1199.0
16647.0 1213.0
16609.0 1232.0
16629.0 1221.0
16864.0 1105.0
16609.0 1232.0
16926.0 1085.0
16926.0 1085.0
16747.0 1141.0
16666.0 1204.0
16989.0 1073.0
16747.0 1141.0
17044.0 1059.0
16748.0 1139.0
16926.0 1085.0
16908.0 1091.0
16748.0 1139.0
16664.0 1206.0
16756.0 1137.0
16687.0 1196.0
16622.0 1222.0
16622.0 1222.0
16739.0 1143.0
16792.0 1130.0
16701.0 1171.0
