2775.0 180.0
2775.0 180.0
2749.0 185.0
2749.0 185.0
2749.0 185.0
2665.0 198.0
2665.0 198.0
2753.0 182.0
2749.0 185.0
2749.0 185.0
2665.0 198.0
2753.0 182.0
2678.0 193.0
2678.0 193.0
2749.0 185.0
2749.0 185.0
2625.0 235.0
2665.0 198.0
2665.0 198.0
2691.0 186.0
2665.0 198.0
2691.0 186.0
2749.0 185.0
2625.0 235.0
2625.0 235.0
2678.0 193.0
2775.0 180.0
2691.0 186.0
2625.0 235.0
2661.0 205.0
2625.0 235.0
2753.0 182.0
2628.0 213.0
2625.0 235.0
2644.0 206.0
2661.0 205.0
2661.0 205.0
2753.0 182.0
2681.0 192.0
2681.0 192.0
2661.0 205.0
2678.0 193.0
2691.0 186.0
2628.0 213.0
2678.0 193.0
2628.0 213.0
2691.0 186.0
2628.0 213.0
2691.0 186.0
2625.0 235.0
2661.0 205.0
2628.0 213.0
2753.0 182.0
2644.0 206.0
2625.0 235.0
2665.0 198.0
2661.0 205.0
2678.0 193.0
2678.0 193.0
2777.0 174.0
2661.0 205.0
2628.0 213.0
2661.0 205.0
2681.0 192.0
2753.0 182.0
2681.0 192.0
2644.0 206.0
2681.0 192.0
2628.0 213.0
2691.0 186.0
2753.0 182.0
2665.0 198.0
2681.0 192.0
2753.0 182.0
2661.0 205.0
2628.0 213.0
2644.0 206.0
2665.0 198.0
2644.0 206.0
2681.0 192.0
2691.0 186.0
2628.0 213.0
2749.0 185.0
2691.0 186.0
2644.0 206.0
2644.0 206.0
2661.0 205.0
2644.0 206.0
2628.0 213.0
2625.0 235.0
2773.0 181.0
2644.0 206.0
2691.0 186.0
2681.0 192.0
2644.0 206.0
2678.0 193.0
2753.0 182.0
2678.0 193.0
2681.0 192.0
2625.0 235.0
