3762.0 422.0
3751.0 425.0
3777.0 402.0
3777.0 402.0
3775.0 404.0
3774.0 406.0
3831.0 353.0
3774.0 406.0
3874.0 333.0
3874.0 333.0
3762.0 422.0
3831.0 353.0
3751.0 425.0
3925.0 313.0
3925.0 313.0
3762.0 422.0
3798.0 380.0
3827.0 359.0
3925.0 313.0
3876.0 332.0
3854.0 341.0
3801.0 376.0
3774.0 406.0
3925.0 313.0
3801.0 376.0
3765.0 410.0
3876.0 332.0
3841.0 351.0
3830.0 355.0
3863.0 335.0
3819.0 367.0
3879.0 325.0
3879.0 325.0
3797.0 384.0
3801.0 376.0
3841.0 351.0
3798.0 380.0
3787.0 385.0
3775.0 404.0
3765.0 410.0
3854.0 341.0
3787.0 385.0
3765.0 410.0
3863.0 335.0
3777.0 402.0
3830.0 355.0
3844.0 346.0
3813.0 368.0
3779.0 399.0
3895.0 320.0
3762.0 422.0
3819.0 367.0
3887.0 323.0
3843.0 347.0
3775.0 404.0
3831.0 353.0
3813.0 368.0
3819.0 367.0
3780.0 395.0
3783.0 391.0
3854.0 341.0
3876.0 332.0
3879.0 325.0
3805.0 370.0
3827.0 359.0
3787.0 385.0
3797.0 384.0
3845.0 344.0
3874.0 333.0
3783.0 391.0
3780.0 395.0
3895.0 320.0
3779.0 399.0
3797.0 384.0
3895.0 320.0
3857.0 337.0
3857.0 337.0
3863.0 335.0
3765.0 410.0
3843.0 347.0
3820.0 363.0
3813.0 368.0
3787.0 385.0
3844.0 346.0
3841.0 351.0
3895.0 320.0
3843.0 347.0
3798.0 380.0
3805.0 370.0
3783.0 391.0
3827.0 359.0
3830.0 355.0
3820.0 363.0
3879.0 325.0
3857.0 337.0
3780.0 395.0
3844.0 346.0
3805.0 370.0
3820.0 363.0
3779.0 399.0
