13518.0 2811.0
13653.0 2731.0
13219.0 3048.0
13728.0 2708.0
13157.0 3171.0
13298.0 2969.0
13175.0 3124.0
13187.0 3116.0
13131.0 3207.0
13235.0 3030.0
13545.0 2786.0
13761.0 2694.0
13636.0 2736.0
13587.0 2765.0
13243.0 3020.0
13601.0 2757.0
13424.0 2886.0
13269.0 2998.0
13492.0 2833.0
13320.0 2950.0
13493.0 2822.0
13125.0 3213.0
13467.0 2846.0
13411.0 2897.0
13453.0 2864.0
13562.0 2780.0
13702.0 2715.0
13656.0 2727.0
13577.0 2770.0
13337.0 2937.0
13225.0 3042.0
13378.0 2920.0
13148.0 3185.0
13209.0 3074.0
13306.0 2959.0
13678.0 2718.0
13285.0 2980.0
13620.0 2743.0
13417.0 2890.0
13214.0 3053.0
13167.0 3148.0
13242.0 3028.0
13390.0 2907.0
13362.0 2921.0
13253.0 3014.0
13480.0 2841.0
13315.0 2957.0
13473.0 2844.0
13199.0 3080.0
13663.0 2725.0
13134.0 3204.0
13749.0 2702.0
13695.0 2717.0
13627.0 2741.0
13384.0 2913.0
13512.0 2813.0
13459.0 2862.0
13124.0 3226.0
13352.0 2927.0
13263.0 3001.0
13159.0 3154.0
13140.0 3191.0
13271.0 2994.0
13527.0 2801.0
13644.0 2733.0
13281.0 2988.0
13136.0 3196.0
13443.0 2867.0
13260.0 3008.0
13616.0 2750.0
13323.0 2947.0
13464.0 2861.0
13447.0 2866.0
13430.0 2879.0
13588.0 2759.0
13402.0 2898.0
13182.0 3120.0
13675.0 2722.0
13725.0 2714.0
13198.0 3085.0
13188.0 3091.0
13570.0 2773.0
13506.0 2819.0
13156.0 3184.0
13277.0 2990.0
13559.0 2785.0
13486.0 2839.0
13227.0 3038.0
13212.0 3056.0
13295.0 2977.0
13642.0 2734.0
13347.0 2931.0
13203.0 3076.0
13609.0 2755.0
13538.0 2789.0
13335.0 2940.0
13520.0 2804.0
13395.0 2902.0
13500.0 2821.0
13383.0 2917.0
