15771.0 3398.0
15793.0 3383.0
15753.0 3404.0
15472.0 3732.0
15656.0 3500.0
15570.0 3576.0
15944.0 3300.0
15924.0 3312.0
15606.0 3539.0
15738.0 3425.0
15550.0 3596.0
15680.0 3479.0
15476.0 3721.0
15489.0 3671.0
16014.0 3268.0
15469.0 3737.0
15632.0 3522.0
15931.0 3305.0
15818.0 3367.0
15860.0 3337.0
15906.0 3322.0
15696.0 3461.0
15639.0 3511.0
15483.0 3706.0
15824.0 3365.0
15725.0 3448.0
15685.0 3474.0
15652.0 3505.0
15784.0 3386.0
15581.0 3563.0
15545.0 3604.0
15735.0 3434.0
16226.0 3233.0
15589.0 3558.0
15718.0 3451.0
15666.0 3484.0
15868.0 3331.0
15909.0 3316.0
15479.0 3716.0
15646.0 3508.0
15533.0 3614.0
15514.0 3631.0
15776.0 3392.0
15900.0 3323.0
15857.0 3343.0
15745.0 3410.0
15595.0 3552.0
15522.0 3627.0
15970.0 3290.0
16304.0 3223.0
16189.0 3240.0
15988.0 3278.0
16141.0 3250.0
15492.0 3666.0
15526.0 3617.0
15557.0 3585.0
15564.0 3582.0
15732.0 3443.0
15485.0 3688.0
16111.0 3259.0
15963.0 3293.0
15704.0 3457.0
16241.0 3230.0
16007.0 3271.0
15827.0 3359.0
15673.0 3481.0
15602.0 3549.0
15840.0 3351.0
15554.0 3593.0
15886.0 3325.0
15538.0 3607.0
15975.0 3283.0
16098.0 3264.0
15834.0 3356.0
16260.0 3229.0
15661.0 3495.0
15576.0 3570.0
15796.0 3377.0
15688.0 3465.0
15804.0 3371.0
15499.0 3655.0
15961.0 3297.0
15663.0 3489.0
16005.0 3275.0
15510.0 3641.0
16126.0 3253.0
15558.0 3583.0
15620.0 3533.0
16319.0 3220.0
15503.0 3645.0
15613.0 3536.0
15742.0 3419.0
15636.0 3519.0
15849.0 3350.0
16174.0 3243.0
15627.0 3530.0
16163.0 3246.0
15496.0 3660.0
16274.0 3227.0
16020.0 3266.0
