319.0 656.0
378.0 488.0
319.0 656.0
378.0 488.0
320.0 599.0
324.0 575.0
343.0 541.0
356.0 509.0
373.0 493.0
339.0 547.0
323.0 586.0
326.0 567.0
353.0 517.0
373.0 493.0
355.0 516.0
359.0 505.0
362.0 501.0
359.0 505.0
339.0 547.0
343.0 541.0
324.0 575.0
352.0 525.0
335.0 555.0
337.0 550.0
345.0 536.0
365.0 500.0
370.0 494.0
321.0 595.0
322.0 588.0
349.0 532.0
335.0 555.0
362.0 501.0
326.0 567.0
337.0 550.0
351.0 528.0
347.0 535.0
328.0 564.0
349.0 532.0
367.0 498.0
369.0 496.0
367.0 498.0
320.0 599.0
356.0 509.0
333.0 559.0
351.0 528.0
321.0 595.0
345.0 536.0
328.0 564.0
330.0 563.0
333.0 559.0
365.0 500.0
347.0 535.0
352.0 525.0
322.0 588.0
331.0 562.0
323.0 586.0
332.0 560.0
369.0 496.0
353.0 517.0
370.0 494.0
332.0 560.0
355.0 516.0
331.0 562.0
330.0 563.0
319.0 656.0
378.0 488.0
373.0 493.0
359.0 505.0
339.0 547.0
343.0 541.0
324.0 575.0
335.0 555.0
362.0 501.0
326.0 567.0
337.0 550.0
349.0 532.0
367.0 498.0
320.0 599.0
356.0 509.0
351.0 528.0
321.0 595.0
345.0 536.0
328.0 564.0
333.0 559.0
365.0 500.0
347.0 535.0
352.0 525.0
322.0 588.0
369.0 496.0
323.0 586.0
353.0 517.0
370.0 494.0
332.0 560.0
330.0 563.0
355.0 516.0
331.0 562.0
378.0 488.0
319.0 656.0
373.0 493.0
359.0 505.0
