192.0 381.0
147.0 584.0
192.0 381.0
147.0 584.0
162.0 450.0
169.0 431.0
160.0 466.0
173.0 425.0
160.0 466.0
148.0 570.0
149.0 554.0
166.0 442.0
181.0 399.0
149.0 554.0
150.0 540.0
148.0 570.0
158.0 478.0
162.0 450.0
186.0 387.0
158.0 478.0
150.0 540.0
153.0 518.0
156.0 498.0
151.0 529.0
154.0 507.0
157.0 487.0
175.0 422.0
173.0 425.0
176.0 416.0
180.0 409.0
157.0 487.0
185.0 395.0
166.0 442.0
188.0 386.0
189.0 383.0
154.0 507.0
151.0 529.0
168.0 438.0
152.0 522.0
155.0 500.0
169.0 431.0
178.0 415.0
183.0 398.0
191.0 382.0
179.0 414.0
180.0 409.0
152.0 522.0
153.0 518.0
175.0 422.0
155.0 500.0
167.0 440.0
184.0 397.0
156.0 498.0
168.0 438.0
185.0 395.0
167.0 440.0
181.0 399.0
186.0 387.0
176.0 416.0
189.0 383.0
191.0 382.0
178.0 415.0
184.0 397.0
188.0 386.0
179.0 414.0
183.0 398.0
147.0 584.0
192.0 381.0
160.0 466.0
149.0 554.0
148.0 570.0
162.0 450.0
158.0 478.0
150.0 540.0
173.0 425.0
157.0 487.0
166.0 442.0
154.0 507.0
151.0 529.0
169.0 431.0
180.0 409.0
152.0 522.0
153.0 518.0
175.0 422.0
155.0 500.0
168.0 438.0
156.0 498.0
167.0 440.0
185.0 395.0
181.0 399.0
186.0 387.0
176.0 416.0
189.0 383.0
183.0 398.0
191.0 382.0
178.0 415.0
188.0 386.0
179.0 414.0
184.0 397.0
147.0 584.0
