502.0 631.0
461.0 779.0
502.0 631.0
461.0 779.0
467.0 713.0
466.0 735.0
494.0 634.0
500.0 633.0
463.0 766.0
464.0 751.0
467.0 713.0
469.0 699.0
486.0 643.0
465.0 746.0
466.0 735.0
462.0 769.0
489.0 642.0
481.0 651.0
475.0 673.0
470.0 698.0
471.0 691.0
476.0 666.0
491.0 640.0
492.0 637.0
471.0 691.0
472.0 685.0
483.0 650.0
479.0 656.0
464.0 751.0
479.0 656.0
465.0 746.0
494.0 634.0
469.0 699.0
481.0 651.0
489.0 642.0
500.0 633.0
476.0 666.0
472.0 685.0
473.0 681.0
474.0 677.0
485.0 647.0
477.0 662.0
473.0 681.0
475.0 673.0
477.0 662.0
474.0 677.0
478.0 658.0
462.0 769.0
492.0 637.0
463.0 766.0
478.0 658.0
491.0 640.0
484.0 648.0
486.0 643.0
484.0 648.0
470.0 698.0
483.0 650.0
485.0 647.0
502.0 631.0
461.0 779.0
467.0 713.0
466.0 735.0
471.0 691.0
464.0 751.0
479.0 656.0
465.0 746.0
494.0 634.0
469.0 699.0
481.0 651.0
489.0 642.0
500.0 633.0
476.0 666.0
472.0 685.0
474.0 677.0
477.0 662.0
473.0 681.0
475.0 673.0
462.0 769.0
492.0 637.0
463.0 766.0
478.0 658.0
491.0 640.0
486.0 643.0
484.0 648.0
470.0 698.0
485.0 647.0
483.0 650.0
461.0 779.0
502.0 631.0
467.0 713.0
466.0 735.0
471.0 691.0
464.0 751.0
479.0 656.0
465.0 746.0
494.0 634.0
469.0 699.0
481.0 651.0
500.0 633.0
489.0 642.0
