603.0 1078.0
525.0 1360.0
603.0 1078.0
525.0 1360.0
588.0 1086.0
595.0 1084.0
526.0 1348.0
527.0 1328.0
532.0 1293.0
533.0 1278.0
599.0 1083.0
541.0 1229.0
595.0 1084.0
571.0 1129.0
527.0 1328.0
526.0 1348.0
528.0 1316.0
534.0 1272.0
535.0 1261.0
585.0 1098.0
544.0 1206.0
581.0 1103.0
586.0 1091.0
539.0 1234.0
561.0 1155.0
600.0 1080.0
542.0 1219.0
552.0 1189.0
549.0 1197.0
576.0 1117.0
559.0 1163.0
550.0 1191.0
556.0 1172.0
574.0 1124.0
571.0 1129.0
558.0 1168.0
563.0 1151.0
566.0 1143.0
554.0 1182.0
564.0 1146.0
536.0 1255.0
531.0 1301.0
532.0 1293.0
537.0 1247.0
579.0 1114.0
568.0 1138.0
546.0 1203.0
547.0 1199.0
569.0 1134.0
560.0 1162.0
538.0 1241.0
543.0 1213.0
580.0 1110.0
566.0 1143.0
583.0 1100.0
533.0 1278.0
528.0 1316.0
535.0 1261.0
542.0 1219.0
537.0 1247.0
530.0 1307.0
555.0 1178.0
543.0 1213.0
536.0 1255.0
529.0 1310.0
534.0 1272.0
531.0 1301.0
538.0 1241.0
553.0 1183.0
588.0 1086.0
583.0 1100.0
586.0 1091.0
539.0 1234.0
569.0 1134.0
575.0 1122.0
541.0 1229.0
568.0 1138.0
574.0 1124.0
577.0 1116.0
561.0 1155.0
556.0 1172.0
580.0 1110.0
563.0 1151.0
558.0 1168.0
555.0 1178.0
544.0 1206.0
581.0 1103.0
564.0 1146.0
529.0 1310.0
546.0 1203.0
530.0 1307.0
600.0 1080.0
550.0 1191.0
547.0 1199.0
577.0 1116.0
579.0 1114.0
549.0 1197.0
575.0 1122.0
552.0 1189.0
585.0 1098.0
