878.0 805.0
849.0 978.0
878.0 805.0
849.0 978.0
857.0 910.0
858.0 890.0
858.0 890.0
859.0 876.0
855.0 934.0
856.0 922.0
850.0 966.0
857.0 910.0
856.0 922.0
867.0 826.0
859.0 876.0
860.0 866.0
860.0 866.0
854.0 943.0
865.0 840.0
855.0 934.0
861.0 857.0
866.0 831.0
876.0 809.0
850.0 966.0
861.0 857.0
852.0 954.0
853.0 947.0
851.0 959.0
862.0 850.0
869.0 821.0
874.0 811.0
867.0 826.0
866.0 831.0
851.0 959.0
864.0 845.0
869.0 821.0
865.0 840.0
852.0 954.0
862.0 850.0
853.0 947.0
871.0 819.0
854.0 943.0
872.0 815.0
863.0 846.0
872.0 815.0
877.0 806.0
873.0 812.0
874.0 811.0
876.0 809.0
863.0 846.0
877.0 806.0
873.0 812.0
870.0 820.0
871.0 819.0
864.0 845.0
870.0 820.0
878.0 805.0
849.0 978.0
858.0 890.0
857.0 910.0
856.0 922.0
859.0 876.0
860.0 866.0
855.0 934.0
850.0 966.0
861.0 857.0
867.0 826.0
866.0 831.0
851.0 959.0
869.0 821.0
852.0 954.0
865.0 840.0
853.0 947.0
862.0 850.0
854.0 943.0
872.0 815.0
874.0 811.0
876.0 809.0
863.0 846.0
877.0 806.0
873.0 812.0
870.0 820.0
871.0 819.0
864.0 845.0
849.0 978.0
878.0 805.0
858.0 890.0
857.0 910.0
856.0 922.0
859.0 876.0
860.0 866.0
855.0 934.0
850.0 966.0
861.0 857.0
867.0 826.0
866.0 831.0
851.0 959.0
869.0 821.0
852.0 954.0
865.0 840.0
