330.0 1100.0
417.0 820.0
330.0 1100.0
417.0 820.0
414.0 825.0
409.0 828.0
364.0 938.0
331.0 1086.0
332.0 1071.0
333.0 1061.0
331.0 1086.0
405.0 838.0
339.0 1036.0
334.0 1060.0
336.0 1047.0
389.0 871.0
362.0 955.0
368.0 932.0
399.0 851.0
348.0 997.0
363.0 950.0
344.0 1007.0
349.0 995.0
371.0 922.0
347.0 1004.0
336.0 1047.0
332.0 1071.0
408.0 831.0
345.0 1006.0
414.0 825.0
390.0 870.0
402.0 839.0
378.0 892.0
357.0 966.0
370.0 924.0
375.0 900.0
350.0 989.0
355.0 970.0
340.0 1027.0
401.0 842.0
386.0 873.0
382.0 881.0
394.0 865.0
342.0 1022.0
343.0 1014.0
395.0 857.0
405.0 838.0
359.0 960.0
338.0 1037.0
357.0 966.0
396.0 854.0
360.0 956.0
366.0 934.0
343.0 1014.0
408.0 831.0
337.0 1040.0
401.0 842.0
383.0 878.0
393.0 866.0
350.0 989.0
354.0 976.0
372.0 916.0
373.0 910.0
376.0 898.0
372.0 916.0
359.0 960.0
373.0 910.0
352.0 983.0
374.0 904.0
378.0 892.0
379.0 886.0
366.0 934.0
392.0 868.0
352.0 983.0
385.0 875.0
376.0 898.0
399.0 851.0
353.0 981.0
363.0 950.0
354.0 976.0
334.0 1060.0
397.0 853.0
364.0 938.0
355.0 970.0
374.0 904.0
369.0 928.0
369.0 928.0
409.0 828.0
340.0 1027.0
395.0 857.0
337.0 1040.0
383.0 878.0
341.0 1024.0
385.0 875.0
386.0 873.0
341.0 1024.0
379.0 886.0
392.0 868.0
397.0 853.0
381.0 883.0
