2664.0 626.0
3068.0 490.0
2664.0 626.0
3068.0 490.0
2666.0 610.0
2870.0 511.0
2906.0 507.0
3004.0 496.0
2708.0 591.0
2980.0 499.0
2906.0 507.0
3040.0 495.0
2942.0 505.0
2946.0 503.0
2820.0 524.0
2684.0 604.0
2980.0 499.0
2848.0 522.0
2778.0 555.0
2818.0 528.0
2798.0 535.0
2788.0 549.0
2720.0 580.0
2796.0 539.0
2722.0 570.0
2690.0 593.0
2718.0 582.0
2866.0 517.0
3004.0 496.0
3048.0 493.0
2686.0 597.0
2758.0 557.0
2798.0 535.0
2818.0 528.0
2736.0 561.0
2796.0 539.0
2666.0 610.0
2684.0 604.0
2748.0 558.0
3048.0 493.0
2856.0 520.0
2718.0 582.0
2758.0 557.0
2856.0 520.0
2708.0 591.0
2870.0 511.0
2946.0 503.0
2748.0 558.0
2736.0 561.0
2786.0 551.0
2848.0 522.0
2788.0 549.0
2778.0 555.0
2722.0 570.0
2686.0 597.0
2724.0 566.0
2786.0 551.0
2730.0 564.0
2866.0 517.0
3040.0 495.0
2690.0 593.0
2942.0 505.0
2730.0 564.0
2820.0 524.0
2720.0 580.0
2726.0 565.0
2724.0 566.0
2726.0 565.0
3068.0 490.0
2664.0 626.0
2906.0 507.0
2980.0 499.0
3004.0 496.0
2798.0 535.0
2818.0 528.0
2796.0 539.0
2666.0 610.0
2684.0 604.0
3048.0 493.0
2718.0 582.0
2758.0 557.0
2856.0 520.0
2708.0 591.0
2870.0 511.0
2946.0 503.0
2748.0 558.0
2736.0 561.0
2848.0 522.0
2788.0 549.0
2778.0 555.0
2722.0 570.0
2686.0 597.0
2786.0 551.0
2866.0 517.0
3040.0 495.0
2690.0 593.0
2942.0 505.0
2730.0 564.0
2820.0 524.0
2720.0 580.0
