13990.0 2637.0
13016.0 3330.0
13016.0 3330.0
13990.0 2637.0
13891.0 2655.0
13632.0 2743.0
13909.0 2645.0
13161.0 3025.0
13359.0 2849.0
13729.0 2697.0
13413.0 2816.0
13378.0 2846.0
13423.0 2804.0
13070.0 3171.0
13387.0 2831.0
13262.0 2916.0
13498.0 2774.0
13062.0 3181.0
13474.0 2778.0
13395.0 2822.0
13255.0 2933.0
13506.0 2766.0
13191.0 3001.0
13190.0 3016.0
13038.0 3224.0
13230.0 2970.0
13757.0 2689.0
13284.0 2902.0
13594.0 2747.0
13445.0 2789.0
13696.0 2715.0
13638.0 2735.0
13279.0 2915.0
13170.0 3018.0
13246.0 2938.0
13080.0 3151.0
13089.0 3134.0
13207.0 2996.0
13115.0 3103.0
13097.0 3113.0
13146.0 3059.0
13020.0 3293.0
13349.0 2864.0
13208.0 2984.0
13028.0 3265.0
13077.0 3155.0
13315.0 2881.0
13756.0 2696.0
13129.0 3073.0
13574.0 2751.0
13783.0 2684.0
13030.0 3248.0
13243.0 2954.0
13543.0 2757.0
13149.0 3043.0
13670.0 2722.0
13018.0 3316.0
13712.0 2703.0
13038.0 3224.0
13049.0 3206.0
13296.0 2896.0
13230.0 2970.0
13030.0 3248.0
13964.0 2639.0
13935.0 2643.0
13863.0 2661.0
13935.0 2643.0
13837.0 2665.0
13964.0 2639.0
13865.0 2657.0
13441.0 2798.0
13835.0 2669.0
13020.0 3293.0
13331.0 2874.0
13122.0 3087.0
13027.0 3273.0
13057.0 3196.0
13315.0 2881.0
13574.0 2751.0
13815.0 2671.0
13149.0 3043.0
13331.0 2874.0
13543.0 2757.0
13296.0 2896.0
13524.0 2760.0
13670.0 2722.0
13798.0 2677.0
13653.0 2728.0
13129.0 3073.0
13122.0 3087.0
13696.0 2715.0
13594.0 2747.0
13243.0 2954.0
13049.0 3206.0
13463.0 2783.0
13712.0 2703.0
13349.0 2864.0
13090.0 3129.0
13798.0 2677.0
13653.0 2728.0
