29900.0 11680.0
32559.0 9723.0
29900.0 11680.0
32559.0 9723.0
31126.0 10248.0
29937.0 11475.0
29943.0 11337.0
32457.0 9726.0
32412.0 9745.0
30433.0 10569.0
31848.0 9832.0
30986.0 10256.0
30599.0 10445.0
31210.0 10144.0
29957.0 11241.0
30186.0 10813.0
30390.0 10629.0
30285.0 10723.0
29943.0 11337.0
30247.0 10748.0
30135.0 10913.0
30839.0 10343.0
32045.0 9787.0
30651.0 10431.0
31498.0 9990.0
32011.0 9802.0
30427.0 10611.0
30923.0 10289.0
30536.0 10511.0
30171.0 10871.0
30568.0 10478.0
31414.0 10036.0
31162.0 10186.0
30081.0 10972.0
31901.0 9830.0
31790.0 9865.0
31725.0 9880.0
30950.0 10268.0
32314.0 9746.0
32554.0 9724.0
31189.0 10172.0
30484.0 10530.0
30377.0 10675.0
30335.0 10712.0
31628.0 9928.0
29920.0 11518.0
31404.0 10060.0
31952.0 9811.0
31345.0 10095.0
30866.0 10322.0
32184.0 9760.0
30096.0 10964.0
32234.0 9752.0
29910.0 11636.0
31612.0 9950.0
30032.0 11045.0
31268.0 10124.0
30045.0 11008.0
29914.0 11577.0
30001.0 11101.0
30745.0 10387.0
30221.0 10776.0
30745.0 10387.0
29914.0 11577.0
31725.0 9880.0
31662.0 9913.0
31361.0 10066.0
32314.0 9746.0
30032.0 11045.0
30690.0 10417.0
30790.0 10365.0
31662.0 9913.0
31790.0 9865.0
31456.0 10016.0
31268.0 10124.0
30484.0 10530.0
31935.0 9815.0
30110.0 10926.0
30790.0 10365.0
32107.0 9775.0
30690.0 10417.0
31522.0 9972.0
30171.0 10871.0
30898.0 10318.0
29968.0 11240.0
32107.0 9775.0
31456.0 10016.0
29981.0 11170.0
29969.0 11198.0
31571.0 9952.0
30001.0 11101.0
29991.0 11128.0
29920.0 11518.0
29937.0 11475.0
30207.0 10794.0
29910.0 11636.0
30540.0 10485.0
30377.0 10675.0
32161.0 9766.0
30045.0 11008.0
