111.0 722.0
112.0 715.0
113.0 707.0
114.0 695.0
115.0 686.0
116.0 681.0
117.0 633.0
119.0 621.0
120.0 611.0
121.0 597.0
122.0 591.0
123.0 587.0
124.0 577.0
125.0 573.0
126.0 568.0
127.0 567.0
128.0 559.0
129.0 553.0
131.0 551.0
132.0 550.0
133.0 546.0
134.0 541.0
135.0 538.0
136.0 533.0
137.0 529.0
138.0 525.0
139.0 521.0
141.0 513.0
143.0 511.0
144.0 509.0
145.0 503.0
147.0 501.0
148.0 500.0
150.0 495.0
152.0 493.0
153.0 487.0
155.0 482.0
157.0 480.0
158.0 479.0
160.0 477.0
163.0 473.0
182.0 472.0
