313.0 711.0
314.0 700.0
315.0 692.0
316.0 681.0
317.0 670.0
318.0 640.0
319.0 631.0
320.0 599.0
321.0 595.0
322.0 588.0
323.0 586.0
324.0 575.0
326.0 567.0
328.0 564.0
330.0 563.0
331.0 562.0
332.0 560.0
333.0 557.0
335.0 555.0
336.0 552.0
337.0 550.0
338.0 548.0
339.0 547.0
340.0 546.0
341.0 545.0
342.0 542.0
343.0 541.0
344.0 538.0
346.0 536.0
347.0 533.0
348.0 532.0
349.0 529.0
351.0 527.0
352.0 524.0
353.0 523.0
354.0 520.0
356.0 518.0
357.0 517.0
358.0 514.0
360.0 510.0
363.0 509.0
364.0 504.0
365.0 503.0
369.0 502.0
370.0 496.0
373.0 495.0
374.0 493.0
379.0 491.0
