846.0 1016.0
847.0 997.0
848.0 979.0
849.0 974.0
850.0 958.0
851.0 949.0
852.0 941.0
853.0 932.0
854.0 917.0
855.0 906.0
856.0 895.0
857.0 887.0
858.0 873.0
859.0 865.0
860.0 857.0
861.0 850.0
862.0 840.0
863.0 832.0
864.0 829.0
865.0 823.0
866.0 819.0
868.0 815.0
869.0 808.0
871.0 805.0
873.0 804.0
874.0 803.0
875.0 799.0
877.0 789.0
878.0 784.0
879.0 781.0
880.0 778.0
882.0 775.0
883.0 772.0
884.0 769.0
885.0 766.0
886.0 764.0
887.0 763.0
888.0 758.0
889.0 756.0
890.0 755.0
891.0 750.0
893.0 747.0
900.0 745.0
