324.0 1183.0
325.0 1165.0
326.0 1162.0
327.0 1151.0
328.0 1141.0
329.0 1137.0
330.0 1120.0
331.0 1105.0
332.0 1100.0
333.0 1095.0
334.0 1079.0
335.0 1054.0
336.0 1053.0
338.0 1036.0
339.0 1027.0
340.0 1026.0
342.0 1015.0
343.0 1009.0
344.0 1008.0
346.0 997.0
347.0 996.0
348.0 992.0
349.0 987.0
350.0 986.0
351.0 982.0
352.0 977.0
353.0 972.0
354.0 969.0
355.0 964.0
356.0 959.0
357.0 956.0
358.0 955.0
359.0 948.0
360.0 947.0
362.0 945.0
363.0 937.0
364.0 936.0
367.0 933.0
368.0 931.0
369.0 930.0
370.0 925.0
373.0 921.0
374.0 919.0
376.0 915.0
378.0 911.0
379.0 910.0
380.0 906.0
382.0 901.0
383.0 895.0
384.0 892.0
385.0 890.0
386.0 888.0
387.0 882.0
389.0 881.0
390.0 876.0
392.0 871.0
393.0 868.0
395.0 863.0
396.0 859.0
398.0 852.0
400.0 850.0
401.0 842.0
404.0 839.0
406.0 835.0
409.0 824.0
413.0 823.0
415.0 822.0
431.0 819.0
