525.0 1329.0
526.0 1316.0
527.0 1307.0
528.0 1303.0
529.0 1294.0
530.0 1288.0
531.0 1279.0
532.0 1272.0
533.0 1266.0
534.0 1257.0
535.0 1253.0
536.0 1244.0
538.0 1235.0
540.0 1225.0
542.0 1209.0
544.0 1203.0
546.0 1198.0
547.0 1193.0
548.0 1186.0
549.0 1185.0
550.0 1176.0
551.0 1174.0
554.0 1171.0
555.0 1169.0
556.0 1164.0
557.0 1162.0
558.0 1160.0
559.0 1156.0
561.0 1151.0
562.0 1149.0
565.0 1144.0
566.0 1143.0
567.0 1139.0
568.0 1137.0
569.0 1135.0
570.0 1133.0
571.0 1132.0
572.0 1131.0
573.0 1129.0
574.0 1127.0
575.0 1121.0
577.0 1117.0
578.0 1116.0
580.0 1112.0
582.0 1111.0
583.0 1104.0
586.0 1099.0
589.0 1095.0
594.0 1094.0
595.0 1092.0
599.0 1088.0
601.0 1085.0
602.0 1084.0
603.0 1078.0
606.0 1076.0
607.0 1072.0
608.0 1069.0
612.0 1063.0
635.0 1062.0
636.0 1061.0
640.0 1060.0
