49.0 1299.0
50.0 1209.0
51.0 1201.0
52.0 1194.0
53.0 1185.0
54.0 1172.0
55.0 1148.0
56.0 1135.0
57.0 1129.0
58.0 1116.0
59.0 1103.0
60.0 1090.0
62.0 1086.0
63.0 1079.0
64.0 1064.0
65.0 1061.0
66.0 1055.0
67.0 1047.0
69.0 1043.0
70.0 1036.0
71.0 1034.0
72.0 1027.0
73.0 1023.0
75.0 1014.0
77.0 1002.0
79.0 1000.0
80.0 993.0
82.0 989.0
83.0 986.0
84.0 983.0
86.0 982.0
87.0 979.0
88.0 978.0
89.0 972.0
91.0 964.0
93.0 961.0
95.0 955.0
97.0 954.0
98.0 952.0
99.0 950.0
100.0 948.0
103.0 946.0
106.0 945.0
107.0 943.0
111.0 942.0
