16504.0 1319.0
16510.0 1301.0
16516.0 1291.0
16522.0 1281.0
16528.0 1271.0
16547.0 1266.0
16549.0 1256.0
16552.0 1254.0
16555.0 1252.0
16562.0 1242.0
16573.0 1240.0
16574.0 1235.0
16577.0 1233.0
16581.0 1226.0
16586.0 1225.0
16589.0 1220.0
16595.0 1213.0
16597.0 1206.0
16608.0 1201.0
16616.0 1187.0
16635.0 1177.0
16650.0 1171.0
16660.0 1168.0
16669.0 1161.0
16677.0 1160.0
16679.0 1154.0
16686.0 1149.0
16690.0 1147.0
16696.0 1142.0
16702.0 1140.0
16706.0 1135.0
16711.0 1128.0
16721.0 1127.0
16722.0 1121.0
16725.0 1119.0
16728.0 1117.0
16733.0 1113.0
16736.0 1112.0
16737.0 1099.0
16748.0 1092.0
16765.0 1089.0
16776.0 1082.0
16792.0 1081.0
16803.0 1074.0
16818.0 1073.0
16820.0 1071.0
16831.0 1064.0
16862.0 1059.0
16898.0 1058.0
16900.0 1056.0
16929.0 1053.0
16943.0 1052.0
16958.0 1051.0
16967.0 1050.0
16972.0 1048.0
16975.0 1047.0
16982.0 1045.0
16999.0 1044.0
17004.0 1043.0
17011.0 1042.0
17014.0 1040.0
17015.0 1038.0
17039.0 1032.0
17071.0 1027.0
17109.0 1026.0
17111.0 1025.0
17127.0 1022.0
17165.0 1021.0
