47.0 169.0
58.0 135.0
58.0 135.0
45.0 178.0
49.0 153.0
47.0 169.0
45.0 178.0
49.0 153.0
48.0 162.0
45.0 178.0
53.0 140.0
47.0 169.0
53.0 140.0
53.0 140.0
53.0 140.0
48.0 162.0
53.0 140.0
58.0 135.0
58.0 135.0
53.0 140.0
52.0 149.0
52.0 149.0
49.0 153.0
45.0 178.0
47.0 169.0
48.0 162.0
58.0 135.0
53.0 140.0
52.0 149.0
47.0 169.0
49.0 153.0
49.0 153.0
51.0 151.0
49.0 153.0
48.0 162.0
49.0 153.0
48.0 162.0
55.0 138.0
48.0 162.0
45.0 178.0
52.0 149.0
55.0 138.0
47.0 169.0
47.0 169.0
49.0 153.0
51.0 151.0
47.0 169.0
49.0 153.0
48.0 162.0
55.0 138.0
60.0 127.0
51.0 151.0
60.0 127.0
58.0 135.0
52.0 149.0
48.0 162.0
47.0 169.0
55.0 138.0
51.0 151.0
51.0 151.0
60.0 127.0
51.0 151.0
60.0 127.0
60.0 127.0
51.0 151.0
58.0 135.0
55.0 138.0
51.0 151.0
48.0 162.0
52.0 149.0
51.0 151.0
49.0 153.0
60.0 127.0
55.0 138.0
47.0 169.0
55.0 138.0
45.0 178.0
45.0 178.0
48.0 162.0
53.0 140.0
52.0 149.0
45.0 178.0
58.0 135.0
51.0 151.0
60.0 127.0
60.0 127.0
45.0 178.0
60.0 127.0
52.0 149.0
52.0 149.0
55.0 138.0
58.0 135.0
55.0 138.0
45.0 178.0
53.0 140.0
52.0 149.0
58.0 135.0
60.0 127.0
55.0 138.0
53.0 140.0
