87.0 148.0
87.0 148.0
87.0 148.0
95.0 99.0
87.0 148.0
95.0 99.0
87.0 148.0
87.0 148.0
87.0 148.0
89.0 137.0
89.0 137.0
95.0 99.0
89.0 137.0
89.0 137.0
87.0 148.0
95.0 99.0
87.0 148.0
89.0 137.0
95.0 99.0
95.0 99.0
89.0 137.0
91.0 127.0
91.0 127.0
92.0 124.0
89.0 137.0
92.0 124.0
93.0 107.0
91.0 127.0
95.0 99.0
93.0 107.0
91.0 127.0
93.0 107.0
91.0 127.0
90.0 132.0
90.0 132.0
89.0 137.0
93.0 107.0
95.0 99.0
89.0 137.0
93.0 107.0
90.0 132.0
93.0 107.0
91.0 127.0
90.0 132.0
92.0 124.0
92.0 124.0
91.0 127.0
87.0 148.0
92.0 124.0
93.0 107.0
87.0 148.0
91.0 127.0
95.0 99.0
91.0 127.0
92.0 124.0
95.0 99.0
90.0 132.0
90.0 132.0
92.0 124.0
91.0 127.0
95.0 99.0
90.0 132.0
92.0 124.0
90.0 132.0
90.0 132.0
92.0 124.0
87.0 148.0
89.0 137.0
88.0 138.0
89.0 137.0
88.0 138.0
88.0 138.0
88.0 138.0
95.0 99.0
91.0 127.0
90.0 132.0
88.0 138.0
90.0 132.0
88.0 138.0
90.0 132.0
87.0 148.0
93.0 107.0
88.0 138.0
93.0 107.0
90.0 132.0
89.0 137.0
92.0 124.0
93.0 107.0
88.0 138.0
88.0 138.0
88.0 138.0
93.0 107.0
92.0 124.0
91.0 127.0
95.0 99.0
92.0 124.0
93.0 107.0
93.0 107.0
88.0 138.0
88.0 138.0
