400.0 580.0
418.0 518.0
405.0 543.0
410.0 527.0
417.0 521.0
415.0 522.0
417.0 521.0
417.0 521.0
421.0 510.0
417.0 521.0
417.0 521.0
400.0 580.0
406.0 534.0
403.0 564.0
389.0 658.0
391.0 636.0
403.0 564.0
417.0 521.0
417.0 521.0
403.0 564.0
403.0 564.0
403.0 564.0
403.0 564.0
400.0 580.0
418.0 518.0
403.0 564.0
417.0 521.0
401.0 578.0
404.0 554.0
403.0 564.0
403.0 564.0
404.0 554.0
397.0 606.0
406.0 534.0
404.0 554.0
401.0 578.0
404.0 554.0
401.0 578.0
404.0 554.0
401.0 578.0
401.0 578.0
401.0 578.0
401.0 578.0
401.0 578.0
400.0 580.0
404.0 554.0
404.0 554.0
403.0 564.0
403.0 564.0
403.0 564.0
406.0 534.0
404.0 554.0
415.0 522.0
404.0 554.0
401.0 578.0
401.0 578.0
404.0 554.0
410.0 527.0
417.0 521.0
402.0 569.0
400.0 580.0
401.0 578.0
404.0 554.0
406.0 534.0
402.0 569.0
403.0 564.0
403.0 564.0
417.0 521.0
402.0 569.0
417.0 521.0
421.0 510.0
402.0 569.0
402.0 569.0
410.0 527.0
401.0 578.0
402.0 569.0
401.0 578.0
400.0 580.0
402.0 569.0
417.0 521.0
402.0 569.0
402.0 569.0
404.0 554.0
404.0 554.0
403.0 564.0
417.0 521.0
417.0 521.0
402.0 569.0
404.0 554.0
402.0 569.0
402.0 569.0
400.0 580.0
404.0 554.0
402.0 569.0
401.0 578.0
402.0 569.0
402.0 569.0
415.0 522.0
401.0 578.0
417.0 521.0
