374.0 685.0
354.0 766.0
374.0 685.0
374.0 685.0
372.0 689.0
372.0 689.0
374.0 685.0
355.0 731.0
355.0 731.0
372.0 689.0
378.0 680.0
372.0 689.0
378.0 680.0
372.0 689.0
378.0 680.0
372.0 689.0
358.0 718.0
373.0 688.0
370.0 695.0
370.0 695.0
378.0 680.0
372.0 689.0
373.0 688.0
371.0 694.0
373.0 688.0
373.0 688.0
373.0 688.0
378.0 680.0
357.0 729.0
370.0 695.0
360.0 711.0
378.0 680.0
373.0 688.0
360.0 711.0
370.0 695.0
357.0 729.0
360.0 711.0
357.0 729.0
363.0 705.0
363.0 705.0
363.0 705.0
370.0 695.0
365.0 696.0
365.0 696.0
358.0 718.0
360.0 711.0
358.0 718.0
363.0 705.0
378.0 680.0
357.0 729.0
365.0 696.0
360.0 711.0
358.0 718.0
371.0 694.0
360.0 711.0
357.0 729.0
363.0 705.0
358.0 718.0
365.0 696.0
371.0 694.0
364.0 697.0
373.0 688.0
364.0 697.0
371.0 694.0
373.0 688.0
364.0 697.0
378.0 680.0
370.0 695.0
364.0 697.0
365.0 696.0
358.0 718.0
371.0 694.0
357.0 729.0
358.0 718.0
360.0 711.0
364.0 697.0
357.0 729.0
358.0 718.0
371.0 694.0
358.0 718.0
372.0 689.0
364.0 697.0
360.0 711.0
363.0 705.0
364.0 697.0
364.0 697.0
365.0 696.0
365.0 696.0
371.0 694.0
378.0 680.0
363.0 705.0
371.0 694.0
357.0 729.0
370.0 695.0
360.0 711.0
370.0 695.0
355.0 731.0
365.0 696.0
363.0 705.0
363.0 705.0
