139.0 541.0
139.0 541.0
123.0 600.0
130.0 564.0
152.0 522.0
161.0 500.0
161.0 500.0
147.0 530.0
171.0 488.0
155.0 515.0
161.0 500.0
171.0 488.0
161.0 500.0
155.0 515.0
155.0 515.0
155.0 515.0
147.0 530.0
128.0 570.0
171.0 488.0
147.0 530.0
128.0 570.0
134.0 557.0
149.0 525.0
149.0 525.0
157.0 507.0
149.0 525.0
125.0 590.0
157.0 507.0
171.0 488.0
157.0 507.0
157.0 507.0
145.0 535.0
124.0 594.0
134.0 557.0
171.0 488.0
134.0 557.0
161.0 500.0
144.0 537.0
167.0 492.0
122.0 629.0
133.0 563.0
122.0 629.0
167.0 492.0
139.0 541.0
155.0 515.0
167.0 492.0
125.0 590.0
144.0 537.0
144.0 537.0
144.0 537.0
144.0 537.0
133.0 563.0
145.0 535.0
167.0 492.0
168.0 490.0
172.0 486.0
125.0 590.0
165.0 496.0
172.0 486.0
134.0 557.0
172.0 486.0
149.0 525.0
133.0 563.0
133.0 563.0
147.0 530.0
130.0 564.0
168.0 490.0
130.0 564.0
128.0 570.0
122.0 629.0
157.0 507.0
168.0 490.0
172.0 486.0
134.0 557.0
165.0 496.0
149.0 525.0
168.0 490.0
165.0 496.0
167.0 492.0
145.0 535.0
161.0 500.0
145.0 535.0
128.0 570.0
122.0 629.0
165.0 496.0
125.0 590.0
130.0 564.0
168.0 490.0
122.0 629.0
133.0 563.0
165.0 496.0
122.0 629.0
147.0 530.0
145.0 535.0
147.0 530.0
157.0 507.0
152.0 522.0
125.0 590.0
172.0 486.0
126.0 575.0
