521.0 919.0
515.0 936.0
488.0 978.0
459.0 1098.0
467.0 1057.0
459.0 1098.0
518.0 929.0
471.0 1043.0
521.0 919.0
478.0 1008.0
520.0 927.0
480.0 1003.0
492.0 972.0
515.0 936.0
466.0 1061.0
461.0 1092.0
473.0 1032.0
462.0 1080.0
462.0 1080.0
478.0 1008.0
467.0 1057.0
521.0 919.0
481.0 1001.0
481.0 1001.0
498.0 962.0
504.0 956.0
494.0 967.0
465.0 1062.0
471.0 1043.0
470.0 1047.0
470.0 1047.0
523.0 914.0
485.0 986.0
520.0 927.0
474.0 1020.0
463.0 1071.0
468.0 1052.0
471.0 1043.0
476.0 1014.0
459.0 1098.0
496.0 964.0
461.0 1092.0
487.0 984.0
520.0 927.0
479.0 1006.0
492.0 972.0
493.0 969.0
507.0 955.0
489.0 976.0
494.0 967.0
492.0 972.0
468.0 1052.0
473.0 1032.0
461.0 1092.0
496.0 964.0
510.0 951.0
500.0 958.0
523.0 914.0
465.0 1062.0
463.0 1071.0
485.0 986.0
507.0 955.0
512.0 949.0
484.0 988.0
482.0 1000.0
463.0 1071.0
474.0 1020.0
467.0 1057.0
523.0 914.0
472.0 1034.0
475.0 1018.0
504.0 956.0
472.0 1034.0
504.0 956.0
507.0 955.0
480.0 1003.0
510.0 951.0
512.0 949.0
462.0 1080.0
493.0 969.0
482.0 1000.0
512.0 949.0
469.0 1049.0
483.0 998.0
484.0 988.0
477.0 1012.0
477.0 1012.0
500.0 958.0
476.0 1014.0
468.0 1052.0
483.0 998.0
498.0 962.0
469.0 1049.0
479.0 1006.0
466.0 1061.0
500.0 958.0
475.0 1018.0
489.0 976.0
518.0 929.0
487.0 984.0
