110.0 1142.0
171.0 902.0
126.0 993.0
123.0 1003.0
122.0 1010.0
114.0 1042.0
114.0 1042.0
119.0 1015.0
124.0 1002.0
114.0 1042.0
139.0 940.0
110.0 1142.0
110.0 1142.0
127.0 985.0
112.0 1052.0
122.0 1010.0
113.0 1046.0
123.0 1003.0
119.0 1015.0
112.0 1052.0
113.0 1046.0
145.0 934.0
126.0 993.0
125.0 995.0
145.0 934.0
122.0 1010.0
147.0 926.0
139.0 940.0
125.0 995.0
146.0 930.0
137.0 948.0
150.0 920.0
110.0 1142.0
108.0 1174.0
133.0 958.0
133.0 958.0
146.0 930.0
127.0 985.0
112.0 1052.0
127.0 985.0
124.0 1002.0
128.0 984.0
133.0 958.0
137.0 948.0
147.0 926.0
115.0 1033.0
150.0 920.0
123.0 1003.0
150.0 920.0
146.0 930.0
135.0 950.0
147.0 926.0
114.0 1042.0
143.0 936.0
128.0 984.0
137.0 948.0
121.0 1011.0
111.0 1056.0
119.0 1015.0
145.0 934.0
131.0 966.0
129.0 974.0
113.0 1046.0
129.0 974.0
135.0 950.0
143.0 936.0
115.0 1033.0
129.0 974.0
139.0 940.0
143.0 936.0
117.0 1023.0
150.0 920.0
125.0 995.0
117.0 1023.0
139.0 940.0
115.0 1033.0
111.0 1056.0
121.0 1011.0
117.0 1023.0
121.0 1011.0
113.0 1046.0
126.0 993.0
137.0 948.0
131.0 966.0
143.0 936.0
112.0 1052.0
111.0 1056.0
135.0 950.0
117.0 1023.0
131.0 966.0
119.0 1015.0
115.0 1033.0
111.0 1056.0
133.0 958.0
131.0 966.0
155.0 917.0
135.0 950.0
128.0 984.0
124.0 1002.0
129.0 974.0
