3156.0 519.0
3156.0 519.0
3136.0 520.0
3136.0 520.0
3136.0 520.0
3050.0 524.0
2934.0 542.0
2934.0 542.0
2934.0 542.0
2934.0 542.0
2738.0 597.0
2738.0 597.0
2960.0 536.0
3156.0 519.0
3050.0 524.0
3156.0 519.0
3156.0 519.0
2960.0 536.0
2864.0 554.0
2900.0 546.0
2762.0 574.0
2934.0 542.0
2900.0 546.0
2900.0 546.0
2860.0 555.0
3012.0 534.0
3050.0 524.0
2912.0 545.0
2912.0 545.0
3012.0 534.0
3050.0 524.0
2762.0 574.0
2860.0 555.0
2738.0 597.0
3136.0 520.0
2738.0 597.0
3010.0 535.0
3012.0 534.0
2732.0 617.0
2864.0 554.0
3012.0 534.0
2864.0 554.0
2864.0 554.0
2762.0 574.0
2960.0 536.0
2864.0 554.0
2912.0 545.0
2698.0 631.0
3010.0 535.0
2738.0 597.0
2698.0 631.0
2744.0 586.0
2732.0 617.0
2732.0 617.0
2816.0 559.0
2698.0 631.0
2762.0 574.0
2780.0 570.0
2816.0 559.0
3012.0 534.0
2780.0 570.0
3050.0 524.0
3136.0 520.0
2960.0 536.0
2900.0 546.0
2780.0 570.0
2816.0 559.0
2960.0 536.0
2762.0 574.0
2900.0 546.0
3050.0 524.0
2934.0 542.0
3156.0 519.0
2738.0 597.0
2732.0 617.0
2762.0 574.0
2698.0 631.0
2780.0 570.0
2816.0 559.0
2816.0 559.0
2780.0 570.0
3136.0 520.0
2816.0 559.0
2732.0 617.0
3014.0 527.0
3010.0 535.0
3010.0 535.0
2732.0 617.0
2698.0 631.0
3014.0 527.0
3014.0 527.0
2960.0 536.0
3014.0 527.0
2780.0 570.0
3010.0 535.0
2698.0 631.0
2912.0 545.0
2912.0 545.0
2900.0 546.0
3014.0 527.0
