2910.0 169.0
2904.0 172.0
2910.0 169.0
2910.0 169.0
2904.0 172.0
2718.0 211.0
2718.0 211.0
2704.0 217.0
2724.0 205.0
2704.0 217.0
2724.0 205.0
2904.0 172.0
2864.0 178.0
2754.0 195.0
2870.0 175.0
2828.0 179.0
2910.0 169.0
2754.0 195.0
2870.0 175.0
2718.0 211.0
2704.0 217.0
2828.0 179.0
2776.0 193.0
2800.0 187.0
2828.0 179.0
2754.0 195.0
2864.0 178.0
2828.0 179.0
2904.0 172.0
2704.0 217.0
2800.0 187.0
2870.0 175.0
2718.0 211.0
2910.0 169.0
2698.0 223.0
2754.0 195.0
2828.0 179.0
2698.0 223.0
2870.0 175.0
2754.0 195.0
2826.0 183.0
2748.0 201.0
2718.0 211.0
2776.0 193.0
2778.0 189.0
2698.0 223.0
2698.0 223.0
2826.0 183.0
2722.0 207.0
2748.0 201.0
2826.0 183.0
2864.0 178.0
2828.0 179.0
2748.0 201.0
2776.0 193.0
2776.0 193.0
2754.0 195.0
2904.0 172.0
2910.0 169.0
2722.0 207.0
2704.0 217.0
2864.0 178.0
2724.0 205.0
2870.0 175.0
2704.0 217.0
2722.0 207.0
2800.0 187.0
2776.0 193.0
2800.0 187.0
2724.0 205.0
2748.0 201.0
2826.0 183.0
2748.0 201.0
2724.0 205.0
2698.0 223.0
2800.0 187.0
2778.0 189.0
2778.0 189.0
2904.0 172.0
2722.0 207.0
2870.0 175.0
2826.0 183.0
2724.0 205.0
2722.0 207.0
2800.0 187.0
2800.0 187.0
2864.0 178.0
2754.0 195.0
2718.0 211.0
2778.0 189.0
2722.0 207.0
2748.0 201.0
2698.0 223.0
2778.0 189.0
2748.0 201.0
2826.0 183.0
2778.0 189.0
2864.0 178.0
2698.0 223.0
2776.0 193.0
