4826.0 331.0
4826.0 331.0
4826.0 331.0
4826.0 331.0
4709.0 349.0
4826.0 331.0
4709.0 349.0
4709.0 349.0
4684.0 351.0
4571.0 385.0
4709.0 349.0
4659.0 357.0
4617.0 362.0
4681.0 355.0
4571.0 385.0
4571.0 385.0
4684.0 351.0
4578.0 375.0
4563.0 390.0
4617.0 362.0
4758.0 337.0
4563.0 390.0
4709.0 349.0
4739.0 341.0
4681.0 355.0
4734.0 343.0
4681.0 355.0
4578.0 375.0
4763.0 335.0
4763.0 335.0
4739.0 341.0
4573.0 379.0
4612.0 363.0
4581.0 373.0
4659.0 357.0
4659.0 357.0
4739.0 341.0
4821.0 333.0
4563.0 390.0
4714.0 347.0
4751.0 340.0
4681.0 355.0
4612.0 363.0
4751.0 340.0
4714.0 347.0
4751.0 340.0
4734.0 343.0
4641.0 361.0
4763.0 335.0
4571.0 385.0
4581.0 373.0
4734.0 343.0
4751.0 340.0
4684.0 351.0
4573.0 379.0
4573.0 379.0
4821.0 333.0
4758.0 337.0
4617.0 362.0
4581.0 373.0
4739.0 341.0
4578.0 375.0
4751.0 340.0
4659.0 357.0
4573.0 379.0
4641.0 361.0
4821.0 333.0
4571.0 385.0
4581.0 373.0
4719.0 345.0
4588.0 364.0
4714.0 347.0
4578.0 375.0
4641.0 361.0
4612.0 363.0
4714.0 347.0
4588.0 364.0
4659.0 357.0
4641.0 361.0
4684.0 351.0
4573.0 379.0
4719.0 345.0
4588.0 364.0
4734.0 343.0
4758.0 337.0
4563.0 390.0
4719.0 345.0
4719.0 345.0
4588.0 364.0
4719.0 345.0
4758.0 337.0
4641.0 361.0
4588.0 364.0
4821.0 333.0
4734.0 343.0
4617.0 362.0
4563.0 390.0
4763.0 335.0
4763.0 335.0
4612.0 363.0
