2628.0 213.0
2644.0 206.0
2644.0 206.0
2628.0 213.0
2674.0 203.0
2674.0 203.0
2658.0 204.0
2658.0 204.0
2628.0 213.0
2628.0 213.0
2674.0 203.0
2713.0 193.0
2658.0 204.0
2674.0 203.0
2644.0 206.0
2687.0 198.0
2644.0 206.0
2713.0 193.0
2734.0 184.0
2674.0 203.0
2658.0 204.0
2628.0 213.0
2786.0 170.0
2687.0 198.0
2786.0 170.0
2687.0 198.0
2674.0 203.0
2692.0 194.0
2734.0 184.0
2692.0 194.0
2759.0 177.0
2687.0 198.0
2658.0 204.0
2717.0 187.0
2766.0 174.0
2628.0 213.0
2692.0 194.0
2734.0 184.0
2644.0 206.0
2786.0 170.0
2687.0 198.0
2759.0 177.0
2713.0 193.0
2714.0 188.0
2734.0 184.0
2687.0 198.0
2786.0 170.0
2628.0 213.0
2744.0 180.0
2658.0 204.0
2674.0 203.0
2714.0 188.0
2759.0 177.0
2759.0 177.0
2717.0 187.0
2658.0 204.0
2714.0 188.0
2644.0 206.0
2713.0 193.0
2744.0 180.0
2644.0 206.0
2744.0 180.0
2692.0 194.0
2759.0 177.0
2759.0 177.0
2739.0 181.0
2713.0 193.0
2717.0 187.0
2766.0 174.0
2717.0 187.0
2717.0 187.0
2692.0 194.0
2734.0 184.0
2739.0 181.0
2744.0 180.0
2714.0 188.0
2786.0 170.0
2766.0 174.0
2714.0 188.0
2739.0 181.0
2744.0 180.0
2692.0 194.0
2713.0 193.0
2759.0 177.0
2766.0 174.0
2692.0 194.0
2739.0 181.0
2734.0 184.0
2714.0 188.0
2786.0 170.0
2739.0 181.0
2766.0 174.0
2786.0 170.0
2766.0 174.0
2734.0 184.0
2744.0 180.0
2687.0 198.0
2766.0 174.0
2739.0 181.0
2717.0 187.0
