10444.0 1516.0
10202.0 1666.0
10208.0 1665.0
10433.0 1523.0
10397.0 1534.0
10213.0 1656.0
10226.0 1648.0
10370.0 1550.0
10464.0 1515.0
10178.0 1694.0
10315.0 1583.0
10250.0 1627.0
10177.0 1696.0
10531.0 1506.0
10464.0 1515.0
10442.0 1519.0
10428.0 1526.0
10386.0 1541.0
10355.0 1557.0
10167.0 1705.0
10160.0 1710.0
10444.0 1516.0
10159.0 1717.0
10379.0 1546.0
10419.0 1530.0
10152.0 1722.0
10167.0 1705.0
10208.0 1665.0
10381.0 1543.0
10372.0 1547.0
10344.0 1564.0
10312.0 1587.0
10159.0 1717.0
10357.0 1554.0
10186.0 1682.0
10264.0 1626.0
10160.0 1710.0
10270.0 1620.0
10330.0 1570.0
10213.0 1656.0
10337.0 1569.0
10186.0 1682.0
10321.0 1582.0
10196.0 1670.0
10228.0 1643.0
10244.0 1634.0
10339.0 1566.0
10250.0 1627.0
10152.0 1722.0
10328.0 1573.0
10194.0 1681.0
10244.0 1634.0
10202.0 1666.0
10219.0 1652.0
10234.0 1642.0
10309.0 1588.0
10264.0 1626.0
10288.0 1601.0
10273.0 1610.0
10471.0 1514.0
10246.0 1629.0
10323.0 1581.0
10277.0 1608.0
10268.0 1621.0
10429.0 1525.0
10313.0 1585.0
10390.0 1535.0
10196.0 1670.0
10346.0 1561.0
10399.0 1531.0
10303.0 1591.0
10425.0 1527.0
10283.0 1603.0
10194.0 1681.0
10283.0 1603.0
10473.0 1511.0
10271.0 1615.0
10419.0 1530.0
10292.0 1599.0
10271.0 1615.0
10184.0 1691.0
10219.0 1652.0
10228.0 1643.0
10388.0 1538.0
10279.0 1605.0
10531.0 1506.0
10399.0 1531.0
10234.0 1642.0
10292.0 1599.0
10348.0 1558.0
10324.0 1579.0
10184.0 1691.0
10273.0 1610.0
10225.0 1651.0
10368.0 1553.0
10246.0 1629.0
10435.0 1520.0
10326.0 1576.0
10288.0 1601.0
10303.0 1591.0
