13200.0 3065.0
13712.0 2763.0
13703.0 2770.0
13173.0 3126.0
13253.0 2989.0
13447.0 2836.0
13179.0 3104.0
13204.0 3059.0
13646.0 2789.0
13221.0 3029.0
13790.0 2737.0
13496.0 2808.0
13543.0 2795.0
13361.0 2889.0
13479.0 2819.0
13491.0 2813.0
13649.0 2786.0
13449.0 2833.0
13148.0 3153.0
13526.0 2801.0
13774.0 2741.0
13384.0 2870.0
13440.0 2838.0
13161.0 3139.0
13254.0 2988.0
13321.0 2917.0
13381.0 2877.0
13223.0 3021.0
13146.0 3171.0
13162.0 3136.0
13302.0 2936.0
13363.0 2888.0
13452.0 2832.0
13333.0 2908.0
13284.0 2956.0
13176.0 3119.0
13435.0 2840.0
13410.0 2852.0
13530.0 2796.0
13366.0 2887.0
13349.0 2896.0
13309.0 2929.0
13269.0 2971.0
13700.0 2773.0
13146.0 3171.0
13184.0 3103.0
13374.0 2878.0
13326.0 2915.0
13220.0 3032.0
13256.0 2984.0
13421.0 2850.0
13736.0 2753.0
13239.0 3003.0
13417.0 2851.0
13222.0 3027.0
13232.0 3005.0
13286.0 2948.0
13460.0 2831.0
13243.0 2995.0
13356.0 2895.0
13199.0 3088.0
13175.0 3121.0
13727.0 2760.0
13205.0 3057.0
13389.0 2868.0
13263.0 2976.0
13500.0 2803.0
13246.0 2993.0
13272.0 2968.0
13425.0 2848.0
13320.0 2919.0
13151.0 3142.0
13370.0 2880.0
13261.0 2978.0
13408.0 2861.0
13461.0 2822.0
13399.0 2862.0
13209.0 3033.0
13338.0 2906.0
13279.0 2958.0
13474.0 2821.0
13359.0 2890.0
13255.0 2986.0
13257.0 2983.0
13344.0 2898.0
13178.0 3116.0
13169.0 3132.0
13396.0 2867.0
13310.0 2927.0
13189.0 3091.0
13291.0 2946.0
13267.0 2974.0
13487.0 2818.0
13513.0 2802.0
13225.0 3015.0
13658.0 2779.0
13274.0 2966.0
13276.0 2961.0
13315.0 2925.0
13297.0 2938.0
