442.0 1115.0
443.0 1110.0
444.0 1104.0
445.0 1099.0
446.0 1094.0
447.0 1092.0
448.0 1091.0
449.0 1086.0
450.0 1071.0
451.0 1063.0
452.0 1061.0
453.0 1057.0
454.0 1032.0
456.0 1031.0
457.0 1026.0
458.0 1016.0
459.0 1010.0
460.0 1003.0
461.0 994.0
462.0 988.0
463.0 986.0
464.0 974.0
466.0 972.0
467.0 965.0
468.0 953.0
469.0 946.0
472.0 942.0
473.0 935.0
475.0 932.0
476.0 931.0
477.0 930.0
478.0 928.0
480.0 926.0
482.0 924.0
484.0 921.0
486.0 918.0
488.0 916.0
490.0 913.0
492.0 911.0
494.0 910.0
496.0 907.0
498.0 906.0
499.0 905.0
501.0 904.0
505.0 903.0
506.0 900.0
508.0 897.0
510.0 894.0
512.0 891.0
514.0 889.0
515.0 885.0
516.0 884.0
517.0 880.0
519.0 877.0
520.0 874.0
521.0 871.0
523.0 868.0
524.0 866.0
526.0 863.0
528.0 862.0
529.0 860.0
530.0 859.0
531.0 857.0
533.0 854.0
535.0 852.0
536.0 849.0
539.0 847.0
542.0 845.0
545.0 844.0
