325.0 1194.0
326.0 1180.0
327.0 1171.0
328.0 1143.0
329.0 1129.0
330.0 1104.0
331.0 1091.0
333.0 1079.0
334.0 1073.0
335.0 1060.0
336.0 1041.0
337.0 1034.0
338.0 1028.0
339.0 1017.0
340.0 1009.0
342.0 1004.0
343.0 993.0
344.0 988.0
346.0 984.0
348.0 982.0
349.0 977.0
350.0 976.0
352.0 968.0
354.0 966.0
355.0 961.0
357.0 951.0
359.0 946.0
361.0 936.0
363.0 934.0
365.0 930.0
367.0 925.0
368.0 922.0
369.0 919.0
370.0 914.0
371.0 904.0
373.0 894.0
375.0 890.0
376.0 887.0
377.0 884.0
378.0 883.0
380.0 882.0
381.0 879.0
383.0 876.0
384.0 873.0
385.0 867.0
386.0 864.0
388.0 861.0
390.0 857.0
391.0 856.0
393.0 852.0
395.0 851.0
397.0 848.0
398.0 843.0
401.0 840.0
402.0 837.0
407.0 835.0
409.0 829.0
412.0 826.0
415.0 825.0
418.0 824.0
421.0 823.0
