2622.0 631.0
2634.0 627.0
2636.0 620.0
2648.0 616.0
2664.0 615.0
2676.0 614.0
2680.0 604.0
2690.0 603.0
2694.0 593.0
2712.0 584.0
2728.0 583.0
2740.0 579.0
2748.0 575.0
2756.0 574.0
2764.0 571.0
2780.0 567.0
2782.0 560.0
2792.0 556.0
2800.0 553.0
2810.0 549.0
2822.0 547.0
2830.0 542.0
2840.0 538.0
2852.0 536.0
2860.0 535.0
2888.0 534.0
2900.0 532.0
2908.0 531.0
2946.0 529.0
2952.0 525.0
2960.0 524.0
2984.0 520.0
2994.0 518.0
2996.0 517.0
3014.0 516.0
3026.0 513.0
3074.0 512.0
3100.0 511.0
3114.0 508.0
3152.0 507.0
3154.0 504.0
3198.0 501.0
3200.0 500.0
3264.0 498.0
3312.0 494.0
3338.0 493.0
