9467.0 713.0
9470.0 692.0
9474.0 685.0
9483.0 684.0
9485.0 682.0
9486.0 680.0
9487.0 677.0
9490.0 673.0
9494.0 670.0
9498.0 661.0
9499.0 660.0
9502.0 657.0
9503.0 642.0
9505.0 637.0
9509.0 633.0
9514.0 629.0
9516.0 622.0
9518.0 617.0
9524.0 613.0
9526.0 608.0
9533.0 605.0
9534.0 602.0
9535.0 600.0
9536.0 597.0
9549.0 594.0
9551.0 592.0
9555.0 591.0
9561.0 586.0
9563.0 583.0
9581.0 582.0
9583.0 577.0
9585.0 576.0
9595.0 572.0
9610.0 569.0
9614.0 568.0
9615.0 566.0
9616.0 563.0
9635.0 562.0
9645.0 561.0
9649.0 558.0
9652.0 556.0
9656.0 553.0
9659.0 546.0
9678.0 545.0
9692.0 544.0
9693.0 542.0
9696.0 536.0
9702.0 535.0
9718.0 534.0
9724.0 530.0
9731.0 526.0
9755.0 523.0
9768.0 522.0
9785.0 520.0
9792.0 519.0
9793.0 516.0
9811.0 515.0
9816.0 514.0
9818.0 513.0
9831.0 512.0
9838.0 510.0
9839.0 508.0
9856.0 506.0
9884.0 503.0
9925.0 502.0
9932.0 500.0
