100.0 1200.0
101.0 1143.0
102.0 1120.0
104.0 1100.0
105.0 1089.0
106.0 1081.0
107.0 1067.0
108.0 1059.0
109.0 1046.0
110.0 1038.0
111.0 1035.0
112.0 1024.0
113.0 1018.0
114.0 1011.0
115.0 1002.0
116.0 988.0
118.0 975.0
119.0 970.0
121.0 957.0
123.0 953.0
125.0 945.0
127.0 941.0
128.0 935.0
129.0 932.0
130.0 925.0
132.0 919.0
134.0 916.0
135.0 914.0
136.0 910.0
137.0 908.0
138.0 906.0
139.0 899.0
141.0 891.0
142.0 888.0
144.0 881.0
145.0 880.0
148.0 879.0
149.0 873.0
150.0 871.0
152.0 864.0
154.0 861.0
158.0 854.0
163.0 852.0
176.0 851.0
