712.0 1134.0
713.0 1121.0
714.0 1112.0
715.0 1104.0
716.0 1096.0
717.0 1075.0
719.0 1067.0
720.0 1063.0
721.0 1047.0
723.0 1039.0
724.0 1035.0
725.0 1021.0
726.0 1014.0
727.0 1002.0
728.0 995.0
729.0 990.0
730.0 985.0
731.0 980.0
732.0 975.0
733.0 970.0
734.0 958.0
735.0 954.0
736.0 937.0
738.0 921.0
739.0 918.0
740.0 905.0
741.0 898.0
743.0 882.0
744.0 880.0
745.0 875.0
746.0 864.0
748.0 857.0
749.0 853.0
750.0 850.0
751.0 846.0
752.0 837.0
753.0 834.0
754.0 830.0
755.0 827.0
756.0 823.0
758.0 814.0
759.0 811.0
760.0 807.0
761.0 804.0
762.0 800.0
764.0 793.0
767.0 791.0
770.0 785.0
773.0 782.0
776.0 780.0
780.0 776.0
