325.0 1189.0
326.0 1178.0
327.0 1168.0
328.0 1166.0
329.0 1146.0
330.0 1142.0
331.0 1133.0
332.0 1127.0
333.0 1123.0
334.0 1114.0
335.0 1103.0
336.0 1095.0
337.0 1081.0
338.0 1073.0
339.0 1071.0
340.0 1062.0
341.0 1056.0
342.0 1049.0
343.0 1044.0
344.0 1039.0
345.0 1031.0
346.0 1025.0
347.0 1014.0
348.0 1005.0
349.0 1003.0
350.0 987.0
352.0 976.0
354.0 961.0
356.0 958.0
357.0 950.0
358.0 943.0
360.0 937.0
361.0 932.0
362.0 930.0
363.0 928.0
364.0 919.0
366.0 916.0
367.0 909.0
369.0 905.0
370.0 904.0
372.0 899.0
373.0 898.0
374.0 894.0
376.0 885.0
378.0 882.0
379.0 875.0
381.0 871.0
382.0 870.0
383.0 869.0
384.0 865.0
386.0 861.0
388.0 859.0
389.0 856.0
390.0 855.0
393.0 850.0
395.0 846.0
397.0 845.0
399.0 840.0
403.0 838.0
405.0 833.0
415.0 830.0
