2644.0 668.0
2646.0 666.0
2650.0 657.0
2660.0 656.0
2664.0 631.0
2668.0 621.0
2674.0 620.0
2680.0 615.0
2682.0 600.0
2686.0 594.0
2702.0 588.0
2718.0 583.0
2728.0 581.0
2734.0 577.0
2742.0 570.0
2754.0 566.0
2758.0 564.0
2766.0 563.0
2770.0 560.0
2782.0 559.0
2794.0 556.0
2818.0 555.0
2822.0 552.0
2826.0 551.0
2834.0 550.0
2842.0 547.0
2846.0 546.0
2854.0 545.0
2858.0 542.0
2878.0 537.0
2886.0 536.0
2890.0 535.0
2910.0 532.0
2922.0 526.0
2952.0 524.0
2962.0 522.0
2966.0 520.0
2972.0 517.0
3008.0 513.0
3032.0 509.0
3094.0 506.0
3100.0 503.0
3238.0 500.0
3248.0 498.0
