7964.0 1292.0
7965.0 1280.0
7968.0 1234.0
7969.0 1227.0
7975.0 1221.0
7976.0 1217.0
7977.0 1206.0
7983.0 1200.0
7991.0 1198.0
7992.0 1190.0
7993.0 1188.0
7994.0 1186.0
7997.0 1181.0
8003.0 1178.0
8004.0 1167.0
8007.0 1165.0
8008.0 1163.0
8011.0 1158.0
8013.0 1154.0
8021.0 1153.0
8022.0 1151.0
8023.0 1149.0
8026.0 1147.0
8027.0 1146.0
8029.0 1142.0
8031.0 1138.0
8035.0 1137.0
8038.0 1133.0
8047.0 1130.0
8050.0 1128.0
8051.0 1126.0
8052.0 1125.0
8054.0 1121.0
8057.0 1120.0
8058.0 1117.0
8061.0 1116.0
8062.0 1114.0
8064.0 1113.0
8065.0 1112.0
8074.0 1109.0
8077.0 1108.0
8080.0 1105.0
8081.0 1104.0
8089.0 1098.0
8096.0 1086.0
8108.0 1082.0
8116.0 1080.0
8118.0 1078.0
8123.0 1074.0
8128.0 1070.0
8130.0 1066.0
8143.0 1059.0
8148.0 1058.0
8149.0 1057.0
8150.0 1054.0
8157.0 1053.0
8160.0 1051.0
8161.0 1047.0
8162.0 1045.0
8165.0 1035.0
8169.0 1031.0
8175.0 1029.0
8179.0 1026.0
8185.0 1024.0
8186.0 1023.0
8196.0 1019.0
8200.0 1015.0
8201.0 1013.0
8205.0 1009.0
8211.0 1007.0
8215.0 1004.0
8221.0 1002.0
8222.0 1001.0
8228.0 999.0
8233.0 998.0
8237.0 995.0
8238.0 994.0
8248.0 989.0
8254.0 987.0
8255.0 986.0
8261.0 985.0
8262.0 984.0
8266.0 979.0
8277.0 976.0
8281.0 973.0
8286.0 972.0
8292.0 970.0
8297.0 969.0
8301.0 966.0
8312.0 963.0
8323.0 961.0
8324.0 960.0
8332.0 957.0
8343.0 954.0
8346.0 952.0
8350.0 950.0
8366.0 948.0
8376.0 947.0
8389.0 945.0
8391.0 944.0
8401.0 936.0
8418.0 935.0
8424.0 932.0
8430.0 931.0
8431.0 930.0
8432.0 925.0
8438.0 922.0
8457.0 919.0
8461.0 918.0
8480.0 915.0
8508.0 914.0
8553.0 913.0
8554.0 912.0
8557.0 911.0
8560.0 909.0
8567.0 907.0
8574.0 906.0
8575.0 903.0
8583.0 901.0
8587.0 900.0
8590.0 896.0
8606.0 892.0
8614.0 891.0
8629.0 890.0
8630.0 887.0
8638.0 885.0
8659.0 882.0
8662.0 880.0
8684.0 878.0
