24714.0 7814.0
24716.0 7799.0
24717.0 7795.0
24718.0 7782.0
24720.0 7767.0
24721.0 7763.0
24725.0 7746.0
24728.0 7744.0
24729.0 7714.0
24731.0 7685.0
24733.0 7665.0
24735.0 7654.0
24738.0 7651.0
24741.0 7649.0
24743.0 7637.0
24745.0 7624.0
24747.0 7600.0
24749.0 7580.0
24751.0 7569.0
24753.0 7561.0
24755.0 7550.0
24757.0 7545.0
24758.0 7541.0
24760.0 7533.0
24762.0 7522.0
24764.0 7517.0
24765.0 7515.0
24768.0 7512.0
24770.0 7507.0
24773.0 7501.0
24775.0 7496.0
24776.0 7494.0
24779.0 7491.0
24781.0 7486.0
24784.0 7473.0
24788.0 7446.0
24791.0 7415.0
24792.0 7414.0
24795.0 7388.0
24796.0 7387.0
24799.0 7386.0
24800.0 7385.0
24801.0 7374.0
24802.0 7373.0
24803.0 7367.0
24805.0 7363.0
24806.0 7362.0
24808.0 7359.0
24809.0 7353.0
24811.0 7349.0
24812.0 7344.0
24813.0 7342.0
24818.0 7330.0
24819.0 7322.0
24822.0 7319.0
24824.0 7318.0
24825.0 7308.0
24828.0 7305.0
24830.0 7304.0
24833.0 7303.0
24835.0 7292.0
24836.0 7291.0
24838.0 7290.0
24841.0 7287.0
24842.0 7284.0
24843.0 7281.0
24847.0 7280.0
24848.0 7273.0
24853.0 7269.0
24854.0 7251.0
24857.0 7239.0
24860.0 7229.0
24864.0 7222.0
24867.0 7212.0
24872.0 7208.0
24874.0 7206.0
24875.0 7205.0
24877.0 7196.0
24882.0 7191.0
24885.0 7189.0
24886.0 7184.0
24888.0 7182.0
24890.0 7177.0
24892.0 7175.0
24893.0 7167.0
24895.0 7165.0
24898.0 7163.0
24900.0 7161.0
24901.0 7160.0
24903.0 7158.0
24906.0 7156.0
24908.0 7152.0
24912.0 7148.0
24916.0 7145.0
24917.0 7144.0
24921.0 7141.0
24925.0 7138.0
24927.0 7136.0
24928.0 7130.0
24933.0 7126.0
24934.0 7122.0
24937.0 7117.0
24942.0 7113.0
24945.0 7110.0
24950.0 7106.0
24956.0 7104.0
24959.0 7101.0
24960.0 7099.0
24963.0 7094.0
24968.0 7092.0
24971.0 7087.0
24977.0 7082.0
24982.0 7080.0
24985.0 7075.0
24991.0 7073.0
24992.0 7072.0
24993.0 7071.0
24994.0 7070.0
24995.0 7069.0
24996.0 7062.0
24998.0 7060.0
24999.0 7056.0
25000.0 7055.0
25003.0 7046.0
25005.0 7044.0
25008.0 7040.0
25010.0 7035.0
25012.0 7034.0
25013.0 7030.0
25014.0 7029.0
25015.0 7024.0
25019.0 7018.0
25023.0 7015.0
25024.0 7013.0
25025.0 7009.0
25028.0 7005.0
25029.0 7003.0
25032.0 6999.0
25034.0 6997.0
25036.0 6996.0
25037.0 6994.0
25038.0 6990.0
25040.0 6989.0
25042.0 6984.0
25044.0 6982.0
25046.0 6981.0
25047.0 6978.0
25050.0 6975.0
25052.0 6971.0
25053.0 6970.0
25054.0 6968.0
25056.0 6966.0
25057.0 6963.0
25059.0 6962.0
25060.0 6960.0
25062.0 6956.0
25064.0 6953.0
25065.0 6952.0
25067.0 6949.0
25069.0 6947.0
25070.0 6945.0
25072.0 6942.0
25073.0 6941.0
25074.0 6940.0
25075.0 6937.0
25077.0 6934.0
25079.0 6933.0
25080.0 6931.0
25081.0 6930.0
25082.0 6927.0
25083.0 6926.0
25085.0 6923.0
25087.0 6921.0
25088.0 6919.0
25091.0 6915.0
25093.0 6914.0
25095.0 6908.0
25098.0 6906.0
25099.0 6904.0
25101.0 6900.0
25103.0 6899.0
25105.0 6896.0
25107.0 6893.0
25108.0 6890.0
25112.0 6887.0
25115.0 6884.0
25117.0 6878.0
25120.0 6874.0
25122.0 6873.0
25124.0 6869.0
25127.0 6867.0
25128.0 6861.0
25132.0 6858.0
25134.0 6853.0
25138.0 6850.0
25141.0 6849.0
25142.0 6847.0
25146.0 6844.0
25148.0 6837.0
25150.0 6833.0
25153.0 6830.0
25157.0 6827.0
25161.0 6826.0
25162.0 6824.0
25165.0 6822.0
25166.0 6821.0
25168.0 6819.0
25172.0 6816.0
25175.0 6813.0
25178.0 6811.0
25179.0 6808.0
25184.0 6807.0
25187.0 6805.0
25188.0 6802.0
25193.0 6798.0
25198.0 6797.0
25202.0 6792.0
25206.0 6791.0
25211.0 6790.0
25212.0 6789.0
25214.0 6788.0
25215.0 6785.0
25219.0 6783.0
25220.0 6781.0
25225.0 6780.0
25226.0 6778.0
25228.0 6777.0
25229.0 6775.0
25233.0 6772.0
25235.0 6770.0
25238.0 6767.0
25242.0 6764.0
25246.0 6761.0
25250.0 6760.0
25251.0 6758.0
25252.0 6757.0
25255.0 6754.0
25260.0 6753.0
25261.0 6751.0
25263.0 6750.0
25264.0 6748.0
25268.0 6746.0
25272.0 6744.0
25274.0 6743.0
25275.0 6741.0
25277.0 6740.0
25278.0 6738.0
25282.0 6735.0
25287.0 6732.0
25288.0 6731.0
25291.0 6728.0
25297.0 6725.0
25300.0 6722.0
25308.0 6719.0
25309.0 6718.0
25312.0 6713.0
25318.0 6711.0
25321.0 6710.0
25322.0 6708.0
25327.0 6705.0
25328.0 6704.0
25329.0 6703.0
25331.0 6701.0
25332.0 6698.0
25340.0 6695.0
25346.0 6691.0
25349.0 6686.0
25352.0 6684.0
25354.0 6682.0
25358.0 6680.0
25363.0 6679.0
25366.0 6676.0
25369.0 6671.0
25372.0 6669.0
25374.0 6667.0
25376.0 6666.0
25378.0 6665.0
25380.0 6664.0
25381.0 6663.0
25385.0 6661.0
25388.0 6659.0
25392.0 6658.0
25393.0 6653.0
25395.0 6651.0
25398.0 6650.0
25399.0 6649.0
25400.0 6648.0
25404.0 6646.0
25408.0 6644.0
25412.0 6642.0
25417.0 6641.0
25421.0 6639.0
25423.0 6638.0
25428.0 6634.0
25433.0 6631.0
25438.0 6629.0
25440.0 6628.0
25441.0 6627.0
25443.0 6626.0
25446.0 6625.0
25448.0 6624.0
25449.0 6622.0
25454.0 6616.0
25459.0 6613.0
25467.0 6609.0
25476.0 6608.0
25479.0 6606.0
25480.0 6605.0
25485.0 6604.0
25492.0 6602.0
25493.0 6600.0
25502.0 6599.0
25505.0 6597.0
25512.0 6596.0
25518.0 6593.0
25520.0 6592.0
25529.0 6591.0
25530.0 6590.0
25533.0 6589.0
25539.0 6588.0
25543.0 6587.0
25545.0 6585.0
25551.0 6584.0
25557.0 6582.0
25560.0 6578.0
25562.0 6576.0
25563.0 6572.0
25569.0 6568.0
25577.0 6566.0
25578.0 6561.0
25585.0 6556.0
25587.0 6554.0
25593.0 6553.0
25597.0 6551.0
25599.0 6544.0
25600.0 6543.0
25611.0 6540.0
25615.0 6536.0
25618.0 6534.0
25619.0 6533.0
25623.0 6530.0
25633.0 6524.0
25634.0 6523.0
25639.0 6522.0
25642.0 6520.0
25649.0 6516.0
25653.0 6515.0
25654.0 6514.0
25657.0 6510.0
25667.0 6509.0
25668.0 6508.0
25669.0 6506.0
25673.0 6502.0
25683.0 6500.0
25685.0 6498.0
25692.0 6497.0
25695.0 6496.0
25699.0 6492.0
25709.0 6491.0
25711.0 6488.0
25718.0 6487.0
25725.0 6486.0
25730.0 6483.0
25740.0 6482.0
25744.0 6481.0
25752.0 6478.0
25755.0 6477.0
25765.0 6476.0
25767.0 6473.0
25777.0 6472.0
25779.0 6469.0
25789.0 6465.0
25799.0 6464.0
25801.0 6461.0
25811.0 6459.0
25813.0 6458.0
25816.0 6455.0
25828.0 6452.0
25829.0 6450.0
25831.0 6449.0
25832.0 6445.0
25844.0 6444.0
25847.0 6439.0
25853.0 6435.0
25864.0 6434.0
25865.0 6432.0
25866.0 6430.0
25867.0 6429.0
25869.0 6425.0
25883.0 6421.0
25887.0 6419.0
25901.0 6415.0
25905.0 6413.0
25916.0 6411.0
25922.0 6410.0
25926.0 6408.0
25930.0 6407.0
25934.0 6405.0
25938.0 6400.0
25951.0 6399.0
25952.0 6396.0
25956.0 6394.0
25965.0 6393.0
25970.0 6390.0
25974.0 6388.0
25979.0 6385.0
25985.0 6384.0
25993.0 6381.0
25997.0 6379.0
26003.0 6378.0
26011.0 6375.0
26014.0 6371.0
26020.0 6370.0
26024.0 6369.0
26028.0 6367.0
26032.0 6365.0
26038.0 6364.0
26042.0 6363.0
26048.0 6362.0
26050.0 6361.0
26056.0 6360.0
26060.0 6359.0
26066.0 6358.0
26067.0 6356.0
26071.0 6354.0
26077.0 6353.0
26081.0 6352.0
26087.0 6351.0
26089.0 6350.0
26095.0 6349.0
26099.0 6348.0
26105.0 6347.0
26106.0 6346.0
26112.0 6345.0
26116.0 6344.0
26122.0 6343.0
26124.0 6342.0
26130.0 6341.0
26134.0 6340.0
26140.0 6339.0
26153.0 6338.0
26159.0 6337.0
26176.0 6336.0
26179.0 6335.0
26181.0 6333.0
26188.0 6332.0
26190.0 6331.0
26196.0 6325.0
26205.0 6323.0
26212.0 6322.0
26214.0 6321.0
26220.0 6315.0
26232.0 6313.0
26245.0 6311.0
26249.0 6309.0
26259.0 6308.0
26260.0 6307.0
26276.0 6305.0
26281.0 6304.0
26288.0 6302.0
26291.0 6301.0
26299.0 6300.0
26313.0 6299.0
26315.0 6297.0
26323.0 6296.0
26330.0 6294.0
26344.0 6293.0
26346.0 6291.0
26362.0 6289.0
26364.0 6288.0
26377.0 6285.0
26412.0 6282.0
26439.0 6281.0
26473.0 6279.0
26474.0 6278.0
26492.0 6277.0
26493.0 6276.0
26497.0 6275.0
26509.0 6274.0
26512.0 6271.0
26513.0 6270.0
26528.0 6269.0
26529.0 6268.0
26544.0 6267.0
26545.0 6266.0
26566.0 6265.0
26567.0 6264.0
26571.0 6262.0
26572.0 6261.0
26580.0 6259.0
26581.0 6258.0
26596.0 6257.0
26597.0 6256.0
26618.0 6255.0
26619.0 6254.0
26645.0 6253.0
26669.0 6252.0
26684.0 6251.0
26696.0 6249.0
26697.0 6248.0
26712.0 6247.0
26719.0 6246.0
26734.0 6245.0
26838.0 6243.0
26875.0 6241.0
26878.0 6240.0
26916.0 6238.0
26922.0 6235.0
26983.0 6234.0
