52.0 54.0
52.0 54.0
52.0 54.0
52.0 54.0
63.0 44.0
54.0 50.0
63.0 44.0
54.0 50.0
63.0 44.0
62.0 46.0
46.0 67.0
42.0 84.0
44.0 76.0
44.0 76.0
63.0 44.0
49.0 59.0
44.0 76.0
54.0 50.0
62.0 46.0
44.0 76.0
51.0 55.0
54.0 50.0
44.0 76.0
49.0 59.0
49.0 59.0
54.0 50.0
54.0 50.0
51.0 55.0
46.0 67.0
43.0 82.0
51.0 55.0
46.0 67.0
49.0 59.0
62.0 46.0
43.0 82.0
45.0 70.0
51.0 55.0
44.0 76.0
62.0 46.0
52.0 54.0
49.0 59.0
52.0 54.0
46.0 67.0
45.0 70.0
50.0 56.0
45.0 70.0
63.0 44.0
43.0 82.0
43.0 82.0
42.0 84.0
62.0 46.0
43.0 82.0
49.0 59.0
46.0 67.0
42.0 84.0
47.0 61.0
45.0 70.0
58.0 49.0
62.0 46.0
42.0 84.0
45.0 70.0
47.0 61.0
49.0 59.0
44.0 76.0
46.0 67.0
58.0 49.0
44.0 76.0
51.0 55.0
45.0 70.0
50.0 56.0
50.0 56.0
46.0 67.0
42.0 84.0
58.0 49.0
58.0 49.0
62.0 46.0
54.0 50.0
47.0 61.0
63.0 44.0
42.0 84.0
58.0 49.0
50.0 56.0
58.0 49.0
63.0 44.0
58.0 49.0
51.0 55.0
47.0 61.0
47.0 61.0
47.0 61.0
47.0 61.0
45.0 70.0
43.0 82.0
50.0 56.0
51.0 55.0
52.0 54.0
43.0 82.0
58.0 49.0
50.0 56.0
50.0 56.0
42.0 84.0
