55.0 138.0
61.0 132.0
61.0 132.0
61.0 132.0
65.0 128.0
49.0 157.0
69.0 126.0
63.0 131.0
63.0 131.0
61.0 132.0
49.0 157.0
69.0 126.0
52.0 142.0
63.0 131.0
47.0 167.0
69.0 126.0
48.0 159.0
65.0 128.0
48.0 159.0
65.0 128.0
69.0 126.0
49.0 157.0
69.0 126.0
50.0 152.0
48.0 159.0
47.0 167.0
63.0 131.0
70.0 125.0
52.0 142.0
70.0 125.0
47.0 167.0
59.0 133.0
50.0 152.0
50.0 152.0
50.0 152.0
48.0 159.0
52.0 142.0
59.0 133.0
47.0 167.0
70.0 125.0
52.0 142.0
48.0 159.0
47.0 167.0
65.0 128.0
65.0 128.0
49.0 157.0
48.0 159.0
70.0 125.0
70.0 125.0
59.0 133.0
49.0 157.0
61.0 132.0
48.0 159.0
57.0 137.0
59.0 133.0
57.0 137.0
61.0 132.0
50.0 152.0
65.0 128.0
61.0 132.0
47.0 167.0
66.0 127.0
63.0 131.0
66.0 127.0
57.0 137.0
66.0 127.0
66.0 127.0
51.0 144.0
50.0 152.0
57.0 137.0
49.0 157.0
57.0 137.0
69.0 126.0
57.0 137.0
70.0 125.0
52.0 142.0
66.0 127.0
52.0 142.0
51.0 144.0
66.0 127.0
52.0 142.0
59.0 133.0
70.0 125.0
51.0 144.0
65.0 128.0
63.0 131.0
57.0 137.0
59.0 133.0
50.0 152.0
47.0 167.0
63.0 131.0
51.0 144.0
51.0 144.0
66.0 127.0
59.0 133.0
69.0 126.0
47.0 167.0
51.0 144.0
49.0 157.0
51.0 144.0
