35.0 660.0
34.0 663.0
34.0 663.0
34.0 663.0
34.0 663.0
22.0 795.0
22.0 795.0
22.0 795.0
22.0 795.0
22.0 795.0
22.0 795.0
35.0 660.0
22.0 795.0
22.0 795.0
23.0 752.0
25.0 708.0
39.0 651.0
39.0 651.0
34.0 663.0
31.0 674.0
35.0 660.0
39.0 651.0
31.0 674.0
26.0 701.0
25.0 708.0
26.0 701.0
25.0 708.0
39.0 651.0
34.0 663.0
34.0 663.0
32.0 668.0
26.0 701.0
39.0 651.0
26.0 701.0
31.0 674.0
29.0 678.0
32.0 668.0
29.0 678.0
23.0 752.0
32.0 668.0
26.0 701.0
29.0 678.0
31.0 674.0
25.0 708.0
28.0 688.0
33.0 664.0
25.0 708.0
32.0 668.0
35.0 660.0
33.0 664.0
33.0 664.0
28.0 688.0
35.0 660.0
30.0 676.0
39.0 651.0
33.0 664.0
27.0 696.0
26.0 701.0
26.0 701.0
27.0 696.0
28.0 688.0
33.0 664.0
27.0 696.0
39.0 651.0
25.0 708.0
32.0 668.0
30.0 676.0
32.0 668.0
25.0 708.0
35.0 660.0
31.0 674.0
33.0 664.0
27.0 696.0
26.0 701.0
32.0 668.0
28.0 688.0
29.0 678.0
32.0 668.0
30.0 676.0
28.0 688.0
27.0 696.0
31.0 674.0
28.0 688.0
28.0 688.0
31.0 674.0
25.0 708.0
30.0 676.0
29.0 678.0
35.0 660.0
39.0 651.0
28.0 688.0
30.0 676.0
27.0 696.0
29.0 678.0
33.0 664.0
29.0 678.0
27.0 696.0
27.0 696.0
30.0 676.0
30.0 676.0
