934.0 77.0
996.0 58.0
990.0 59.0
934.0 77.0
996.0 58.0
1106.0 48.0
934.0 77.0
988.0 61.0
1140.0 46.0
930.0 93.0
990.0 59.0
1106.0 48.0
934.0 77.0
988.0 61.0
930.0 93.0
988.0 61.0
1020.0 53.0
1030.0 51.0
1108.0 47.0
1020.0 53.0
930.0 93.0
1108.0 47.0
934.0 77.0
1030.0 51.0
996.0 58.0
930.0 93.0
1006.0 54.0
932.0 85.0
932.0 85.0
956.0 64.0
956.0 64.0
932.0 85.0
1006.0 54.0
1006.0 54.0
996.0 58.0
1030.0 51.0
1060.0 49.0
930.0 93.0
1060.0 49.0
1004.0 56.0
1020.0 53.0
960.0 63.0
1020.0 53.0
996.0 58.0
1106.0 48.0
990.0 59.0
932.0 85.0
988.0 61.0
1030.0 51.0
1108.0 47.0
988.0 61.0
1020.0 53.0
960.0 63.0
990.0 59.0
932.0 85.0
1060.0 49.0
1004.0 56.0
1140.0 46.0
960.0 63.0
960.0 63.0
1140.0 46.0
1006.0 54.0
1106.0 48.0
960.0 63.0
1140.0 46.0
1004.0 56.0
1020.0 53.0
956.0 64.0
944.0 71.0
1108.0 47.0
1060.0 49.0
1030.0 51.0
1006.0 54.0
1004.0 56.0
990.0 59.0
1140.0 46.0
944.0 71.0
1108.0 47.0
1140.0 46.0
956.0 64.0
944.0 71.0
988.0 61.0
1060.0 49.0
1106.0 48.0
1060.0 49.0
1006.0 54.0
944.0 71.0
944.0 71.0
960.0 63.0
956.0 64.0
934.0 77.0
1004.0 56.0
1004.0 56.0
956.0 64.0
930.0 93.0
1030.0 51.0
944.0 71.0
990.0 59.0
932.0 85.0
996.0 58.0
