8447.0 964.0
8147.0 1096.0
8183.0 1070.0
8381.0 984.0
8451.0 957.0
8381.0 984.0
8116.0 1115.0
8405.0 974.0
8239.0 1027.0
8572.0 930.0
8099.0 1131.0
8418.0 970.0
8468.0 953.0
8273.0 1013.0
8045.0 1183.0
8333.0 1002.0
8572.0 930.0
8222.0 1033.0
8141.0 1099.0
8482.0 950.0
8105.0 1124.0
8265.0 1022.0
8076.0 1153.0
8551.0 934.0
8368.0 988.0
8489.0 949.0
8030.0 1221.0
8405.0 974.0
8179.0 1072.0
8093.0 1136.0
8196.0 1050.0
8273.0 1013.0
8222.0 1033.0
8303.0 1004.0
8063.0 1158.0
8034.0 1187.0
8482.0 950.0
8078.0 1149.0
8149.0 1094.0
8030.0 1221.0
8368.0 988.0
8131.0 1106.0
8235.0 1032.0
8235.0 1032.0
8243.0 1023.0
8438.0 968.0
8063.0 1158.0
8510.0 940.0
8414.0 972.0
8508.0 945.0
8168.0 1083.0
8184.0 1064.0
8093.0 1136.0
8156.0 1090.0
8034.0 1187.0
8508.0 945.0
8051.0 1167.0
8138.0 1102.0
8524.0 937.0
8196.0 1050.0
8123.0 1111.0
8531.0 936.0
8184.0 1064.0
8088.0 1140.0
8438.0 968.0
8099.0 1131.0
8112.0 1120.0
8351.0 997.0
8156.0 1090.0
8392.0 978.0
8243.0 1023.0
8018.0 1230.0
8265.0 1022.0
8451.0 957.0
8134.0 1103.0
8045.0 1183.0
8130.0 1108.0
8087.0 1144.0
8510.0 940.0
8445.0 966.0
8531.0 936.0
8351.0 997.0
8524.0 937.0
8494.0 948.0
8468.0 953.0
8111.0 1122.0
8392.0 978.0
8104.0 1127.0
8303.0 1004.0
8192.0 1058.0
8192.0 1058.0
8333.0 1002.0
8018.0 1230.0
8214.0 1042.0
8168.0 1083.0
8551.0 934.0
8214.0 1042.0
8116.0 1115.0
8129.0 1110.0
8123.0 1111.0
