15442.0 3828.0
15634.0 3536.0
15476.0 3791.0
15490.0 3699.0
15425.0 3847.0
15579.0 3588.0
15704.0 3498.0
15831.0 3418.0
15742.0 3483.0
15776.0 3458.0
15521.0 3654.0
15540.0 3627.0
15534.0 3634.0
15552.0 3615.0
15877.0 3390.0
16054.0 3322.0
15465.0 3801.0
15645.0 3534.0
15605.0 3556.0
15566.0 3600.0
16041.0 3330.0
15553.0 3608.0
15784.0 3456.0
15941.0 3362.0
16145.0 3297.0
15923.0 3368.0
15712.0 3494.0
15735.0 3487.0
15424.0 3874.0
15661.0 3518.0
15960.0 3356.0
15430.0 3840.0
15868.0 3400.0
15612.0 3553.0
15455.0 3808.0
15988.0 3349.0
15800.0 3439.0
15484.0 3709.0
15515.0 3664.0
16096.0 3311.0
15762.0 3472.0
15407.0 3898.0
15931.0 3364.0
15894.0 3380.0
15697.0 3503.0
16015.0 3337.0
16074.0 3316.0
16156.0 3295.0
15559.0 3605.0
15791.0 3441.0
15470.0 3794.0
15654.0 3526.0
16125.0 3303.0
15871.0 3393.0
15674.0 3512.0
15415.0 3883.0
15449.0 3822.0
16085.0 3313.0
15502.0 3680.0
15412.0 3891.0
15752.0 3480.0
15613.0 3544.0
16033.0 3332.0
15626.0 3538.0
15528.0 3648.0
15509.0 3673.0
16135.0 3302.0
15586.0 3573.0
15840.0 3416.0
16110.0 3309.0
15478.0 3755.0
15599.0 3565.0
15823.0 3422.0
15806.0 3432.0
15814.0 3428.0
15686.0 3509.0
15973.0 3352.0
16117.0 3305.0
15580.0 3579.0
15572.0 3591.0
15886.0 3384.0
15854.0 3403.0
15592.0 3570.0
16004.0 3339.0
15722.0 3493.0
15949.0 3358.0
15496.0 3690.0
15982.0 3350.0
16065.0 3319.0
15547.0 3622.0
15437.0 3835.0
15967.0 3355.0
16023.0 3336.0
15769.0 3465.0
15906.0 3378.0
15450.0 3815.0
15788.0 3448.0
16104.0 3310.0
15996.0 3343.0
15914.0 3374.0
