193.0 1256.0
194.0 1242.0
195.0 1239.0
196.0 1229.0
197.0 1226.0
198.0 1217.0
199.0 1216.0
200.0 1210.0
201.0 1204.0
202.0 1190.0
203.0 1181.0
204.0 1170.0
205.0 1165.0
207.0 1160.0
208.0 1149.0
209.0 1147.0
210.0 1134.0
211.0 1125.0
212.0 1122.0
213.0 1113.0
214.0 1110.0
215.0 1108.0
216.0 1099.0
217.0 1096.0
218.0 1095.0
219.0 1088.0
221.0 1083.0
222.0 1076.0
227.0 1073.0
228.0 1071.0
229.0 1066.0
230.0 1060.0
232.0 1056.0
233.0 1050.0
235.0 1042.0
240.0 1041.0
241.0 1036.0
246.0 1035.0
247.0 1032.0
248.0 1025.0
250.0 1019.0
252.0 1013.0
254.0 1011.0
255.0 1007.0
257.0 1001.0
259.0 999.0
261.0 998.0
262.0 997.0
263.0 996.0
265.0 995.0
266.0 994.0
267.0 990.0
269.0 988.0
271.0 985.0
273.0 983.0
276.0 980.0
279.0 979.0
282.0 976.0
292.0 972.0
293.0 971.0
296.0 968.0
307.0 967.0
309.0 966.0
310.0 965.0
311.0 959.0
315.0 955.0
322.0 951.0
