9926.0 1907.0
9929.0 1905.0
9930.0 1882.0
9933.0 1880.0
9936.0 1874.0
9937.0 1867.0
9942.0 1857.0
9943.0 1850.0
9949.0 1844.0
9951.0 1843.0
9956.0 1833.0
9957.0 1826.0
9963.0 1820.0
9973.0 1815.0
9980.0 1809.0
9990.0 1799.0
9992.0 1795.0
10000.0 1793.0
10002.0 1790.0
10007.0 1788.0
10008.0 1787.0
10010.0 1783.0
10016.0 1782.0
10017.0 1769.0
10021.0 1758.0
10029.0 1753.0
10033.0 1742.0
10046.0 1737.0
10047.0 1730.0
10048.0 1725.0
10052.0 1721.0
10054.0 1716.0
10059.0 1708.0
10063.0 1694.0
10074.0 1693.0
10076.0 1684.0
10080.0 1683.0
10083.0 1681.0
10089.0 1670.0
10100.0 1669.0
10102.0 1660.0
10106.0 1659.0
10109.0 1657.0
10117.0 1655.0
10119.0 1649.0
10126.0 1646.0
10134.0 1643.0
10139.0 1640.0
10145.0 1639.0
10146.0 1637.0
10147.0 1633.0
10154.0 1630.0
10162.0 1627.0
10167.0 1624.0
10174.0 1621.0
10182.0 1616.0
10189.0 1613.0
10197.0 1610.0
10202.0 1607.0
10208.0 1606.0
10209.0 1604.0
10210.0 1600.0
10217.0 1597.0
10225.0 1594.0
10230.0 1591.0
10237.0 1588.0
10248.0 1584.0
10256.0 1580.0
10264.0 1579.0
10266.0 1575.0
10271.0 1564.0
10279.0 1560.0
10287.0 1559.0
10294.0 1556.0
10295.0 1555.0
10304.0 1551.0
10314.0 1548.0
10317.0 1547.0
10323.0 1544.0
10329.0 1540.0
10331.0 1539.0
10338.0 1537.0
10344.0 1536.0
10345.0 1535.0
10347.0 1534.0
10350.0 1533.0
10354.0 1531.0
10363.0 1526.0
10370.0 1524.0
10379.0 1521.0
10388.0 1519.0
10395.0 1518.0
10398.0 1513.0
10416.0 1508.0
10423.0 1507.0
10435.0 1506.0
10436.0 1504.0
10441.0 1502.0
10448.0 1501.0
10454.0 1498.0
10461.0 1497.0
10464.0 1494.0
10479.0 1492.0
10486.0 1489.0
10493.0 1488.0
10502.0 1485.0
10511.0 1483.0
10514.0 1482.0
10524.0 1479.0
10530.0 1478.0
10534.0 1475.0
10548.0 1473.0
10553.0 1471.0
10574.0 1470.0
10587.0 1467.0
10592.0 1465.0
