12924.0 3575.0
12927.0 3376.0
12929.0 3374.0
12932.0 3361.0
12934.0 3359.0
12936.0 3344.0
12937.0 3333.0
12938.0 3326.0
12943.0 3318.0
12944.0 3311.0
12946.0 3306.0
12949.0 3296.0
12950.0 3289.0
12952.0 3288.0
12955.0 3278.0
12956.0 3271.0
12959.0 3259.0
12960.0 3255.0
12968.0 3245.0
12969.0 3241.0
12975.0 3236.0
12982.0 3233.0
12983.0 3227.0
12990.0 3223.0
12997.0 3222.0
12998.0 3221.0
13001.0 3219.0
13002.0 3213.0
13003.0 3203.0
13006.0 3199.0
13010.0 3194.0
13015.0 3183.0
13019.0 3178.0
13022.0 3166.0
13023.0 3164.0
13031.0 3150.0
13032.0 3148.0
13039.0 3131.0
13048.0 3115.0
13058.0 3110.0
13060.0 3106.0
13066.0 3105.0
13067.0 3094.0
13070.0 3090.0
13076.0 3086.0
13079.0 3074.0
13089.0 3069.0
13091.0 3065.0
13097.0 3064.0
13098.0 3053.0
13103.0 3052.0
13107.0 3045.0
13110.0 3044.0
13119.0 3040.0
13122.0 3031.0
13127.0 3028.0
13131.0 3026.0
13136.0 3025.0
13139.0 3019.0
13143.0 3017.0
13146.0 3007.0
13150.0 3005.0
13155.0 2999.0
13158.0 2998.0
13159.0 2997.0
13162.0 2996.0
13170.0 2985.0
13174.0 2983.0
13175.0 2981.0
13184.0 2979.0
13187.0 2972.0
13192.0 2970.0
13193.0 2965.0
13201.0 2962.0
13202.0 2960.0
13203.0 2949.0
13212.0 2941.0
13215.0 2940.0
13221.0 2936.0
13224.0 2935.0
13226.0 2931.0
13227.0 2930.0
13230.0 2925.0
13234.0 2916.0
13243.0 2911.0
13248.0 2910.0
13257.0 2905.0
13258.0 2904.0
13261.0 2903.0
13266.0 2895.0
13268.0 2890.0
13277.0 2885.0
13287.0 2882.0
13292.0 2877.0
13300.0 2869.0
13309.0 2864.0
13318.0 2859.0
13324.0 2857.0
13332.0 2853.0
13333.0 2850.0
13339.0 2849.0
13340.0 2848.0
13342.0 2841.0
13357.0 2834.0
13364.0 2832.0
13365.0 2829.0
13371.0 2828.0
13376.0 2817.0
13391.0 2810.0
13404.0 2807.0
13409.0 2804.0
13415.0 2803.0
13418.0 2802.0
13419.0 2800.0
13420.0 2798.0
13426.0 2795.0
13435.0 2791.0
13436.0 2788.0
13444.0 2787.0
13448.0 2782.0
13450.0 2781.0
13454.0 2776.0
13463.0 2775.0
13464.0 2767.0
13475.0 2764.0
13476.0 2761.0
13483.0 2760.0
13490.0 2748.0
13502.0 2742.0
13509.0 2741.0
13517.0 2740.0
13525.0 2736.0
13529.0 2734.0
13536.0 2733.0
13546.0 2722.0
13571.0 2721.0
13573.0 2714.0
13598.0 2713.0
13600.0 2712.0
13601.0 2709.0
13602.0 2707.0
13625.0 2706.0
13626.0 2705.0
13628.0 2701.0
13632.0 2700.0
13646.0 2698.0
13659.0 2693.0
13662.0 2690.0
13672.0 2689.0
13673.0 2688.0
13676.0 2683.0
13686.0 2682.0
13689.0 2677.0
13692.0 2676.0
13700.0 2675.0
13703.0 2670.0
13711.0 2668.0
13719.0 2663.0
13727.0 2661.0
13735.0 2660.0
13738.0 2655.0
13747.0 2654.0
13751.0 2650.0
13754.0 2648.0
13764.0 2647.0
13766.0 2646.0
13767.0 2643.0
13777.0 2642.0
13779.0 2641.0
13782.0 2639.0
13792.0 2638.0
13795.0 2634.0
13805.0 2633.0
13818.0 2630.0
13828.0 2629.0
13836.0 2627.0
13838.0 2626.0
13841.0 2624.0
13849.0 2622.0
13854.0 2619.0
13862.0 2617.0
13869.0 2615.0
13877.0 2613.0
13882.0 2610.0
13890.0 2608.0
13905.0 2606.0
13907.0 2605.0
13913.0 2604.0
13915.0 2603.0
13930.0 2601.0
13937.0 2600.0
13938.0 2599.0
13945.0 2598.0
13960.0 2596.0
13968.0 2594.0
13994.0 2593.0
