15289.0 4068.0
15290.0 4064.0
15292.0 4038.0
15295.0 4031.0
15296.0 4027.0
15299.0 4020.0
15300.0 4012.0
15301.0 3979.0
15305.0 3968.0
15310.0 3963.0
15311.0 3960.0
15315.0 3956.0
15316.0 3951.0
15317.0 3946.0
15320.0 3945.0
15322.0 3935.0
15323.0 3934.0
15326.0 3933.0
15327.0 3910.0
15330.0 3909.0
15332.0 3903.0
15334.0 3890.0
15337.0 3889.0
15341.0 3882.0
15343.0 3879.0
15345.0 3873.0
15347.0 3872.0
15348.0 3862.0
15354.0 3861.0
15356.0 3859.0
15357.0 3857.0
15358.0 3854.0
15359.0 3845.0
15362.0 3842.0
15368.0 3839.0
15370.0 3837.0
15372.0 3829.0
15375.0 3819.0
15380.0 3811.0
15383.0 3810.0
15386.0 3801.0
15391.0 3800.0
15392.0 3795.0
15393.0 3794.0
15394.0 3783.0
15400.0 3782.0
15403.0 3778.0
15406.0 3776.0
15410.0 3775.0
15414.0 3770.0
15416.0 3758.0
15418.0 3749.0
15424.0 3736.0
15426.0 3727.0
15433.0 3720.0
15435.0 3711.0
15441.0 3710.0
15445.0 3706.0
15446.0 3696.0
15449.0 3688.0
15454.0 3685.0
15456.0 3681.0
15457.0 3677.0
15459.0 3674.0
15460.0 3673.0
15462.0 3666.0
15465.0 3662.0
15467.0 3654.0
15471.0 3651.0
15475.0 3643.0
15478.0 3639.0
15480.0 3632.0
15484.0 3629.0
15486.0 3628.0
15491.0 3617.0
15495.0 3615.0
15497.0 3611.0
15501.0 3608.0
15505.0 3604.0
15506.0 3600.0
15508.0 3596.0
15514.0 3593.0
15516.0 3589.0
15521.0 3584.0
15523.0 3583.0
15525.0 3582.0
15527.0 3578.0
15531.0 3575.0
15535.0 3571.0
15536.0 3567.0
15538.0 3563.0
15544.0 3560.0
15546.0 3556.0
15553.0 3553.0
15555.0 3551.0
15556.0 3550.0
15559.0 3549.0
15561.0 3545.0
15567.0 3542.0
15569.0 3538.0
15576.0 3535.0
15578.0 3533.0
15579.0 3532.0
15585.0 3530.0
15586.0 3529.0
15588.0 3527.0
15589.0 3525.0
15591.0 3520.0
15595.0 3518.0
15597.0 3514.0
15601.0 3511.0
15605.0 3507.0
15606.0 3503.0
15608.0 3499.0
15614.0 3496.0
15616.0 3492.0
15623.0 3489.0
15625.0 3487.0
15626.0 3486.0
15632.0 3484.0
15633.0 3483.0
15635.0 3481.0
15640.0 3477.0
15645.0 3474.0
15646.0 3473.0
15651.0 3467.0
15656.0 3465.0
15657.0 3463.0
15662.0 3460.0
15665.0 3456.0
15667.0 3455.0
15668.0 3452.0
15673.0 3451.0
15674.0 3448.0
15676.0 3441.0
15686.0 3440.0
15687.0 3434.0
15692.0 3429.0
15700.0 3425.0
15703.0 3422.0
15705.0 3421.0
15711.0 3417.0
15714.0 3410.0
15720.0 3408.0
15725.0 3403.0
15731.0 3401.0
15740.0 3397.0
15744.0 3396.0
15745.0 3394.0
15750.0 3393.0
15751.0 3392.0
15753.0 3391.0
15756.0 3387.0
15762.0 3385.0
15765.0 3382.0
15766.0 3381.0
15767.0 3380.0
15772.0 3379.0
15774.0 3375.0
15776.0 3371.0
15785.0 3366.0
15786.0 3363.0
15793.0 3360.0
15795.0 3358.0
15798.0 3356.0
15802.0 3355.0
15805.0 3354.0
15806.0 3352.0
15807.0 3344.0
15816.0 3339.0
15825.0 3335.0
15827.0 3332.0
15834.0 3330.0
15836.0 3327.0
15838.0 3323.0
15847.0 3318.0
15856.0 3315.0
15857.0 3314.0
15861.0 3310.0
15866.0 3309.0
15870.0 3305.0
15879.0 3301.0
15888.0 3296.0
15900.0 3293.0
15903.0 3292.0
15910.0 3290.0
15912.0 3287.0
15924.0 3284.0
15928.0 3283.0
15930.0 3279.0
15935.0 3278.0
15942.0 3276.0
15946.0 3275.0
15950.0 3272.0
15952.0 3270.0
15955.0 3269.0
15957.0 3263.0
15965.0 3260.0
15968.0 3259.0
15971.0 3252.0
15979.0 3249.0
15983.0 3245.0
15985.0 3243.0
15993.0 3240.0
15998.0 3236.0
16002.0 3234.0
16007.0 3230.0
16016.0 3228.0
16021.0 3225.0
16025.0 3223.0
16030.0 3219.0
16034.0 3217.0
16039.0 3213.0
16043.0 3210.0
16049.0 3208.0
16052.0 3207.0
16053.0 3204.0
16063.0 3201.0
16067.0 3199.0
16069.0 3198.0
16073.0 3197.0
16075.0 3193.0
16081.0 3191.0
16084.0 3190.0
16085.0 3187.0
16095.0 3186.0
16101.0 3184.0
16104.0 3183.0
16105.0 3180.0
16127.0 3175.0
16134.0 3174.0
16140.0 3173.0
16152.0 3172.0
16161.0 3169.0
16167.0 3167.0
16172.0 3165.0
16181.0 3162.0
16187.0 3160.0
16210.0 3157.0
16238.0 3155.0
16260.0 3154.0
16262.0 3153.0
16269.0 3151.0
16275.0 3149.0
16287.0 3148.0
16293.0 3146.0
16316.0 3143.0
16344.0 3141.0
16368.0 3139.0
16385.0 3137.0
16403.0 3134.0
16426.0 3131.0
