29739.0 11604.0
29742.0 11587.0
29744.0 11579.0
29746.0 11556.0
29749.0 11539.0
29753.0 11537.0
29754.0 11535.0
29755.0 11525.0
29756.0 11524.0
29757.0 11518.0
29758.0 11509.0
29760.0 11504.0
29762.0 11477.0
29764.0 11454.0
29766.0 11431.0
29768.0 11408.0
29771.0 11391.0
29775.0 11379.0
29777.0 11356.0
29780.0 11339.0
29784.0 11328.0
29787.0 11311.0
29790.0 11307.0
29791.0 11306.0
29792.0 11301.0
29793.0 11300.0
29794.0 11294.0
29796.0 11293.0
29797.0 11289.0
29798.0 11284.0
29799.0 11276.0
29800.0 11272.0
29801.0 11270.0
29804.0 11263.0
29805.0 11256.0
29806.0 11254.0
29807.0 11246.0
29808.0 11242.0
29812.0 11240.0
29813.0 11226.0
29817.0 11221.0
29819.0 11216.0
29824.0 11206.0
29827.0 11203.0
29828.0 11201.0
29830.0 11196.0
29834.0 11192.0
29835.0 11187.0
29839.0 11182.0
29841.0 11177.0
29845.0 11173.0
29847.0 11166.0
29851.0 11161.0
29853.0 11156.0
29855.0 11154.0
29856.0 11148.0
29858.0 11146.0
29861.0 11143.0
29862.0 11138.0
29864.0 11134.0
29867.0 11128.0
29869.0 11127.0
29870.0 11124.0
29873.0 11118.0
29875.0 11114.0
29878.0 11109.0
29881.0 11104.0
29884.0 11099.0
29886.0 11095.0
29889.0 11094.0
29890.0 11090.0
29892.0 11085.0
29896.0 11083.0
29898.0 11076.0
29900.0 11075.0
29902.0 11074.0
29904.0 11069.0
29906.0 11066.0
29910.0 11060.0
29912.0 11059.0
29917.0 11053.0
29918.0 11050.0
29923.0 11047.0
29924.0 11045.0
29925.0 11042.0
29929.0 11038.0
29930.0 11037.0
29931.0 11033.0
29935.0 11030.0
29936.0 11029.0
29937.0 11024.0
29939.0 11023.0
29941.0 11022.0
29942.0 11021.0
29943.0 11016.0
29945.0 11014.0
29949.0 11008.0
29951.0 11007.0
29955.0 11000.0
29957.0 10998.0
29962.0 10993.0
29964.0 10991.0
29971.0 10987.0
29972.0 10986.0
29973.0 10985.0
29977.0 10984.0
29978.0 10980.0
29979.0 10979.0
29980.0 10978.0
29983.0 10975.0
29984.0 10972.0
29986.0 10970.0
29990.0 10968.0
29991.0 10965.0
29993.0 10963.0
29996.0 10960.0
29998.0 10957.0
30001.0 10956.0
30003.0 10953.0
30005.0 10950.0
30008.0 10949.0
30011.0 10946.0
30013.0 10944.0
30014.0 10943.0
30015.0 10942.0
30018.0 10939.0
30020.0 10935.0
30021.0 10934.0
30025.0 10933.0
30026.0 10929.0
30027.0 10928.0
30028.0 10927.0
30032.0 10924.0
30033.0 10922.0
30035.0 10921.0
30037.0 10917.0
30040.0 10914.0
30042.0 10908.0
30044.0 10904.0
30047.0 10901.0
30051.0 10900.0
30052.0 10899.0
30053.0 10896.0
30055.0 10891.0
30057.0 10885.0
30061.0 10884.0
30063.0 10880.0
30065.0 10876.0
30068.0 10871.0
30070.0 10867.0
30073.0 10864.0
30076.0 10863.0
30078.0 10857.0
30080.0 10853.0
30083.0 10850.0
30087.0 10847.0
30090.0 10844.0
30091.0 10840.0
30094.0 10837.0
30097.0 10836.0
30098.0 10834.0
30099.0 10832.0
30101.0 10831.0
30102.0 10829.0
30107.0 10827.0
30108.0 10824.0
30110.0 10819.0
30113.0 10816.0
30120.0 10813.0
30123.0 10811.0
30124.0 10806.0
30126.0 10802.0
30129.0 10799.0
30135.0 10797.0
30136.0 10795.0
30137.0 10789.0
30140.0 10786.0
30147.0 10782.0
30150.0 10779.0
30151.0 10778.0
30154.0 10775.0
30158.0 10772.0
30160.0 10770.0
30161.0 10769.0
30163.0 10765.0
30166.0 10762.0
30172.0 10761.0
30173.0 10759.0
30174.0 10752.0
30177.0 10749.0
30184.0 10747.0
30186.0 10746.0
30187.0 10742.0
30188.0 10741.0
30191.0 10738.0
30195.0 10735.0
30197.0 10733.0
30198.0 10732.0
30199.0 10731.0
30200.0 10730.0
30205.0 10726.0
30207.0 10725.0
30209.0 10717.0
30213.0 10716.0
30215.0 10710.0
30216.0 10709.0
30221.0 10704.0
30225.0 10703.0
30226.0 10699.0
30227.0 10696.0
30230.0 10695.0
30233.0 10694.0
30234.0 10693.0
30235.0 10686.0
30236.0 10685.0
30239.0 10683.0
30240.0 10682.0
30241.0 10681.0
30243.0 10680.0
30244.0 10669.0
30245.0 10668.0
30250.0 10666.0
30256.0 10664.0
30259.0 10657.0
30260.0 10656.0
30263.0 10651.0
30264.0 10649.0
30265.0 10648.0
30270.0 10646.0
30271.0 10644.0
30272.0 10643.0
30273.0 10642.0
30274.0 10641.0
30276.0 10639.0
30278.0 10636.0
30280.0 10635.0
30281.0 10632.0
30282.0 10631.0
30284.0 10626.0
30288.0 10625.0
30289.0 10624.0
30291.0 10621.0
30293.0 10619.0
30295.0 10616.0
30298.0 10613.0
30299.0 10612.0
30301.0 10611.0
30302.0 10610.0
30304.0 10606.0
30307.0 10602.0
30308.0 10601.0
30312.0 10596.0
30318.0 10593.0
30319.0 10592.0
30322.0 10590.0
30323.0 10589.0
30325.0 10588.0
30326.0 10587.0
30327.0 10584.0
30331.0 10581.0
30333.0 10580.0
30334.0 10577.0
30335.0 10576.0
30337.0 10575.0
30339.0 10571.0
30341.0 10570.0
30345.0 10568.0
30346.0 10567.0
30348.0 10566.0
30352.0 10565.0
30354.0 10564.0
30355.0 10563.0
30356.0 10560.0
30362.0 10557.0
30363.0 10555.0
30365.0 10554.0
30367.0 10553.0
30369.0 10552.0
30370.0 10551.0
30371.0 10548.0
30372.0 10547.0
30374.0 10546.0
30375.0 10545.0
30377.0 10544.0
30378.0 10541.0
30379.0 10540.0
30381.0 10539.0
30383.0 10535.0
30385.0 10534.0
30389.0 10532.0
30390.0 10531.0
30392.0 10530.0
30396.0 10529.0
30398.0 10528.0
30399.0 10527.0
30401.0 10526.0
30404.0 10524.0
30407.0 10519.0
30409.0 10518.0
30411.0 10517.0
30413.0 10516.0
30415.0 10514.0
30416.0 10511.0
30418.0 10510.0
30420.0 10509.0
30422.0 10508.0
30428.0 10506.0
30430.0 10504.0
30431.0 10501.0
30433.0 10500.0
30435.0 10499.0
30437.0 10498.0
30442.0 10497.0
30444.0 10496.0
30447.0 10491.0
30453.0 10487.0
30455.0 10486.0
30459.0 10478.0
30461.0 10477.0
30467.0 10475.0
30469.0 10474.0
30473.0 10473.0
30479.0 10471.0
30481.0 10470.0
30482.0 10469.0
30488.0 10461.0
30490.0 10460.0
30496.0 10458.0
30498.0 10457.0
30502.0 10456.0
30503.0 10454.0
30504.0 10449.0
30508.0 10444.0
30510.0 10440.0
30518.0 10437.0
30522.0 10434.0
30530.0 10431.0
30533.0 10427.0
30538.0 10426.0
30541.0 10424.0
30546.0 10423.0
30547.0 10417.0
30555.0 10414.0
30561.0 10413.0
30568.0 10411.0
30569.0 10410.0
30575.0 10403.0
30583.0 10400.0
30589.0 10399.0
30590.0 10396.0
30597.0 10395.0
30598.0 10393.0
30601.0 10390.0
30609.0 10387.0
30613.0 10383.0
30615.0 10380.0
30623.0 10377.0
30627.0 10373.0
30635.0 10370.0
30643.0 10366.0
30651.0 10363.0
30654.0 10361.0
30656.0 10356.0
30662.0 10351.0
30664.0 10348.0
30668.0 10345.0
30670.0 10343.0
30676.0 10337.0
30682.0 10331.0
30688.0 10329.0
30690.0 10323.0
30696.0 10321.0
30698.0 10320.0
30706.0 10315.0
30712.0 10309.0
30718.0 10307.0
30719.0 10303.0
30720.0 10301.0
30726.0 10299.0
30727.0 10295.0
30733.0 10289.0
30739.0 10287.0
30741.0 10281.0
30747.0 10279.0
30749.0 10278.0
30753.0 10275.0
30757.0 10273.0
30761.0 10272.0
30763.0 10267.0
30769.0 10265.0
30771.0 10259.0
30777.0 10257.0
30779.0 10256.0
30780.0 10255.0
30783.0 10253.0
30788.0 10252.0
30789.0 10251.0
30791.0 10250.0
30792.0 10249.0
30795.0 10247.0
30800.0 10244.0
30801.0 10243.0
30806.0 10242.0
30807.0 10241.0
30808.0 10236.0
30814.0 10234.0
30816.0 10233.0
30817.0 10232.0
30820.0 10230.0
30825.0 10229.0
30828.0 10228.0
30829.0 10226.0
30836.0 10225.0
30837.0 10224.0
30838.0 10220.0
30844.0 10218.0
30846.0 10217.0
30847.0 10216.0
30849.0 10214.0
30854.0 10210.0
30859.0 10209.0
30860.0 10208.0
30862.0 10207.0
30863.0 10206.0
30866.0 10204.0
30871.0 10203.0
30872.0 10202.0
30873.0 10201.0
30875.0 10200.0
30878.0 10198.0
30883.0 10194.0
30889.0 10192.0
30890.0 10191.0
30891.0 10187.0
30897.0 10185.0
30899.0 10184.0
30900.0 10183.0
30903.0 10181.0
30908.0 10180.0
30911.0 10179.0
30912.0 10177.0
30919.0 10176.0
30920.0 10175.0
30922.0 10174.0
30928.0 10171.0
30931.0 10170.0
30934.0 10167.0
30936.0 10166.0
30940.0 10165.0
30942.0 10164.0
30943.0 10163.0
30945.0 10162.0
30948.0 10159.0
30954.0 10157.0
30956.0 10156.0
30957.0 10152.0
30963.0 10150.0
30965.0 10149.0
30966.0 10145.0
30972.0 10143.0
30974.0 10142.0
30975.0 10141.0
30981.0 10139.0
30983.0 10138.0
30987.0 10135.0
30993.0 10133.0
30995.0 10132.0
30996.0 10131.0
31002.0 10129.0
31004.0 10128.0
31010.0 10124.0
31014.0 10123.0
31018.0 10121.0
31019.0 10117.0
31025.0 10115.0
31027.0 10114.0
31028.0 10113.0
31034.0 10111.0
31036.0 10110.0
31040.0 10107.0
31046.0 10105.0
31052.0 10104.0
31053.0 10103.0
31055.0 10099.0
31064.0 10095.0
31072.0 10089.0
31085.0 10085.0
31096.0 10084.0
31098.0 10083.0
31100.0 10082.0
31103.0 10079.0
31111.0 10072.0
31120.0 10068.0
31133.0 10067.0
31134.0 10065.0
31138.0 10064.0
31142.0 10062.0
31146.0 10061.0
31149.0 10060.0
31151.0 10058.0
31155.0 10057.0
31158.0 10056.0
31159.0 10055.0
31161.0 10050.0
31162.0 10043.0
31172.0 10031.0
31188.0 10026.0
31192.0 10017.0
31200.0 10007.0
31216.0 10003.0
31223.0 9989.0
31240.0 9985.0
31241.0 9978.0
31251.0 9977.0
31254.0 9967.0
31270.0 9963.0
31277.0 9949.0
31302.0 9935.0
31338.0 9930.0
31356.0 9922.0
31363.0 9919.0
31369.0 9915.0
31377.0 9909.0
31379.0 9907.0
31381.0 9906.0
31383.0 9900.0
31385.0 9898.0
31393.0 9897.0
31398.0 9896.0
31399.0 9892.0
31403.0 9890.0
31405.0 9884.0
31411.0 9882.0
31413.0 9880.0
31419.0 9874.0
31424.0 9871.0
31429.0 9870.0
31437.0 9869.0
31441.0 9868.0
31442.0 9866.0
31443.0 9864.0
31446.0 9863.0
31447.0 9858.0
31452.0 9853.0
31457.0 9852.0
31462.0 9851.0
31465.0 9849.0
31468.0 9846.0
31472.0 9845.0
31475.0 9842.0
31483.0 9839.0
31488.0 9838.0
31496.0 9837.0
31500.0 9836.0
31502.0 9832.0
31507.0 9831.0
31511.0 9830.0
31516.0 9829.0
31524.0 9827.0
31525.0 9826.0
31530.0 9823.0
31535.0 9821.0
31540.0 9820.0
31544.0 9816.0
31549.0 9815.0
31554.0 9814.0
31559.0 9813.0
31563.0 9809.0
31568.0 9808.0
31573.0 9806.0
31592.0 9799.0
31622.0 9796.0
31627.0 9795.0
31631.0 9794.0
31640.0 9791.0
31650.0 9787.0
31659.0 9784.0
31671.0 9779.0
31676.0 9778.0
31690.0 9772.0
31695.0 9771.0
31740.0 9770.0
31742.0 9768.0
31756.0 9767.0
31759.0 9766.0
31764.0 9763.0
31766.0 9761.0
31774.0 9760.0
31775.0 9758.0
31787.0 9755.0
31789.0 9753.0
31796.0 9751.0
31798.0 9749.0
31809.0 9747.0
31811.0 9746.0
31813.0 9744.0
31818.0 9743.0
31826.0 9742.0
31827.0 9740.0
31828.0 9739.0
31829.0 9738.0
31835.0 9735.0
31837.0 9733.0
31849.0 9732.0
31851.0 9731.0
31853.0 9729.0
31857.0 9727.0
31866.0 9724.0
31873.0 9723.0
31875.0 9720.0
31877.0 9718.0
31891.0 9716.0
31895.0 9714.0
31897.0 9712.0
31906.0 9709.0
31920.0 9708.0
31922.0 9707.0
31926.0 9703.0
31937.0 9700.0
31951.0 9699.0
31957.0 9694.0
31983.0 9692.0
31987.0 9691.0
31992.0 9690.0
31997.0 9688.0
32002.0 9687.0
32012.0 9686.0
32013.0 9680.0
32017.0 9679.0
32032.0 9675.0
32052.0 9673.0
32056.0 9672.0
32060.0 9671.0
32071.0 9668.0
32078.0 9667.0
32094.0 9666.0
32098.0 9665.0
32099.0 9664.0
32110.0 9662.0
32113.0 9661.0
32117.0 9660.0
32133.0 9656.0
32153.0 9654.0
32157.0 9653.0
32171.0 9652.0
32172.0 9649.0
32213.0 9648.0
32229.0 9644.0
32251.0 9642.0
32253.0 9641.0
32518.0 9639.0
