15256.0 3979.0
15259.0 3954.0
15266.0 3946.0
15267.0 3939.0
15271.0 3916.0
15278.0 3897.0
15283.0 3888.0
15286.0 3882.0
15290.0 3869.0
15297.0 3861.0
15298.0 3854.0
15304.0 3850.0
15306.0 3846.0
15310.0 3845.0
15312.0 3842.0
15316.0 3840.0
15317.0 3837.0
15318.0 3830.0
15324.0 3826.0
15326.0 3822.0
15327.0 3816.0
15332.0 3805.0
15334.0 3803.0
15337.0 3799.0
15338.0 3794.0
15343.0 3793.0
15344.0 3788.0
15345.0 3783.0
15350.0 3782.0
15352.0 3778.0
15353.0 3775.0
15356.0 3766.0
15358.0 3758.0
15361.0 3755.0
15364.0 3746.0
15366.0 3738.0
15369.0 3735.0
15373.0 3731.0
15375.0 3726.0
15378.0 3722.0
15380.0 3718.0
15384.0 3714.0
15387.0 3706.0
15389.0 3702.0
15391.0 3698.0
15395.0 3694.0
15400.0 3693.0
15404.0 3691.0
15408.0 3689.0
15410.0 3685.0
15415.0 3684.0
15419.0 3682.0
15420.0 3680.0
15421.0 3678.0
15423.0 3674.0
15425.0 3670.0
15429.0 3666.0
15434.0 3665.0
15435.0 3664.0
15438.0 3663.0
15439.0 3660.0
15444.0 3657.0
15449.0 3656.0
15453.0 3654.0
15454.0 3651.0
15459.0 3650.0
15460.0 3648.0
15464.0 3646.0
15468.0 3642.0
15470.0 3638.0
15474.0 3634.0
15479.0 3633.0
15480.0 3632.0
15483.0 3631.0
15484.0 3628.0
15488.0 3626.0
15489.0 3625.0
15494.0 3624.0
15497.0 3617.0
15502.0 3610.0
15508.0 3608.0
15509.0 3607.0
15511.0 3603.0
15514.0 3600.0
15515.0 3593.0
15517.0 3592.0
15519.0 3589.0
15523.0 3584.0
15524.0 3580.0
15526.0 3578.0
15528.0 3570.0
15531.0 3569.0
15535.0 3558.0
15542.0 3547.0
15551.0 3546.0
15553.0 3543.0
15556.0 3542.0
15557.0 3535.0
15560.0 3531.0
15564.0 3523.0
15567.0 3520.0
15571.0 3512.0
15580.0 3509.0
15586.0 3507.0
15590.0 3505.0
15592.0 3503.0
15594.0 3497.0
15604.0 3496.0
15605.0 3494.0
15609.0 3492.0
15613.0 3484.0
15622.0 3481.0
15628.0 3479.0
15629.0 3476.0
15634.0 3475.0
15635.0 3471.0
15636.0 3469.0
15641.0 3466.0
15643.0 3465.0
15644.0 3461.0
15652.0 3455.0
15662.0 3454.0
15663.0 3453.0
15664.0 3449.0
15666.0 3447.0
15674.0 3440.0
15680.0 3439.0
15683.0 3436.0
15684.0 3427.0
15689.0 3426.0
15692.0 3424.0
15695.0 3422.0
15696.0 3421.0
15697.0 3412.0
15701.0 3411.0
15702.0 3406.0
15710.0 3402.0
15718.0 3401.0
15721.0 3399.0
15724.0 3397.0
15727.0 3393.0
15730.0 3387.0
15731.0 3381.0
15734.0 3379.0
15739.0 3377.0
15741.0 3375.0
15746.0 3374.0
15749.0 3371.0
15751.0 3370.0
15759.0 3368.0
15764.0 3366.0
15766.0 3363.0
15774.0 3360.0
15776.0 3359.0
15777.0 3358.0
15783.0 3353.0
15788.0 3351.0
15791.0 3349.0
15793.0 3347.0
15798.0 3346.0
15799.0 3345.0
15801.0 3343.0
15807.0 3341.0
15812.0 3340.0
15815.0 3338.0
15818.0 3336.0
15823.0 3335.0
15824.0 3334.0
15826.0 3332.0
15831.0 3330.0
15832.0 3329.0
15837.0 3328.0
15840.0 3326.0
15843.0 3324.0
15850.0 3321.0
15856.0 3319.0
15859.0 3310.0
15863.0 3307.0
15873.0 3305.0
15877.0 3297.0
15881.0 3294.0
15886.0 3292.0
15887.0 3290.0
15891.0 3287.0
15901.0 3281.0
15905.0 3277.0
15909.0 3274.0
15914.0 3272.0
15917.0 3271.0
15923.0 3269.0
15928.0 3267.0
15931.0 3266.0
15937.0 3265.0
15942.0 3262.0
15943.0 3256.0
15948.0 3254.0
15954.0 3253.0
15961.0 3248.0
15966.0 3246.0
15969.0 3245.0
15972.0 3240.0
15976.0 3238.0
15980.0 3237.0
15986.0 3235.0
15989.0 3232.0
15991.0 3231.0
15994.0 3230.0
15996.0 3229.0
15999.0 3228.0
16005.0 3226.0
16008.0 3225.0
16010.0 3224.0
16013.0 3223.0
16022.0 3220.0
16024.0 3219.0
16038.0 3214.0
16049.0 3213.0
16054.0 3211.0
16057.0 3210.0
16070.0 3208.0
16074.0 3206.0
16079.0 3204.0
16082.0 3201.0
16099.0 3199.0
16104.0 3197.0
16107.0 3194.0
16117.0 3192.0
16123.0 3189.0
16130.0 3184.0
16134.0 3182.0
16141.0 3175.0
16156.0 3174.0
16166.0 3170.0
16176.0 3166.0
16179.0 3165.0
16191.0 3161.0
16202.0 3160.0
16206.0 3159.0
16215.0 3157.0
16216.0 3156.0
16223.0 3153.0
16226.0 3152.0
16227.0 3149.0
16252.0 3146.0
16256.0 3144.0
16257.0 3139.0
16277.0 3135.0
16286.0 3134.0
16306.0 3130.0
16307.0 3125.0
16336.0 3120.0
