7.0 123.0
6.0 129.0
6.0 129.0
7.0 123.0
7.0 123.0
6.0 129.0
7.0 123.0
6.0 129.0
7.0 123.0
6.0 129.0
6.0 129.0
7.0 123.0
7.0 123.0
6.0 129.0
7.0 123.0
6.0 129.0
7.0 123.0
6.0 129.0
6.0 129.0
7.0 123.0
7.0 123.0
6.0 129.0
6.0 129.0
7.0 123.0
6.0 129.0
7.0 123.0
6.0 129.0
7.0 123.0
6.0 129.0
7.0 123.0
7.0 123.0
6.0 129.0
7.0 123.0
6.0 129.0
6.0 129.0
7.0 123.0
7.0 123.0
6.0 129.0
7.0 123.0
6.0 129.0
7.0 123.0
6.0 129.0
6.0 129.0
7.0 123.0
7.0 123.0
6.0 129.0
6.0 129.0
7.0 123.0
6.0 129.0
7.0 123.0
6.0 129.0
7.0 123.0
6.0 129.0
7.0 123.0
6.0 129.0
7.0 123.0
6.0 129.0
7.0 123.0
6.0 129.0
7.0 123.0
6.0 129.0
7.0 123.0
6.0 129.0
7.0 123.0
6.0 129.0
7.0 123.0
6.0 129.0
7.0 123.0
7.0 123.0
6.0 129.0
7.0 123.0
6.0 129.0
6.0 129.0
7.0 123.0
7.0 123.0
6.0 129.0
6.0 129.0
7.0 123.0
7.0 123.0
6.0 129.0
7.0 123.0
6.0 129.0
7.0 123.0
6.0 129.0
7.0 123.0
6.0 129.0
7.0 123.0
6.0 129.0
7.0 123.0
6.0 129.0
6.0 129.0
7.0 123.0
6.0 129.0
7.0 123.0
6.0 129.0
7.0 123.0
7.0 123.0
6.0 129.0
6.0 129.0
7.0 123.0
