20.0 766.0
47.0 631.0
20.0 766.0
47.0 631.0
21.0 743.0
22.0 716.0
21.0 743.0
43.0 633.0
27.0 680.0
31.0 665.0
22.0 716.0
29.0 675.0
23.0 707.0
41.0 638.0
25.0 695.0
26.0 687.0
43.0 633.0
23.0 707.0
26.0 687.0
34.0 660.0
35.0 653.0
24.0 700.0
30.0 671.0
33.0 661.0
27.0 680.0
41.0 638.0
24.0 700.0
25.0 695.0
29.0 675.0
31.0 665.0
35.0 653.0
40.0 642.0
30.0 671.0
33.0 661.0
36.0 649.0
38.0 647.0
39.0 644.0
39.0 644.0
40.0 642.0
36.0 649.0
37.0 648.0
38.0 647.0
37.0 648.0
34.0 660.0
47.0 631.0
20.0 766.0
21.0 743.0
22.0 716.0
43.0 633.0
23.0 707.0
26.0 687.0
27.0 680.0
41.0 638.0
24.0 700.0
29.0 675.0
25.0 695.0
31.0 665.0
35.0 653.0
30.0 671.0
33.0 661.0
39.0 644.0
40.0 642.0
36.0 649.0
34.0 660.0
37.0 648.0
38.0 647.0
47.0 631.0
20.0 766.0
21.0 743.0
22.0 716.0
43.0 633.0
23.0 707.0
26.0 687.0
27.0 680.0
41.0 638.0
24.0 700.0
25.0 695.0
29.0 675.0
31.0 665.0
35.0 653.0
30.0 671.0
33.0 661.0
39.0 644.0
40.0 642.0
36.0 649.0
34.0 660.0
37.0 648.0
38.0 647.0
20.0 766.0
47.0 631.0
21.0 743.0
22.0 716.0
43.0 633.0
23.0 707.0
26.0 687.0
27.0 680.0
41.0 638.0
24.0 700.0
25.0 695.0
29.0 675.0
