372.0 503.0
320.0 674.0
372.0 503.0
320.0 674.0
322.0 626.0
321.0 652.0
321.0 652.0
324.0 608.0
326.0 590.0
324.0 608.0
366.0 507.0
322.0 626.0
366.0 507.0
342.0 541.0
361.0 511.0
338.0 543.0
332.0 564.0
344.0 532.0
326.0 590.0
330.0 574.0
334.0 560.0
330.0 574.0
347.0 530.0
361.0 511.0
332.0 564.0
328.0 583.0
355.0 518.0
357.0 514.0
328.0 583.0
335.0 554.0
357.0 514.0
353.0 519.0
351.0 521.0
359.0 512.0
329.0 579.0
349.0 528.0
343.0 536.0
350.0 523.0
359.0 512.0
353.0 519.0
355.0 518.0
335.0 554.0
343.0 536.0
337.0 547.0
334.0 560.0
329.0 579.0
336.0 550.0
336.0 550.0
337.0 547.0
338.0 543.0
344.0 532.0
351.0 521.0
350.0 523.0
347.0 530.0
342.0 541.0
348.0 529.0
348.0 529.0
349.0 528.0
372.0 503.0
320.0 674.0
321.0 652.0
324.0 608.0
322.0 626.0
366.0 507.0
326.0 590.0
330.0 574.0
361.0 511.0
332.0 564.0
328.0 583.0
357.0 514.0
359.0 512.0
353.0 519.0
355.0 518.0
335.0 554.0
343.0 536.0
329.0 579.0
334.0 560.0
336.0 550.0
337.0 547.0
338.0 543.0
344.0 532.0
351.0 521.0
350.0 523.0
342.0 541.0
347.0 530.0
349.0 528.0
348.0 529.0
372.0 503.0
320.0 674.0
321.0 652.0
324.0 608.0
322.0 626.0
366.0 507.0
326.0 590.0
330.0 574.0
361.0 511.0
332.0 564.0
328.0 583.0
357.0 514.0
359.0 512.0
