849.0 1002.0
889.0 778.0
849.0 1002.0
889.0 778.0
852.0 961.0
853.0 930.0
855.0 907.0
856.0 882.0
850.0 979.0
858.0 862.0
871.0 820.0
857.0 876.0
886.0 780.0
850.0 979.0
851.0 966.0
853.0 930.0
854.0 918.0
880.0 788.0
854.0 918.0
855.0 907.0
869.0 822.0
872.0 810.0
882.0 786.0
884.0 782.0
867.0 836.0
861.0 858.0
862.0 849.0
868.0 827.0
860.0 861.0
886.0 780.0
884.0 782.0
882.0 786.0
856.0 882.0
879.0 794.0
857.0 876.0
851.0 966.0
868.0 827.0
852.0 961.0
865.0 843.0
875.0 806.0
878.0 798.0
864.0 847.0
865.0 843.0
879.0 794.0
876.0 802.0
866.0 839.0
866.0 839.0
867.0 836.0
861.0 858.0
880.0 788.0
869.0 822.0
876.0 802.0
877.0 800.0
873.0 809.0
877.0 800.0
871.0 820.0
878.0 798.0
874.0 807.0
858.0 862.0
872.0 810.0
862.0 849.0
874.0 807.0
863.0 848.0
864.0 847.0
873.0 809.0
863.0 848.0
860.0 861.0
875.0 806.0
849.0 1002.0
889.0 778.0
850.0 979.0
853.0 930.0
854.0 918.0
855.0 907.0
886.0 780.0
884.0 782.0
882.0 786.0
856.0 882.0
857.0 876.0
851.0 966.0
868.0 827.0
852.0 961.0
879.0 794.0
865.0 843.0
866.0 839.0
861.0 858.0
867.0 836.0
880.0 788.0
869.0 822.0
876.0 802.0
877.0 800.0
871.0 820.0
878.0 798.0
858.0 862.0
872.0 810.0
862.0 849.0
874.0 807.0
864.0 847.0
873.0 809.0
863.0 848.0
