3186.0 494.0
2650.0 616.0
2650.0 616.0
3186.0 494.0
3142.0 503.0
3056.0 507.0
2924.0 523.0
2816.0 552.0
2880.0 536.0
2780.0 555.0
2776.0 560.0
2956.0 519.0
2876.0 542.0
3160.0 498.0
2666.0 614.0
2684.0 608.0
3056.0 507.0
2918.0 532.0
2746.0 562.0
2914.0 534.0
3030.0 511.0
2990.0 518.0
2824.0 546.0
2956.0 519.0
3160.0 498.0
3142.0 503.0
2696.0 591.0
2668.0 610.0
3030.0 511.0
2724.0 582.0
2706.0 585.0
3006.0 517.0
2690.0 597.0
3016.0 514.0
2854.0 544.0
2854.0 544.0
2924.0 523.0
3016.0 514.0
2836.0 545.0
2732.0 579.0
2704.0 588.0
2724.0 582.0
2816.0 552.0
2990.0 518.0
2686.0 604.0
2686.0 604.0
2688.0 600.0
2696.0 591.0
2690.0 597.0
2780.0 555.0
2742.0 568.0
2738.0 570.0
2836.0 545.0
2706.0 585.0
2688.0 600.0
2736.0 573.0
2734.0 576.0
2744.0 565.0
2744.0 565.0
2704.0 588.0
2734.0 576.0
2732.0 579.0
2736.0 573.0
2918.0 532.0
3006.0 517.0
2880.0 536.0
2876.0 542.0
2776.0 560.0
2914.0 534.0
2824.0 546.0
2746.0 562.0
2668.0 610.0
2738.0 570.0
2742.0 568.0
2650.0 616.0
3186.0 494.0
3056.0 507.0
2956.0 519.0
3160.0 498.0
3142.0 503.0
3030.0 511.0
2854.0 544.0
2924.0 523.0
3016.0 514.0
2724.0 582.0
2816.0 552.0
2990.0 518.0
2686.0 604.0
2696.0 591.0
2690.0 597.0
2780.0 555.0
2836.0 545.0
2706.0 585.0
2688.0 600.0
2732.0 579.0
2704.0 588.0
2734.0 576.0
2736.0 573.0
2744.0 565.0
2918.0 532.0
