9785.0 497.0
9491.0 630.0
9785.0 497.0
9491.0 630.0
9712.0 509.0
9774.0 506.0
9744.0 508.0
9744.0 508.0
9643.0 527.0
9567.0 557.0
9661.0 523.0
9599.0 544.0
9605.0 537.0
9685.0 518.0
9595.0 552.0
9629.0 533.0
9536.0 571.0
9557.0 561.0
9679.0 521.0
9703.0 516.0
9555.0 566.0
9599.0 544.0
9780.0 503.0
9655.0 526.0
9583.0 554.0
9546.0 567.0
9499.0 618.0
9502.0 611.0
9707.0 515.0
9524.0 581.0
9567.0 557.0
9643.0 527.0
9629.0 533.0
9497.0 623.0
9522.0 586.0
9534.0 576.0
9508.0 604.0
9518.0 588.0
9493.0 625.0
9510.0 599.0
9504.0 606.0
9583.0 554.0
9502.0 611.0
9499.0 618.0
9516.0 593.0
9514.0 597.0
9613.0 536.0
9621.0 534.0
9546.0 567.0
9780.0 503.0
9536.0 571.0
9557.0 561.0
9516.0 593.0
9530.0 578.0
9661.0 523.0
9530.0 578.0
9774.0 506.0
9621.0 534.0
9591.0 553.0
9613.0 536.0
9524.0 581.0
9703.0 516.0
9605.0 537.0
9655.0 526.0
9685.0 518.0
9682.0 520.0
9679.0 521.0
9712.0 509.0
9707.0 515.0
9493.0 625.0
9510.0 599.0
9518.0 588.0
9504.0 606.0
9514.0 597.0
9534.0 576.0
9497.0 623.0
9522.0 586.0
9508.0 604.0
9595.0 552.0
9591.0 553.0
9682.0 520.0
9555.0 566.0
9785.0 497.0
9491.0 630.0
9744.0 508.0
9599.0 544.0
9567.0 557.0
9643.0 527.0
9629.0 533.0
9583.0 554.0
9502.0 611.0
9499.0 618.0
9546.0 567.0
9780.0 503.0
9536.0 571.0
9557.0 561.0
9516.0 593.0
9661.0 523.0
9530.0 578.0
9774.0 506.0
