13916.0 2604.0
12998.0 3228.0
13916.0 2604.0
12998.0 3228.0
13115.0 3077.0
13092.0 3086.0
13870.0 2615.0
13049.0 3134.0
13034.0 3143.0
13211.0 2983.0
13163.0 3017.0
13626.0 2698.0
13913.0 2608.0
13630.0 2691.0
13870.0 2615.0
13017.0 3196.0
13311.0 2869.0
13725.0 2658.0
13082.0 3095.0
13130.0 3058.0
13351.0 2845.0
13516.0 2744.0
13672.0 2677.0
13246.0 2936.0
13240.0 2942.0
13833.0 2626.0
13424.0 2797.0
13336.0 2847.0
13490.0 2758.0
13657.0 2686.0
13325.0 2856.0
13718.0 2665.0
13833.0 2626.0
13810.0 2630.0
13528.0 2736.0
13056.0 3118.0
13006.0 3209.0
13026.0 3162.0
13602.0 2706.0
13175.0 3015.0
13070.0 3102.0
13785.0 2641.0
13447.0 2794.0
13510.0 2754.0
13602.0 2706.0
13578.0 2713.0
13149.0 3032.0
13223.0 2970.0
13118.0 3062.0
13019.0 3178.0
13785.0 2641.0
13538.0 2733.0
13137.0 3044.0
13450.0 2786.0
13421.0 2805.0
13269.0 2899.0
13748.0 2654.0
13549.0 2728.0
13149.0 3032.0
13231.0 2955.0
13810.0 2630.0
13471.0 2772.0
13056.0 3118.0
13029.0 3157.0
13768.0 2648.0
13294.0 2877.0
13015.0 3207.0
13359.0 2832.0
13699.0 2667.0
13385.0 2821.0
13370.0 2823.0
13282.0 2896.0
13324.0 2866.0
13578.0 2713.0
13231.0 2955.0
13223.0 2970.0
13181.0 3005.0
13695.0 2669.0
13748.0 2654.0
13768.0 2648.0
13283.0 2886.0
13019.0 3178.0
13193.0 2998.0
13199.0 2989.0
13255.0 2923.0
13260.0 2912.0
13490.0 2758.0
13405.0 2806.0
13137.0 3044.0
13561.0 2720.0
13070.0 3102.0
13686.0 2676.0
13260.0 2912.0
13470.0 2780.0
13255.0 2923.0
13558.0 2725.0
13466.0 2785.0
13294.0 2877.0
13657.0 2686.0
13396.0 2812.0
