42.0 84.0
61.0 48.0
61.0 48.0
42.0 84.0
54.0 50.0
59.0 49.0
47.0 61.0
46.0 67.0
44.0 76.0
45.0 70.0
49.0 59.0
43.0 80.0
52.0 54.0
44.0 76.0
43.0 80.0
45.0 70.0
46.0 67.0
50.0 56.0
54.0 50.0
59.0 49.0
52.0 54.0
47.0 61.0
49.0 59.0
50.0 56.0
51.0 55.0
51.0 55.0
42.0 84.0
61.0 48.0
44.0 76.0
43.0 80.0
45.0 70.0
46.0 67.0
54.0 50.0
52.0 54.0
59.0 49.0
47.0 61.0
49.0 59.0
50.0 56.0
51.0 55.0
42.0 84.0
61.0 48.0
44.0 76.0
43.0 80.0
45.0 70.0
46.0 67.0
54.0 50.0
59.0 49.0
52.0 54.0
47.0 61.0
49.0 59.0
50.0 56.0
51.0 55.0
42.0 84.0
61.0 48.0
43.0 80.0
44.0 76.0
45.0 70.0
46.0 67.0
54.0 50.0
59.0 49.0
52.0 54.0
47.0 61.0
49.0 59.0
50.0 56.0
51.0 55.0
42.0 84.0
61.0 48.0
43.0 80.0
44.0 76.0
45.0 70.0
46.0 67.0
54.0 50.0
52.0 54.0
59.0 49.0
47.0 61.0
49.0 59.0
50.0 56.0
51.0 55.0
42.0 84.0
61.0 48.0
43.0 80.0
44.0 76.0
45.0 70.0
46.0 67.0
54.0 50.0
52.0 54.0
59.0 49.0
47.0 61.0
49.0 59.0
50.0 56.0
51.0 55.0
61.0 48.0
42.0 84.0
43.0 80.0
44.0 76.0
45.0 70.0
46.0 67.0
54.0 50.0
52.0 54.0
59.0 49.0
