5.0 125.0
11.0 114.0
11.0 114.0
5.0 125.0
6.0 117.0
8.0 116.0
8.0 116.0
6.0 117.0
11.0 114.0
5.0 125.0
8.0 116.0
6.0 117.0
11.0 114.0
5.0 125.0
8.0 116.0
6.0 117.0
5.0 125.0
11.0 114.0
8.0 116.0
6.0 117.0
5.0 125.0
11.0 114.0
8.0 116.0
6.0 117.0
11.0 114.0
5.0 125.0
8.0 116.0
6.0 117.0
11.0 114.0
5.0 125.0
8.0 116.0
6.0 117.0
11.0 114.0
5.0 125.0
8.0 116.0
6.0 117.0
11.0 114.0
5.0 125.0
8.0 116.0
6.0 117.0
5.0 125.0
11.0 114.0
8.0 116.0
6.0 117.0
11.0 114.0
5.0 125.0
8.0 116.0
6.0 117.0
5.0 125.0
11.0 114.0
8.0 116.0
6.0 117.0
5.0 125.0
11.0 114.0
8.0 116.0
6.0 117.0
5.0 125.0
11.0 114.0
8.0 116.0
6.0 117.0
11.0 114.0
5.0 125.0
8.0 116.0
6.0 117.0
11.0 114.0
5.0 125.0
8.0 116.0
6.0 117.0
11.0 114.0
5.0 125.0
8.0 116.0
6.0 117.0
11.0 114.0
5.0 125.0
8.0 116.0
6.0 117.0
5.0 125.0
11.0 114.0
8.0 116.0
6.0 117.0
5.0 125.0
11.0 114.0
8.0 116.0
6.0 117.0
5.0 125.0
11.0 114.0
8.0 116.0
6.0 117.0
11.0 114.0
5.0 125.0
8.0 116.0
6.0 117.0
11.0 114.0
5.0 125.0
8.0 116.0
6.0 117.0
11.0 114.0
5.0 125.0
8.0 116.0
6.0 117.0
