61.0 127.0
44.0 198.0
61.0 127.0
44.0 198.0
45.0 177.0
57.0 136.0
54.0 139.0
59.0 129.0
49.0 158.0
50.0 149.0
46.0 175.0
47.0 167.0
48.0 164.0
49.0 158.0
58.0 134.0
50.0 149.0
52.0 144.0
51.0 145.0
53.0 140.0
54.0 139.0
47.0 167.0
57.0 136.0
48.0 164.0
45.0 177.0
59.0 129.0
58.0 134.0
46.0 175.0
53.0 140.0
51.0 145.0
52.0 144.0
44.0 198.0
61.0 127.0
49.0 158.0
50.0 149.0
54.0 139.0
47.0 167.0
57.0 136.0
48.0 164.0
45.0 177.0
59.0 129.0
46.0 175.0
58.0 134.0
51.0 145.0
53.0 140.0
52.0 144.0
61.0 127.0
44.0 198.0
49.0 158.0
50.0 149.0
54.0 139.0
47.0 167.0
48.0 164.0
57.0 136.0
45.0 177.0
59.0 129.0
58.0 134.0
46.0 175.0
51.0 145.0
53.0 140.0
52.0 144.0
61.0 127.0
44.0 198.0
49.0 158.0
50.0 149.0
54.0 139.0
47.0 167.0
57.0 136.0
48.0 164.0
45.0 177.0
59.0 129.0
58.0 134.0
46.0 175.0
53.0 140.0
51.0 145.0
52.0 144.0
44.0 198.0
61.0 127.0
49.0 158.0
50.0 149.0
54.0 139.0
47.0 167.0
57.0 136.0
48.0 164.0
45.0 177.0
59.0 129.0
58.0 134.0
46.0 175.0
53.0 140.0
51.0 145.0
52.0 144.0
61.0 127.0
44.0 198.0
49.0 158.0
50.0 149.0
54.0 139.0
47.0 167.0
57.0 136.0
48.0 164.0
45.0 177.0
59.0 129.0
