384.0 658.0
348.0 787.0
348.0 787.0
384.0 658.0
349.0 747.0
358.0 703.0
350.0 735.0
375.0 668.0
371.0 674.0
349.0 747.0
380.0 661.0
352.0 729.0
362.0 697.0
365.0 682.0
371.0 674.0
375.0 668.0
360.0 701.0
369.0 678.0
354.0 717.0
364.0 689.0
355.0 710.0
363.0 690.0
353.0 722.0
380.0 661.0
350.0 735.0
356.0 709.0
352.0 729.0
377.0 664.0
367.0 680.0
369.0 678.0
378.0 662.0
360.0 701.0
367.0 680.0
353.0 722.0
354.0 717.0
356.0 709.0
377.0 664.0
362.0 697.0
365.0 682.0
363.0 690.0
355.0 710.0
378.0 662.0
364.0 689.0
384.0 658.0
348.0 787.0
349.0 747.0
371.0 674.0
375.0 668.0
380.0 661.0
350.0 735.0
352.0 729.0
360.0 701.0
367.0 680.0
369.0 678.0
353.0 722.0
354.0 717.0
356.0 709.0
377.0 664.0
362.0 697.0
365.0 682.0
363.0 690.0
355.0 710.0
378.0 662.0
364.0 689.0
348.0 787.0
384.0 658.0
349.0 747.0
371.0 674.0
375.0 668.0
380.0 661.0
350.0 735.0
352.0 729.0
367.0 680.0
369.0 678.0
353.0 722.0
354.0 717.0
360.0 701.0
377.0 664.0
362.0 697.0
356.0 709.0
365.0 682.0
355.0 710.0
363.0 690.0
378.0 662.0
364.0 689.0
348.0 787.0
384.0 658.0
349.0 747.0
371.0 674.0
375.0 668.0
380.0 661.0
350.0 735.0
352.0 729.0
369.0 678.0
367.0 680.0
353.0 722.0
354.0 717.0
360.0 701.0
377.0 664.0
362.0 697.0
