142.0 556.0
198.0 373.0
142.0 556.0
198.0 373.0
144.0 523.0
145.0 506.0
143.0 539.0
143.0 539.0
144.0 523.0
184.0 395.0
169.0 422.0
194.0 377.0
181.0 397.0
177.0 404.0
148.0 492.0
181.0 397.0
188.0 387.0
184.0 395.0
164.0 441.0
150.0 487.0
164.0 441.0
188.0 387.0
167.0 433.0
193.0 381.0
169.0 422.0
171.0 415.0
161.0 449.0
147.0 501.0
190.0 385.0
161.0 449.0
155.0 470.0
156.0 462.0
151.0 479.0
190.0 385.0
173.0 413.0
159.0 456.0
174.0 409.0
177.0 404.0
176.0 407.0
166.0 436.0
154.0 473.0
167.0 433.0
157.0 459.0
171.0 415.0
148.0 492.0
152.0 478.0
150.0 487.0
154.0 473.0
166.0 436.0
152.0 478.0
194.0 377.0
146.0 505.0
193.0 381.0
147.0 501.0
160.0 452.0
156.0 462.0
157.0 459.0
160.0 452.0
155.0 470.0
159.0 456.0
174.0 409.0
173.0 413.0
176.0 407.0
145.0 506.0
151.0 479.0
146.0 505.0
142.0 556.0
198.0 373.0
143.0 539.0
144.0 523.0
181.0 397.0
184.0 395.0
164.0 441.0
188.0 387.0
169.0 422.0
161.0 449.0
190.0 385.0
177.0 404.0
167.0 433.0
171.0 415.0
148.0 492.0
166.0 436.0
150.0 487.0
154.0 473.0
152.0 478.0
194.0 377.0
193.0 381.0
147.0 501.0
156.0 462.0
157.0 459.0
160.0 452.0
159.0 456.0
155.0 470.0
174.0 409.0
173.0 413.0
176.0 407.0
145.0 506.0
151.0 479.0
146.0 505.0
142.0 556.0
