51.0 1189.0
100.0 988.0
100.0 988.0
51.0 1189.0
88.0 990.0
52.0 1165.0
53.0 1157.0
54.0 1142.0
57.0 1112.0
58.0 1098.0
56.0 1125.0
57.0 1112.0
64.0 1053.0
88.0 990.0
85.0 992.0
66.0 1050.0
78.0 1005.0
54.0 1142.0
58.0 1098.0
59.0 1089.0
55.0 1133.0
83.0 994.0
52.0 1165.0
59.0 1089.0
55.0 1133.0
61.0 1073.0
63.0 1061.0
60.0 1081.0
53.0 1157.0
62.0 1065.0
56.0 1125.0
60.0 1081.0
61.0 1073.0
80.0 1001.0
81.0 998.0
70.0 1035.0
68.0 1043.0
71.0 1028.0
69.0 1036.0
85.0 992.0
83.0 994.0
67.0 1044.0
77.0 1010.0
75.0 1018.0
72.0 1027.0
76.0 1013.0
73.0 1022.0
78.0 1005.0
62.0 1065.0
81.0 998.0
63.0 1061.0
80.0 1001.0
64.0 1053.0
73.0 1022.0
76.0 1013.0
74.0 1019.0
77.0 1010.0
66.0 1050.0
71.0 1028.0
69.0 1036.0
67.0 1044.0
74.0 1019.0
68.0 1043.0
72.0 1027.0
70.0 1035.0
75.0 1018.0
100.0 988.0
51.0 1189.0
57.0 1112.0
88.0 990.0
54.0 1142.0
58.0 1098.0
52.0 1165.0
59.0 1089.0
55.0 1133.0
53.0 1157.0
56.0 1125.0
61.0 1073.0
60.0 1081.0
85.0 992.0
83.0 994.0
78.0 1005.0
62.0 1065.0
81.0 998.0
63.0 1061.0
80.0 1001.0
64.0 1053.0
73.0 1022.0
76.0 1013.0
66.0 1050.0
77.0 1010.0
71.0 1028.0
69.0 1036.0
67.0 1044.0
74.0 1019.0
72.0 1027.0
75.0 1018.0
70.0 1035.0
68.0 1043.0
51.0 1189.0
