210.0 1190.0
273.0 986.0
210.0 1190.0
273.0 986.0
211.0 1133.0
243.0 1027.0
249.0 1021.0
241.0 1035.0
239.0 1037.0
243.0 1027.0
232.0 1056.0
233.0 1050.0
262.0 1000.0
211.0 1133.0
212.0 1124.0
272.0 988.0
257.0 1008.0
269.0 991.0
260.0 1007.0
225.0 1072.0
253.0 1014.0
255.0 1010.0
212.0 1124.0
238.0 1044.0
213.0 1117.0
214.0 1110.0
215.0 1103.0
214.0 1110.0
213.0 1117.0
261.0 1006.0
227.0 1066.0
249.0 1021.0
229.0 1060.0
255.0 1010.0
229.0 1060.0
264.0 998.0
235.0 1048.0
268.0 993.0
230.0 1058.0
241.0 1035.0
227.0 1066.0
223.0 1076.0
220.0 1087.0
221.0 1082.0
257.0 1008.0
266.0 995.0
253.0 1014.0
215.0 1103.0
223.0 1076.0
221.0 1082.0
252.0 1018.0
216.0 1099.0
219.0 1091.0
225.0 1072.0
216.0 1099.0
220.0 1087.0
217.0 1095.0
226.0 1068.0
222.0 1078.0
269.0 991.0
272.0 988.0
239.0 1037.0
262.0 1000.0
233.0 1050.0
230.0 1058.0
266.0 995.0
217.0 1095.0
226.0 1068.0
222.0 1078.0
218.0 1093.0
218.0 1093.0
268.0 993.0
219.0 1091.0
232.0 1056.0
264.0 998.0
235.0 1048.0
236.0 1046.0
265.0 996.0
265.0 996.0
236.0 1046.0
251.0 1019.0
250.0 1020.0
237.0 1045.0
252.0 1018.0
260.0 1007.0
237.0 1045.0
238.0 1044.0
261.0 1006.0
251.0 1019.0
250.0 1020.0
210.0 1190.0
273.0 986.0
243.0 1027.0
211.0 1133.0
212.0 1124.0
214.0 1110.0
213.0 1117.0
249.0 1021.0
255.0 1010.0
229.0 1060.0
