802.0 793.0
716.0 1103.0
802.0 793.0
716.0 1103.0
784.0 794.0
717.0 1096.0
718.0 1065.0
773.0 816.0
720.0 1053.0
721.0 1037.0
722.0 1021.0
721.0 1037.0
736.0 929.0
765.0 832.0
725.0 1004.0
726.0 990.0
741.0 906.0
764.0 838.0
730.0 964.0
776.0 812.0
732.0 955.0
746.0 892.0
747.0 885.0
735.0 939.0
740.0 916.0
749.0 881.0
743.0 902.0
755.0 863.0
770.0 820.0
744.0 896.0
750.0 875.0
767.0 831.0
730.0 964.0
729.0 973.0
732.0 955.0
760.0 854.0
728.0 981.0
724.0 1012.0
725.0 1004.0
729.0 973.0
733.0 947.0
752.0 871.0
754.0 867.0
758.0 858.0
752.0 871.0
776.0 812.0
718.0 1065.0
719.0 1058.0
717.0 1096.0
778.0 807.0
758.0 858.0
779.0 804.0
769.0 826.0
772.0 818.0
756.0 861.0
719.0 1058.0
739.0 921.0
762.0 846.0
782.0 799.0
723.0 1017.0
727.0 986.0
720.0 1053.0
728.0 981.0
724.0 1012.0
778.0 807.0
740.0 916.0
763.0 841.0
761.0 849.0
784.0 794.0
781.0 800.0
782.0 799.0
722.0 1021.0
726.0 990.0
741.0 906.0
747.0 885.0
744.0 896.0
750.0 875.0
768.0 830.0
737.0 928.0
733.0 947.0
779.0 804.0
734.0 943.0
746.0 892.0
735.0 939.0
760.0 854.0
781.0 800.0
734.0 943.0
727.0 986.0
754.0 867.0
723.0 1017.0
769.0 826.0
749.0 881.0
743.0 902.0
738.0 924.0
756.0 861.0
763.0 841.0
761.0 849.0
738.0 924.0
739.0 921.0
762.0 846.0
