3124.0 505.0
2638.0 617.0
2638.0 617.0
3124.0 505.0
2912.0 528.0
2988.0 527.0
2700.0 579.0
3110.0 510.0
3016.0 517.0
3062.0 513.0
2650.0 611.0
2654.0 599.0
3062.0 513.0
2802.0 554.0
2744.0 575.0
2900.0 536.0
2688.0 585.0
2666.0 593.0
2666.0 593.0
2688.0 585.0
2790.0 560.0
2834.0 551.0
2744.0 575.0
2864.0 547.0
3016.0 517.0
3002.0 522.0
2654.0 599.0
2650.0 611.0
2700.0 579.0
2790.0 560.0
3002.0 522.0
3110.0 510.0
2996.0 526.0
2802.0 554.0
2760.0 572.0
2774.0 564.0
2844.0 548.0
2886.0 538.0
2900.0 536.0
2874.0 539.0
2774.0 564.0
2762.0 570.0
2772.0 566.0
2772.0 566.0
2762.0 570.0
2886.0 538.0
2834.0 551.0
2912.0 528.0
2866.0 544.0
2760.0 572.0
2838.0 549.0
2872.0 541.0
2988.0 527.0
2868.0 543.0
2872.0 541.0
2844.0 548.0
2996.0 526.0
2838.0 549.0
2868.0 543.0
2874.0 539.0
2866.0 544.0
2864.0 547.0
2638.0 617.0
3124.0 505.0
3062.0 513.0
2666.0 593.0
2688.0 585.0
2744.0 575.0
3016.0 517.0
2654.0 599.0
2650.0 611.0
2700.0 579.0
2790.0 560.0
3002.0 522.0
3110.0 510.0
2802.0 554.0
2900.0 536.0
2774.0 564.0
2772.0 566.0
2762.0 570.0
2886.0 538.0
2834.0 551.0
2912.0 528.0
2760.0 572.0
2988.0 527.0
2872.0 541.0
2844.0 548.0
2996.0 526.0
2838.0 549.0
2868.0 543.0
2874.0 539.0
2866.0 544.0
2864.0 547.0
3124.0 505.0
2638.0 617.0
3062.0 513.0
2666.0 593.0
2688.0 585.0
2744.0 575.0
3016.0 517.0
