106.0 71.0
92.0 78.0
92.0 78.0
106.0 71.0
98.0 75.0
104.0 72.0
98.0 75.0
104.0 72.0
96.0 76.0
96.0 76.0
92.0 78.0
106.0 71.0
104.0 72.0
98.0 75.0
96.0 76.0
106.0 71.0
92.0 78.0
98.0 75.0
104.0 72.0
96.0 76.0
92.0 78.0
106.0 71.0
104.0 72.0
98.0 75.0
96.0 76.0
92.0 78.0
106.0 71.0
98.0 75.0
104.0 72.0
96.0 76.0
92.0 78.0
106.0 71.0
98.0 75.0
104.0 72.0
96.0 76.0
106.0 71.0
92.0 78.0
98.0 75.0
104.0 72.0
96.0 76.0
92.0 78.0
106.0 71.0
98.0 75.0
104.0 72.0
96.0 76.0
106.0 71.0
92.0 78.0
98.0 75.0
104.0 72.0
96.0 76.0
106.0 71.0
92.0 78.0
98.0 75.0
104.0 72.0
96.0 76.0
92.0 78.0
106.0 71.0
104.0 72.0
98.0 75.0
96.0 76.0
106.0 71.0
92.0 78.0
98.0 75.0
104.0 72.0
96.0 76.0
106.0 71.0
92.0 78.0
104.0 72.0
98.0 75.0
96.0 76.0
106.0 71.0
92.0 78.0
98.0 75.0
104.0 72.0
96.0 76.0
106.0 71.0
92.0 78.0
98.0 75.0
104.0 72.0
96.0 76.0
106.0 71.0
92.0 78.0
98.0 75.0
104.0 72.0
96.0 76.0
106.0 71.0
92.0 78.0
104.0 72.0
98.0 75.0
96.0 76.0
92.0 78.0
106.0 71.0
98.0 75.0
104.0 72.0
96.0 76.0
106.0 71.0
92.0 78.0
98.0 75.0
104.0 72.0
96.0 76.0
