5385.0 726.0
5719.0 537.0
5385.0 726.0
5719.0 537.0
5387.0 706.0
5497.0 599.0
5633.0 544.0
5687.0 538.0
5552.0 573.0
5516.0 592.0
5604.0 558.0
5577.0 562.0
5665.0 543.0
5483.0 611.0
5538.0 587.0
5425.0 656.0
5516.0 592.0
5497.0 599.0
5440.0 646.0
5465.0 633.0
5473.0 620.0
5420.0 666.0
5413.0 670.0
5483.0 611.0
5627.0 548.0
5610.0 554.0
5544.0 583.0
5436.0 652.0
5406.0 680.0
5399.0 692.0
5677.0 542.0
5569.0 572.0
5455.0 642.0
5465.0 633.0
5610.0 554.0
5627.0 548.0
5387.0 706.0
5404.0 684.0
5392.0 698.0
5544.0 583.0
5463.0 638.0
5571.0 566.0
5538.0 587.0
5413.0 670.0
5406.0 680.0
5665.0 543.0
5473.0 620.0
5475.0 617.0
5577.0 562.0
5604.0 558.0
5475.0 617.0
5425.0 656.0
5392.0 698.0
5404.0 684.0
5394.0 694.0
5420.0 666.0
5687.0 538.0
5677.0 542.0
5440.0 646.0
5436.0 652.0
5570.0 571.0
5552.0 573.0
5399.0 692.0
5571.0 566.0
5455.0 642.0
5633.0 544.0
5457.0 639.0
5394.0 694.0
5456.0 640.0
5463.0 638.0
5457.0 639.0
5456.0 640.0
5569.0 572.0
5570.0 571.0
5719.0 537.0
5385.0 726.0
5516.0 592.0
5497.0 599.0
5483.0 611.0
5465.0 633.0
5610.0 554.0
5627.0 548.0
5387.0 706.0
5544.0 583.0
5538.0 587.0
5413.0 670.0
5406.0 680.0
5665.0 543.0
5473.0 620.0
5577.0 562.0
5604.0 558.0
5475.0 617.0
5425.0 656.0
5404.0 684.0
5392.0 698.0
5420.0 666.0
5687.0 538.0
5677.0 542.0
5440.0 646.0
5436.0 652.0
