32004.0 9777.0
29888.0 11589.0
32004.0 9777.0
29888.0 11589.0
29976.0 11119.0
29972.0 11232.0
31354.0 9877.0
31502.0 9844.0
31300.0 9891.0
31415.0 9863.0
30327.0 10578.0
30224.0 10685.0
30569.0 10373.0
31587.0 9840.0
30058.0 10902.0
31810.0 9804.0
30002.0 11072.0
30051.0 10953.0
30767.0 10195.0
30439.0 10517.0
30947.0 10088.0
30400.0 10543.0
30690.0 10257.0
30165.0 10778.0
30031.0 10977.0
31103.0 9988.0
30863.0 10136.0
30592.0 10332.0
30198.0 10747.0
30122.0 10803.0
30220.0 10711.0
30480.0 10482.0
31074.0 10014.0
31037.0 10015.0
31027.0 10056.0
31926.0 9789.0
31948.0 9782.0
31115.0 9961.0
30644.0 10293.0
30901.0 10122.0
30909.0 10102.0
29911.0 11411.0
31863.0 9790.0
30386.0 10565.0
30020.0 11058.0
30493.0 10443.0
30449.0 10489.0
31000.0 10084.0
30737.0 10223.0
31689.0 9816.0
30644.0 10293.0
30534.0 10392.0
31470.0 9862.0
31191.0 9938.0
29904.0 11495.0
29952.0 11280.0
29929.0 11397.0
29952.0 11280.0
30282.0 10623.0
30310.0 10614.0
29936.0 11324.0
30737.0 10223.0
31744.0 9806.0
30166.0 10750.0
30592.0 10332.0
30838.0 10154.0
30835.0 10191.0
30269.0 10640.0
30269.0 10640.0
31146.0 9948.0
29972.0 11232.0
29935.0 11370.0
31001.0 10065.0
29976.0 11119.0
30075.0 10871.0
30106.0 10833.0
30021.0 11017.0
31855.0 9801.0
31230.0 9912.0
30493.0 10443.0
29907.0 11451.0
29894.0 11546.0
30530.0 10406.0
31699.0 9809.0
29894.0 11546.0
29898.0 11506.0
29936.0 11324.0
31604.0 9826.0
31639.0 9825.0
31191.0 9938.0
29907.0 11451.0
30815.0 10192.0
30021.0 11017.0
31256.0 9909.0
31744.0 9806.0
30530.0 10406.0
31256.0 9909.0
30677.0 10264.0
30097.0 10854.0
31639.0 9825.0
