288.0 487.0
231.0 646.0
288.0 487.0
231.0 646.0
235.0 631.0
236.0 611.0
236.0 611.0
237.0 594.0
240.0 572.0
238.0 583.0
242.0 568.0
244.0 559.0
264.0 513.0
237.0 594.0
238.0 583.0
251.0 544.0
272.0 506.0
273.0 500.0
279.0 492.0
244.0 559.0
261.0 525.0
285.0 489.0
254.0 541.0
282.0 490.0
240.0 572.0
233.0 640.0
267.0 509.0
242.0 568.0
275.0 496.0
282.0 490.0
267.0 509.0
285.0 489.0
263.0 519.0
233.0 640.0
251.0 544.0
277.0 495.0
234.0 636.0
259.0 530.0
262.0 520.0
235.0 631.0
246.0 554.0
261.0 525.0
279.0 492.0
249.0 548.0
259.0 530.0
264.0 513.0
273.0 500.0
249.0 548.0
234.0 636.0
275.0 496.0
246.0 554.0
269.0 508.0
270.0 507.0
277.0 495.0
247.0 553.0
255.0 539.0
256.0 536.0
254.0 541.0
248.0 550.0
248.0 550.0
256.0 536.0
258.0 532.0
257.0 534.0
257.0 534.0
258.0 532.0
255.0 539.0
262.0 520.0
270.0 507.0
269.0 508.0
247.0 553.0
263.0 519.0
272.0 506.0
231.0 646.0
288.0 487.0
236.0 611.0
237.0 594.0
238.0 583.0
244.0 559.0
240.0 572.0
242.0 568.0
282.0 490.0
267.0 509.0
285.0 489.0
233.0 640.0
251.0 544.0
261.0 525.0
235.0 631.0
279.0 492.0
259.0 530.0
264.0 513.0
273.0 500.0
249.0 548.0
234.0 636.0
275.0 496.0
246.0 554.0
277.0 495.0
254.0 541.0
248.0 550.0
256.0 536.0
255.0 539.0
