423.0 510.0
386.0 644.0
423.0 510.0
386.0 644.0
387.0 622.0
417.0 512.0
409.0 518.0
397.0 555.0
387.0 622.0
389.0 602.0
390.0 587.0
388.0 607.0
406.0 527.0
396.0 568.0
406.0 527.0
413.0 515.0
404.0 534.0
409.0 518.0
413.0 515.0
402.0 538.0
416.0 514.0
399.0 549.0
400.0 544.0
402.0 538.0
404.0 534.0
397.0 555.0
400.0 544.0
399.0 549.0
388.0 607.0
389.0 602.0
390.0 587.0
393.0 577.0
391.0 583.0
395.0 572.0
391.0 583.0
396.0 568.0
392.0 579.0
394.0 573.0
417.0 512.0
392.0 579.0
393.0 577.0
394.0 573.0
395.0 572.0
416.0 514.0
423.0 510.0
386.0 644.0
387.0 622.0
406.0 527.0
409.0 518.0
413.0 515.0
402.0 538.0
404.0 534.0
397.0 555.0
400.0 544.0
399.0 549.0
388.0 607.0
389.0 602.0
390.0 587.0
396.0 568.0
391.0 583.0
417.0 512.0
392.0 579.0
393.0 577.0
394.0 573.0
416.0 514.0
395.0 572.0
423.0 510.0
386.0 644.0
387.0 622.0
406.0 527.0
409.0 518.0
413.0 515.0
402.0 538.0
404.0 534.0
397.0 555.0
400.0 544.0
399.0 549.0
388.0 607.0
389.0 602.0
390.0 587.0
391.0 583.0
396.0 568.0
417.0 512.0
392.0 579.0
393.0 577.0
394.0 573.0
416.0 514.0
395.0 572.0
386.0 644.0
423.0 510.0
387.0 622.0
406.0 527.0
409.0 518.0
413.0 515.0
402.0 538.0
404.0 534.0
397.0 555.0
400.0 544.0
399.0 549.0
388.0 607.0
