529.0 975.0
418.0 1225.0
418.0 1225.0
529.0 975.0
515.0 980.0
445.0 1122.0
480.0 1039.0
523.0 979.0
486.0 1036.0
445.0 1122.0
472.0 1053.0
508.0 985.0
507.0 991.0
419.0 1213.0
441.0 1134.0
513.0 984.0
498.0 1002.0
421.0 1207.0
422.0 1197.0
441.0 1134.0
479.0 1046.0
449.0 1113.0
476.0 1050.0
435.0 1156.0
460.0 1085.0
449.0 1113.0
424.0 1191.0
466.0 1077.0
440.0 1141.0
487.0 1035.0
425.0 1184.0
471.0 1062.0
525.0 977.0
433.0 1162.0
504.0 993.0
496.0 1012.0
434.0 1161.0
488.0 1029.0
431.0 1165.0
429.0 1171.0
459.0 1093.0
501.0 1000.0
476.0 1050.0
451.0 1110.0
464.0 1082.0
436.0 1153.0
453.0 1105.0
467.0 1070.0
453.0 1105.0
490.0 1025.0
492.0 1017.0
438.0 1147.0
419.0 1213.0
422.0 1197.0
425.0 1184.0
429.0 1171.0
438.0 1147.0
428.0 1177.0
427.0 1178.0
424.0 1191.0
440.0 1141.0
421.0 1207.0
497.0 1006.0
431.0 1165.0
494.0 1014.0
502.0 997.0
451.0 1110.0
468.0 1067.0
466.0 1077.0
525.0 977.0
504.0 993.0
494.0 1014.0
458.0 1095.0
462.0 1084.0
455.0 1101.0
464.0 1082.0
456.0 1099.0
488.0 1029.0
497.0 1006.0
502.0 997.0
468.0 1067.0
456.0 1099.0
437.0 1151.0
491.0 1021.0
455.0 1101.0
458.0 1095.0
470.0 1063.0
490.0 1025.0
491.0 1021.0
479.0 1046.0
515.0 980.0
427.0 1178.0
470.0 1063.0
523.0 979.0
462.0 1084.0
513.0 984.0
480.0 1039.0
472.0 1053.0
467.0 1070.0
492.0 1017.0
