719.0 1065.0
791.0 800.0
791.0 800.0
719.0 1065.0
785.0 802.0
724.0 1014.0
720.0 1062.0
721.0 1045.0
722.0 1028.0
721.0 1045.0
740.0 919.0
728.0 985.0
729.0 972.0
745.0 902.0
722.0 1028.0
725.0 1003.0
723.0 1017.0
755.0 857.0
760.0 841.0
743.0 908.0
744.0 904.0
785.0 802.0
777.0 809.0
727.0 994.0
728.0 985.0
758.0 849.0
764.0 829.0
780.0 806.0
782.0 805.0
739.0 927.0
733.0 956.0
734.0 948.0
763.0 833.0
761.0 837.0
756.0 853.0
741.0 917.0
742.0 910.0
782.0 805.0
767.0 825.0
780.0 806.0
771.0 816.0
776.0 811.0
769.0 819.0
750.0 881.0
725.0 1003.0
730.0 969.0
746.0 896.0
731.0 963.0
751.0 875.0
726.0 997.0
771.0 816.0
773.0 814.0
773.0 814.0
734.0 948.0
751.0 875.0
746.0 896.0
736.0 939.0
753.0 865.0
752.0 870.0
737.0 934.0
752.0 870.0
753.0 865.0
747.0 891.0
735.0 943.0
759.0 844.0
754.0 860.0
775.0 812.0
765.0 828.0
756.0 853.0
761.0 837.0
731.0 963.0
747.0 891.0
737.0 934.0
735.0 943.0
758.0 849.0
763.0 833.0
748.0 887.0
732.0 959.0
736.0 939.0
738.0 930.0
729.0 972.0
723.0 1017.0
777.0 809.0
769.0 819.0
726.0 997.0
754.0 860.0
759.0 844.0
765.0 828.0
748.0 887.0
732.0 959.0
738.0 930.0
768.0 822.0
749.0 884.0
768.0 822.0
727.0 994.0
750.0 881.0
733.0 956.0
767.0 825.0
749.0 884.0
720.0 1062.0
