105.0 1165.0
159.0 867.0
105.0 1165.0
159.0 867.0
109.0 1125.0
110.0 1072.0
145.0 884.0
113.0 994.0
153.0 881.0
112.0 1032.0
110.0 1072.0
111.0 1040.0
106.0 1161.0
107.0 1141.0
115.0 984.0
116.0 971.0
129.0 925.0
137.0 904.0
158.0 871.0
155.0 873.0
132.0 921.0
140.0 901.0
124.0 939.0
108.0 1136.0
109.0 1125.0
113.0 994.0
116.0 971.0
118.0 961.0
115.0 984.0
126.0 937.0
122.0 945.0
133.0 918.0
111.0 1040.0
112.0 1032.0
124.0 939.0
118.0 961.0
128.0 932.0
143.0 897.0
136.0 911.0
144.0 890.0
135.0 912.0
122.0 945.0
133.0 918.0
144.0 890.0
120.0 955.0
121.0 949.0
135.0 912.0
107.0 1141.0
108.0 1136.0
129.0 925.0
121.0 949.0
119.0 959.0
154.0 877.0
120.0 955.0
106.0 1161.0
132.0 921.0
127.0 933.0
154.0 877.0
145.0 884.0
137.0 904.0
153.0 881.0
140.0 901.0
155.0 873.0
141.0 900.0
158.0 871.0
119.0 959.0
126.0 937.0
142.0 898.0
127.0 933.0
142.0 898.0
141.0 900.0
143.0 897.0
128.0 932.0
136.0 911.0
105.0 1165.0
159.0 867.0
110.0 1072.0
109.0 1125.0
113.0 994.0
116.0 971.0
115.0 984.0
111.0 1040.0
112.0 1032.0
124.0 939.0
118.0 961.0
122.0 945.0
133.0 918.0
144.0 890.0
135.0 912.0
107.0 1141.0
108.0 1136.0
129.0 925.0
121.0 949.0
120.0 955.0
106.0 1161.0
132.0 921.0
154.0 877.0
145.0 884.0
137.0 904.0
153.0 881.0
