1465.0 344.0
1796.0 244.0
1796.0 244.0
1465.0 344.0
1491.0 303.0
1487.0 316.0
1709.0 249.0
1661.0 251.0
1771.0 246.0
1724.0 248.0
1478.0 321.0
1473.0 331.0
1469.0 334.0
1610.0 260.0
1502.0 301.0
1511.0 295.0
1649.0 252.0
1523.0 289.0
1646.0 256.0
1563.0 275.0
1598.0 266.0
1598.0 266.0
1724.0 248.0
1709.0 249.0
1478.0 321.0
1487.0 316.0
1780.0 245.0
1551.0 281.0
1661.0 251.0
1610.0 260.0
1624.0 258.0
1624.0 258.0
1563.0 275.0
1556.0 278.0
1576.0 272.0
1595.0 269.0
1771.0 246.0
1502.0 301.0
1636.0 257.0
1556.0 278.0
1473.0 331.0
1534.0 287.0
1519.0 293.0
1469.0 334.0
1589.0 270.0
1636.0 257.0
1579.0 271.0
1576.0 272.0
1511.0 295.0
1780.0 245.0
1542.0 282.0
1491.0 303.0
1523.0 289.0
1534.0 287.0
1518.0 294.0
1589.0 270.0
1540.0 283.0
1551.0 281.0
1539.0 285.0
1538.0 286.0
1519.0 293.0
1649.0 252.0
1579.0 271.0
1646.0 256.0
1595.0 269.0
1542.0 282.0
1540.0 283.0
1538.0 286.0
1539.0 285.0
1518.0 294.0
1796.0 244.0
1465.0 344.0
1598.0 266.0
1724.0 248.0
1709.0 249.0
1478.0 321.0
1487.0 316.0
1661.0 251.0
1610.0 260.0
1624.0 258.0
1563.0 275.0
1771.0 246.0
1502.0 301.0
1556.0 278.0
1473.0 331.0
1469.0 334.0
1636.0 257.0
1576.0 272.0
1511.0 295.0
1780.0 245.0
1491.0 303.0
1523.0 289.0
1534.0 287.0
1589.0 270.0
1551.0 281.0
1519.0 293.0
1649.0 252.0
1579.0 271.0
1646.0 256.0
1595.0 269.0
