9963.0 1845.0
10557.0 1494.0
9963.0 1845.0
10557.0 1494.0
10474.0 1518.0
10440.0 1519.0
10510.0 1509.0
9982.0 1798.0
10373.0 1544.0
10484.0 1511.0
10012.0 1765.0
10394.0 1530.0
9973.0 1827.0
10063.0 1694.0
10008.0 1781.0
10089.0 1670.0
9980.0 1814.0
10513.0 1504.0
9973.0 1827.0
9993.0 1797.0
10059.0 1708.0
10097.0 1669.0
10071.0 1693.0
10117.0 1654.0
10347.0 1545.0
10276.0 1577.0
10437.0 1524.0
10548.0 1498.0
10527.0 1500.0
10052.0 1721.0
10330.0 1547.0
10259.0 1583.0
10059.0 1708.0
10083.0 1681.0
10050.0 1733.0
10210.0 1600.0
9997.0 1788.0
10052.0 1721.0
9980.0 1814.0
10225.0 1594.0
10384.0 1537.0
10253.0 1587.0
10119.0 1649.0
10076.0 1684.0
10230.0 1591.0
10039.0 1747.0
10384.0 1537.0
10165.0 1627.0
10305.0 1558.0
10237.0 1588.0
10411.0 1528.0
10326.0 1553.0
10301.0 1564.0
10422.0 1525.0
10147.0 1633.0
10102.0 1660.0
10169.0 1626.0
10282.0 1571.0
10146.0 1637.0
10347.0 1545.0
10134.0 1643.0
10029.0 1754.0
10046.0 1737.0
10205.0 1609.0
10527.0 1500.0
10134.0 1643.0
10039.0 1747.0
10029.0 1754.0
10291.0 1567.0
10174.0 1621.0
10023.0 1758.0
10316.0 1556.0
10154.0 1630.0
10408.0 1529.0
10182.0 1616.0
10017.0 1764.0
10291.0 1567.0
10268.0 1580.0
10044.0 1740.0
10174.0 1621.0
10484.0 1511.0
10316.0 1556.0
10208.0 1606.0
10182.0 1616.0
10268.0 1580.0
10189.0 1613.0
10126.0 1646.0
10197.0 1610.0
10217.0 1597.0
10282.0 1571.0
10023.0 1758.0
10422.0 1525.0
10373.0 1544.0
10106.0 1659.0
9997.0 1788.0
10106.0 1659.0
10006.0 1783.0
10548.0 1498.0
10126.0 1646.0
10189.0 1613.0
