412.0 1287.0
414.0 1268.0
415.0 1257.0
416.0 1251.0
417.0 1240.0
418.0 1235.0
419.0 1230.0
420.0 1224.0
421.0 1214.0
422.0 1209.0
423.0 1206.0
424.0 1189.0
425.0 1181.0
426.0 1174.0
427.0 1166.0
428.0 1164.0
429.0 1162.0
430.0 1160.0
431.0 1148.0
432.0 1146.0
433.0 1141.0
434.0 1139.0
435.0 1137.0
436.0 1134.0
437.0 1125.0
439.0 1117.0
441.0 1114.0
442.0 1110.0
443.0 1102.0
444.0 1095.0
446.0 1090.0
447.0 1087.0
448.0 1080.0
450.0 1073.0
451.0 1065.0
454.0 1064.0
456.0 1056.0
459.0 1055.0
461.0 1051.0
463.0 1047.0
464.0 1043.0
467.0 1039.0
471.0 1037.0
472.0 1034.0
474.0 1033.0
475.0 1030.0
476.0 1027.0
480.0 1025.0
481.0 1019.0
482.0 1018.0
483.0 1017.0
484.0 1014.0
485.0 1013.0
486.0 1009.0
487.0 1008.0
490.0 1003.0
491.0 1002.0
495.0 1001.0
496.0 1000.0
498.0 999.0
501.0 998.0
502.0 997.0
503.0 995.0
504.0 991.0
525.0 990.0
