9491.0 630.0
9493.0 625.0
9497.0 618.0
9502.0 607.0
9504.0 606.0
9507.0 602.0
9510.0 601.0
9512.0 600.0
9515.0 599.0
9516.0 593.0
9518.0 588.0
9520.0 585.0
9528.0 583.0
9530.0 578.0
9540.0 574.0
9544.0 570.0
9551.0 568.0
9554.0 566.0
9561.0 564.0
9564.0 562.0
9565.0 560.0
9570.0 558.0
9575.0 556.0
9583.0 554.0
9589.0 550.0
9597.0 549.0
9599.0 544.0
9605.0 537.0
9613.0 536.0
9621.0 534.0
9629.0 533.0
9643.0 527.0
9651.0 526.0
9665.0 524.0
9671.0 520.0
9679.0 519.0
9690.0 518.0
9693.0 517.0
9700.0 516.0
9706.0 512.0
9740.0 510.0
9741.0 506.0
9742.0 505.0
9757.0 504.0
9803.0 503.0
9811.0 501.0
9813.0 498.0
9821.0 496.0
9975.0 494.0
10023.0 492.0
10143.0 491.0
