19454.0 6099.0
19455.0 6072.0
19456.0 6061.0
19457.0 6034.0
19458.0 6030.0
19459.0 6003.0
19463.0 5996.0
19464.0 5969.0
19470.0 5958.0
19471.0 5955.0
19473.0 5945.0
19474.0 5925.0
19477.0 5903.0
19484.0 5889.0
19486.0 5787.0
19488.0 5782.0
19490.0 5773.0
19492.0 5735.0
19494.0 5730.0
19498.0 5727.0
19499.0 5722.0
19501.0 5717.0
19502.0 5705.0
19504.0 5700.0
19505.0 5689.0
19506.0 5688.0
19510.0 5687.0
19511.0 5667.0
19514.0 5664.0
19515.0 5659.0
19516.0 5658.0
19517.0 5647.0
19522.0 5626.0
19527.0 5617.0
19531.0 5614.0
19533.0 5609.0
19536.0 5605.0
19538.0 5593.0
19543.0 5584.0
19547.0 5581.0
19549.0 5576.0
19552.0 5572.0
19557.0 5567.0
19559.0 5565.0
19562.0 5561.0
19563.0 5558.0
19566.0 5555.0
19569.0 5550.0
19572.0 5544.0
19577.0 5535.0
19582.0 5533.0
19583.0 5531.0
19585.0 5529.0
19586.0 5525.0
19587.0 5524.0
19591.0 5516.0
19596.0 5514.0
19597.0 5509.0
19601.0 5505.0
19605.0 5499.0
19607.0 5498.0
19608.0 5494.0
19610.0 5482.0
19616.0 5474.0
19618.0 5463.0
19624.0 5455.0
19630.0 5447.0
19632.0 5443.0
19634.0 5441.0
19636.0 5439.0
19638.0 5435.0
19640.0 5431.0
19644.0 5427.0
19646.0 5423.0
19648.0 5421.0
19649.0 5417.0
19654.0 5411.0
19655.0 5409.0
19658.0 5407.0
19660.0 5403.0
19662.0 5401.0
19663.0 5397.0
19666.0 5393.0
19668.0 5391.0
19669.0 5389.0
19672.0 5387.0
19674.0 5385.0
19675.0 5379.0
19677.0 5377.0
19683.0 5375.0
19685.0 5372.0
19686.0 5371.0
19687.0 5367.0
19688.0 5365.0
19692.0 5361.0
19694.0 5358.0
19698.0 5355.0
19699.0 5352.0
19701.0 5347.0
19705.0 5346.0
19707.0 5345.0
19708.0 5338.0
19714.0 5336.0
19718.0 5332.0
19719.0 5331.0
19720.0 5326.0
19726.0 5324.0
19727.0 5322.0
19731.0 5316.0
19737.0 5315.0
19738.0 5310.0
19742.0 5304.0
19747.0 5303.0
19749.0 5298.0
19754.0 5292.0
19760.0 5286.0
19766.0 5284.0
19770.0 5283.0
19773.0 5278.0
19774.0 5276.0
19778.0 5272.0
19780.0 5270.0
19784.0 5266.0
19788.0 5265.0
19793.0 5259.0
19798.0 5256.0
19799.0 5253.0
19804.0 5250.0
19813.0 5243.0
19819.0 5237.0
19828.0 5235.0
19830.0 5234.0
19833.0 5230.0
19834.0 5229.0
19839.0 5224.0
19845.0 5222.0
19847.0 5219.0
19853.0 5217.0
19855.0 5216.0
19856.0 5215.0
19858.0 5212.0
19859.0 5211.0
19865.0 5207.0
19867.0 5203.0
19871.0 5201.0
19878.0 5196.0
19885.0 5191.0
19889.0 5189.0
19891.0 5185.0
19903.0 5181.0
19907.0 5179.0
19914.0 5178.0
19915.0 5175.0
19917.0 5173.0
19920.0 5172.0
19927.0 5165.0
19934.0 5164.0
19939.0 5158.0
19941.0 5157.0
19944.0 5156.0
19951.0 5149.0
19963.0 5142.0
19977.0 5140.0
19979.0 5136.0
19986.0 5135.0
19993.0 5134.0
19994.0 5132.0
20002.0 5129.0
20008.0 5126.0
20012.0 5122.0
20017.0 5120.0
20020.0 5118.0
20021.0 5116.0
20024.0 5114.0
20027.0 5113.0
20029.0 5111.0
20031.0 5109.0
20035.0 5108.0
20039.0 5106.0
20042.0 5104.0
20043.0 5102.0
20047.0 5097.0
20051.0 5093.0
20057.0 5090.0
20065.0 5087.0
20067.0 5083.0
20072.0 5081.0
20078.0 5076.0
20084.0 5074.0
20087.0 5073.0
20090.0 5072.0
20092.0 5068.0
20095.0 5066.0
20098.0 5065.0
20099.0 5062.0
20102.0 5061.0
20104.0 5057.0
20108.0 5056.0
20110.0 5054.0
20113.0 5053.0
20116.0 5052.0
20119.0 5048.0
20122.0 5047.0
20125.0 5046.0
20127.0 5045.0
20129.0 5042.0
20134.0 5036.0
20140.0 5034.0
20143.0 5033.0
20146.0 5030.0
20149.0 5029.0
20155.0 5026.0
20157.0 5024.0
20160.0 5023.0
20163.0 5021.0
20166.0 5020.0
20169.0 5019.0
20172.0 5018.0
20173.0 5017.0
20175.0 5015.0
20178.0 5013.0
20181.0 5012.0
20183.0 5011.0
20186.0 5010.0
20187.0 5009.0
20189.0 5005.0
20197.0 5004.0
20200.0 5002.0
20203.0 5000.0
20204.0 4996.0
20211.0 4991.0
20218.0 4990.0
20221.0 4989.0
20224.0 4986.0
20230.0 4982.0
20238.0 4981.0
20241.0 4980.0
20244.0 4976.0
20250.0 4974.0
20260.0 4970.0
20266.0 4964.0
20280.0 4962.0
20283.0 4960.0
20286.0 4956.0
20297.0 4954.0
20303.0 4952.0
20309.0 4946.0
20316.0 4944.0
20326.0 4943.0
20333.0 4941.0
20339.0 4934.0
20356.0 4931.0
20369.0 4930.0
20373.0 4925.0
20379.0 4923.0
20407.0 4919.0
20419.0 4918.0
20424.0 4916.0
20427.0 4915.0
20446.0 4913.0
20450.0 4911.0
20452.0 4909.0
20457.0 4907.0
20459.0 4900.0
20469.0 4899.0
20471.0 4898.0
20479.0 4897.0
20483.0 4894.0
20485.0 4892.0
20487.0 4890.0
20499.0 4886.0
20503.0 4885.0
20505.0 4878.0
20515.0 4876.0
20527.0 4874.0
20529.0 4872.0
20531.0 4870.0
20533.0 4868.0
20542.0 4866.0
20545.0 4864.0
20553.0 4860.0
20563.0 4858.0
20571.0 4856.0
20573.0 4854.0
20579.0 4852.0
20581.0 4850.0
20588.0 4844.0
20598.0 4842.0
20600.0 4841.0
20610.0 4839.0
20612.0 4838.0
20622.0 4836.0
20623.0 4834.0
20628.0 4830.0
20636.0 4826.0
20646.0 4824.0
20648.0 4823.0
20658.0 4821.0
20660.0 4820.0
20670.0 4818.0
20671.0 4816.0
20682.0 4815.0
20683.0 4813.0
20695.0 4810.0
20707.0 4807.0
20722.0 4805.0
20726.0 4804.0
20732.0 4803.0
20734.0 4802.0
20744.0 4800.0
20746.0 4797.0
20756.0 4795.0
20758.0 4794.0
20766.0 4793.0
20768.0 4792.0
20776.0 4791.0
20778.0 4790.0
20781.0 4787.0
20790.0 4785.0
20793.0 4784.0
20800.0 4783.0
20802.0 4782.0
20812.0 4780.0
20822.0 4779.0
20825.0 4775.0
20837.0 4772.0
20857.0 4770.0
20872.0 4767.0
20892.0 4765.0
20910.0 4764.0
20914.0 4763.0
20924.0 4761.0
20935.0 4760.0
20939.0 4759.0
20948.0 4758.0
20949.0 4757.0
20963.0 4756.0
20964.0 4754.0
20968.0 4753.0
20978.0 4751.0
20993.0 4749.0
21005.0 4748.0
21009.0 4747.0
21019.0 4745.0
21034.0 4743.0
21053.0 4741.0
21065.0 4740.0
21069.0 4739.0
21079.0 4737.0
21094.0 4735.0
21120.0 4733.0
21149.0 4732.0
21167.0 4731.0
21181.0 4729.0
21186.0 4728.0
21187.0 4726.0
21192.0 4725.0
21195.0 4724.0
21196.0 4720.0
21209.0 4718.0
21213.0 4717.0
21214.0 4715.0
21221.0 4713.0
21226.0 4709.0
21238.0 4707.0
21248.0 4703.0
21257.0 4701.0
21262.0 4698.0
21267.0 4695.0
21277.0 4691.0
21294.0 4690.0
21304.0 4688.0
21312.0 4687.0
21314.0 4684.0
21316.0 4682.0
21339.0 4680.0
21343.0 4675.0
21373.0 4672.0
21379.0 4670.0
21409.0 4667.0
21497.0 4665.0
21502.0 4664.0
21503.0 4663.0
21532.0 4661.0
21533.0 4660.0
21538.0 4659.0
21568.0 4656.0
21609.0 4655.0
21615.0 4654.0
21622.0 4653.0
21628.0 4652.0
21645.0 4651.0
21652.0 4650.0
21658.0 4649.0
