29685.0 11738.0
29686.0 11730.0
29687.0 11724.0
29688.0 11716.0
29690.0 11711.0
29691.0 11703.0
29694.0 11697.0
29695.0 11688.0
29696.0 11683.0
29697.0 11674.0
29704.0 11665.0
29705.0 11662.0
29706.0 11653.0
29708.0 11652.0
29709.0 11647.0
29710.0 11638.0
29715.0 11637.0
29716.0 11628.0
29718.0 11626.0
29719.0 11617.0
29720.0 11615.0
29722.0 11611.0
29724.0 11595.0
29726.0 11581.0
29731.0 11576.0
29734.0 11567.0
29737.0 11558.0
29738.0 11557.0
29739.0 11545.0
29744.0 11540.0
29745.0 11535.0
29747.0 11531.0
29750.0 11522.0
29751.0 11521.0
29755.0 11517.0
29756.0 11513.0
29758.0 11499.0
29763.0 11491.0
29764.0 11490.0
29766.0 11485.0
29770.0 11483.0
29771.0 11477.0
29772.0 11476.0
29775.0 11472.0
29778.0 11459.0
29780.0 11455.0
29782.0 11439.0
29783.0 11410.0
29784.0 11376.0
29786.0 11353.0
29788.0 11352.0
29790.0 11334.0
29792.0 11311.0
29794.0 11310.0
29797.0 11301.0
29799.0 11300.0
29802.0 11285.0
29804.0 11279.0
29805.0 11275.0
29806.0 11259.0
29808.0 11258.0
29813.0 11253.0
29815.0 11252.0
29816.0 11233.0
29818.0 11232.0
29819.0 11223.0
29821.0 11222.0
29823.0 11217.0
29825.0 11216.0
29826.0 11213.0
29827.0 11201.0
29829.0 11200.0
29834.0 11199.0
29835.0 11197.0
29837.0 11185.0
29839.0 11184.0
29844.0 11183.0
29845.0 11167.0
29851.0 11166.0
29854.0 11154.0
29855.0 11151.0
29861.0 11150.0
29864.0 11138.0
29865.0 11137.0
29866.0 11133.0
29870.0 11132.0
29872.0 11130.0
29875.0 11121.0
29876.0 11120.0
29879.0 11118.0
29882.0 11117.0
29883.0 11109.0
29886.0 11103.0
29890.0 11102.0
29891.0 11099.0
29892.0 11096.0
29896.0 11095.0
29897.0 11086.0
29900.0 11081.0
29905.0 11077.0
29907.0 11074.0
29908.0 11071.0
29911.0 11065.0
29914.0 11063.0
29916.0 11061.0
29918.0 11060.0
29920.0 11052.0
29926.0 11049.0
29927.0 11048.0
29928.0 11037.0
29933.0 11033.0
29935.0 11032.0
29937.0 11029.0
29940.0 11028.0
29944.0 11021.0
29949.0 11017.0
29951.0 11016.0
29952.0 11013.0
29953.0 11012.0
29954.0 11010.0
29956.0 11007.0
29959.0 10997.0
29969.0 10992.0
29972.0 10991.0
29973.0 10987.0
29975.0 10981.0
29982.0 10977.0
29985.0 10976.0
29986.0 10974.0
29989.0 10971.0
29992.0 10970.0
29994.0 10966.0
29998.0 10959.0
30003.0 10957.0
30006.0 10953.0
30007.0 10949.0
30008.0 10944.0
30015.0 10942.0
30017.0 10939.0
30018.0 10938.0
30019.0 10936.0
30021.0 10933.0
30024.0 10923.0
30033.0 10922.0
30034.0 10917.0
30041.0 10907.0
30047.0 10903.0
30050.0 10901.0
30052.0 10892.0
30066.0 10882.0
30069.0 10877.0
30076.0 10875.0
30079.0 10872.0
30080.0 10859.0
30092.0 10856.0
30095.0 10846.0
30104.0 10844.0
30105.0 10841.0
30109.0 10840.0
30117.0 10832.0
30124.0 10830.0
30127.0 10823.0
30137.0 10818.0
30140.0 10817.0
30141.0 10815.0
30142.0 10809.0
30143.0 10808.0
30144.0 10807.0
30146.0 10806.0
30147.0 10805.0
30148.0 10804.0
30150.0 10798.0
30153.0 10797.0
30154.0 10795.0
30157.0 10786.0
30161.0 10783.0
30165.0 10775.0
30168.0 10774.0
30169.0 10772.0
30172.0 10771.0
30173.0 10769.0
30176.0 10768.0
30177.0 10766.0
30179.0 10765.0
30180.0 10760.0
30184.0 10757.0
30188.0 10754.0
30192.0 10751.0
30193.0 10749.0
30195.0 10747.0
30197.0 10746.0
30201.0 10738.0
30204.0 10737.0
30205.0 10735.0
30208.0 10734.0
30210.0 10732.0
30212.0 10731.0
30215.0 10728.0
30216.0 10723.0
30220.0 10720.0
30224.0 10719.0
30227.0 10715.0
30230.0 10713.0
30231.0 10710.0
30234.0 10709.0
30237.0 10705.0
30241.0 10702.0
30245.0 10698.0
30246.0 10695.0
30250.0 10694.0
30251.0 10692.0
30255.0 10688.0
30257.0 10686.0
30259.0 10685.0
30263.0 10678.0
30267.0 10675.0
30271.0 10674.0
30272.0 10672.0
30274.0 10671.0
30277.0 10669.0
30278.0 10668.0
30281.0 10661.0
30285.0 10658.0
30289.0 10657.0
30291.0 10655.0
30295.0 10652.0
30299.0 10650.0
30300.0 10649.0
30302.0 10646.0
30303.0 10645.0
30305.0 10644.0
30307.0 10641.0
30310.0 10639.0
30313.0 10631.0
30316.0 10630.0
30321.0 10622.0
30324.0 10621.0
30326.0 10617.0
30329.0 10611.0
30334.0 10608.0
30337.0 10607.0
30341.0 10604.0
30346.0 10603.0
30348.0 10602.0
30349.0 10595.0
30355.0 10594.0
30356.0 10588.0
30359.0 10587.0
30364.0 10583.0
30369.0 10574.0
30372.0 10573.0
30378.0 10572.0
30379.0 10569.0
30383.0 10568.0
30384.0 10561.0
30387.0 10560.0
30388.0 10558.0
30391.0 10550.0
30396.0 10549.0
30399.0 10547.0
30401.0 10545.0
30402.0 10543.0
30404.0 10538.0
30409.0 10536.0
30412.0 10529.0
30415.0 10527.0
30420.0 10525.0
30422.0 10517.0
30426.0 10515.0
30427.0 10513.0
30430.0 10508.0
30434.0 10506.0
30437.0 10504.0
30439.0 10501.0
30441.0 10497.0
30445.0 10495.0
30447.0 10492.0
30449.0 10490.0
30451.0 10476.0
30462.0 10465.0
30465.0 10463.0
30475.0 10453.0
30483.0 10444.0
30486.0 10442.0
30494.0 10441.0
30495.0 10440.0
30497.0 10439.0
30498.0 10438.0
30499.0 10434.0
30505.0 10429.0
30507.0 10425.0
30510.0 10423.0
30516.0 10419.0
30518.0 10410.0
30530.0 10406.0
30534.0 10404.0
30537.0 10403.0
30540.0 10400.0
30541.0 10399.0
30542.0 10391.0
30551.0 10385.0
30555.0 10383.0
30559.0 10380.0
30564.0 10378.0
30569.0 10377.0
30570.0 10369.0
30573.0 10367.0
30575.0 10366.0
30577.0 10364.0
30583.0 10357.0
30585.0 10354.0
30588.0 10352.0
30591.0 10348.0
30594.0 10346.0
30598.0 10339.0
30601.0 10337.0
30605.0 10335.0
30612.0 10326.0
30620.0 10320.0
30626.0 10314.0
30627.0 10311.0
30633.0 10305.0
30646.0 10304.0
30648.0 10300.0
30652.0 10298.0
30654.0 10294.0
30656.0 10292.0
30660.0 10289.0
30662.0 10286.0
30667.0 10284.0
30668.0 10282.0
30671.0 10280.0
30674.0 10276.0
30675.0 10273.0
30683.0 10272.0
30686.0 10269.0
30689.0 10261.0
30695.0 10255.0
30702.0 10250.0
30706.0 10246.0
30717.0 10244.0
30721.0 10240.0
30724.0 10238.0
30728.0 10236.0
30731.0 10233.0
30735.0 10229.0
30746.0 10227.0
30750.0 10223.0
30755.0 10220.0
30757.0 10219.0
30759.0 10218.0
30765.0 10216.0
30769.0 10214.0
30772.0 10213.0
30774.0 10212.0
30775.0 10208.0
30779.0 10205.0
30785.0 10203.0
30795.0 10199.0
30797.0 10197.0
30803.0 10194.0
30809.0 10189.0
30813.0 10188.0
30817.0 10185.0
30820.0 10184.0
30821.0 10183.0
30830.0 10182.0
30833.0 10179.0
30837.0 10178.0
30843.0 10175.0
30845.0 10173.0
30851.0 10170.0
30856.0 10169.0
30857.0 10167.0
30859.0 10166.0
30861.0 10165.0
30865.0 10161.0
30869.0 10159.0
30881.0 10156.0
30885.0 10155.0
30890.0 10152.0
30893.0 10151.0
30894.0 10150.0
30895.0 10147.0
30906.0 10142.0
30908.0 10141.0
30910.0 10140.0
30913.0 10137.0
30920.0 10136.0
30921.0 10135.0
30927.0 10133.0
30934.0 10128.0
30935.0 10125.0
30939.0 10124.0
30940.0 10122.0
30949.0 10121.0
30958.0 10116.0
30962.0 10115.0
30966.0 10109.0
30975.0 10108.0
30997.0 10100.0
31016.0 10099.0
31021.0 10096.0
31022.0 10095.0
31023.0 10093.0
31031.0 10092.0
31037.0 10091.0
31038.0 10089.0
31044.0 10088.0
31045.0 10086.0
31053.0 10085.0
31059.0 10084.0
31060.0 10080.0
31061.0 10079.0
31069.0 10078.0
31075.0 10076.0
31076.0 10075.0
31082.0 10073.0
31083.0 10072.0
31085.0 10071.0
31086.0 10070.0
31094.0 10069.0
31098.0 10068.0
31100.0 10067.0
31101.0 10066.0
31107.0 10064.0
31108.0 10063.0
31116.0 10062.0
31122.0 10060.0
31123.0 10059.0
31124.0 10058.0
31125.0 10057.0
31133.0 10056.0
31139.0 10054.0
31140.0 10053.0
31145.0 10052.0
31146.0 10051.0
31147.0 10050.0
31149.0 10049.0
31150.0 10048.0
31158.0 10047.0
31161.0 10046.0
31163.0 10043.0
31171.0 10042.0
31172.0 10041.0
31173.0 10039.0
31178.0 10038.0
31181.0 10036.0
31188.0 10034.0
31191.0 10032.0
31197.0 10030.0
31203.0 10029.0
31207.0 10026.0
31212.0 10025.0
31217.0 10022.0
31219.0 10019.0
31227.0 10018.0
31229.0 10015.0
31240.0 10012.0
31248.0 10011.0
31250.0 10008.0
31253.0 10006.0
31262.0 10005.0
31263.0 10002.0
31270.0 10001.0
31274.0 9999.0
31278.0 9998.0
31280.0 9997.0
31284.0 9995.0
31290.0 9992.0
31300.0 9988.0
31312.0 9985.0
31314.0 9984.0
31322.0 9981.0
31329.0 9979.0
31336.0 9977.0
31339.0 9975.0
31350.0 9972.0
31353.0 9970.0
31354.0 9969.0
31357.0 9966.0
31366.0 9965.0
31367.0 9963.0
31368.0 9962.0
31371.0 9959.0
31372.0 9958.0
31375.0 9952.0
31378.0 9949.0
31389.0 9945.0
31392.0 9942.0
31396.0 9941.0
31401.0 9938.0
31407.0 9934.0
31410.0 9931.0
31415.0 9928.0
31419.0 9924.0
31422.0 9921.0
31429.0 9918.0
31434.0 9917.0
31437.0 9916.0
31438.0 9914.0
31440.0 9913.0
31444.0 9912.0
31445.0 9910.0
31448.0 9907.0
31453.0 9906.0
31456.0 9900.0
31459.0 9897.0
31471.0 9894.0
31474.0 9891.0
31476.0 9890.0
31479.0 9887.0
31484.0 9885.0
31488.0 9884.0
31493.0 9883.0
31494.0 9881.0
31497.0 9880.0
31500.0 9877.0
31504.0 9875.0
31508.0 9874.0
31513.0 9872.0
31514.0 9871.0
31517.0 9870.0
31519.0 9869.0
31520.0 9867.0
31525.0 9865.0
31533.0 9862.0
31537.0 9860.0
31539.0 9859.0
31540.0 9857.0
31545.0 9855.0
31550.0 9854.0
31557.0 9850.0
31560.0 9847.0
31565.0 9845.0
31570.0 9844.0
31581.0 9843.0
31582.0 9838.0
31585.0 9835.0
31597.0 9834.0
31599.0 9833.0
31611.0 9827.0
31614.0 9824.0
31628.0 9822.0
31643.0 9820.0
31646.0 9817.0
31658.0 9815.0
31661.0 9812.0
31675.0 9810.0
31691.0 9809.0
31694.0 9807.0
31700.0 9806.0
31703.0 9804.0
31709.0 9802.0
31712.0 9801.0
31719.0 9800.0
31727.0 9799.0
31743.0 9798.0
31744.0 9794.0
31747.0 9791.0
31763.0 9790.0
31781.0 9788.0
31797.0 9787.0
31849.0 9785.0
31856.0 9784.0
31866.0 9780.0
31873.0 9778.0
31878.0 9774.0
31885.0 9773.0
31892.0 9772.0
31899.0 9771.0
31904.0 9770.0
31914.0 9769.0
31918.0 9768.0
31926.0 9767.0
31927.0 9766.0
31933.0 9765.0
31936.0 9762.0
31940.0 9761.0
31943.0 9758.0
31945.0 9755.0
31949.0 9752.0
31954.0 9751.0
31955.0 9748.0
31956.0 9746.0
31959.0 9744.0
31964.0 9740.0
31971.0 9737.0
31976.0 9734.0
31982.0 9733.0
31986.0 9729.0
31990.0 9726.0
31991.0 9725.0
31995.0 9719.0
32001.0 9718.0
32004.0 9715.0
32006.0 9712.0
32012.0 9711.0
32014.0 9707.0
32016.0 9705.0
32019.0 9703.0
32030.0 9699.0
32035.0 9693.0
32040.0 9689.0
32045.0 9687.0
32055.0 9686.0
32058.0 9685.0
32060.0 9684.0
32070.0 9681.0
32075.0 9679.0
32081.0 9676.0
32094.0 9674.0
32096.0 9670.0
32101.0 9666.0
32111.0 9665.0
32114.0 9664.0
32116.0 9661.0
32129.0 9659.0
32131.0 9658.0
32141.0 9657.0
32144.0 9656.0
32146.0 9653.0
32156.0 9650.0
32164.0 9648.0
32165.0 9646.0
32169.0 9644.0
32179.0 9643.0
32180.0 9640.0
32184.0 9639.0
32190.0 9638.0
32194.0 9636.0
32203.0 9632.0
32211.0 9631.0
32213.0 9630.0
32218.0 9626.0
32226.0 9622.0
32235.0 9618.0
32245.0 9616.0
32250.0 9612.0
32262.0 9610.0
32265.0 9609.0
32275.0 9608.0
32277.0 9607.0
32282.0 9604.0
32294.0 9602.0
32297.0 9601.0
32307.0 9600.0
32309.0 9599.0
32317.0 9598.0
32327.0 9597.0
32329.0 9596.0
32334.0 9593.0
32346.0 9591.0
32349.0 9590.0
32359.0 9589.0
32361.0 9588.0
32381.0 9587.0
32383.0 9586.0
32395.0 9585.0
32402.0 9581.0
32421.0 9578.0
32430.0 9576.0
32441.0 9574.0
32442.0 9572.0
32459.0 9571.0
32462.0 9570.0
32473.0 9569.0
32476.0 9568.0
32493.0 9567.0
32513.0 9566.0
32514.0 9565.0
32527.0 9564.0
32536.0 9561.0
32551.0 9558.0
32562.0 9557.0
32589.0 9554.0
