711.0 1158.0
712.0 1145.0
713.0 1143.0
714.0 1131.0
715.0 1117.0
716.0 1110.0
717.0 1107.0
718.0 1093.0
719.0 1088.0
720.0 1037.0
721.0 1024.0
723.0 1010.0
724.0 1006.0
725.0 993.0
727.0 979.0
728.0 976.0
729.0 969.0
730.0 962.0
731.0 958.0
732.0 957.0
733.0 944.0
734.0 943.0
735.0 941.0
736.0 934.0
737.0 926.0
738.0 915.0
739.0 902.0
740.0 899.0
741.0 886.0
742.0 885.0
743.0 879.0
744.0 873.0
746.0 866.0
747.0 859.0
749.0 852.0
750.0 850.0
751.0 849.0
752.0 837.0
753.0 836.0
754.0 830.0
755.0 829.0
756.0 823.0
758.0 814.0
760.0 807.0
762.0 800.0
764.0 793.0
767.0 791.0
770.0 785.0
773.0 782.0
776.0 780.0
780.0 776.0
