2570.0 677.0
2574.0 656.0
2580.0 648.0
2588.0 645.0
2592.0 642.0
2600.0 639.0
2604.0 636.0
2612.0 633.0
2614.0 632.0
2616.0 628.0
2620.0 624.0
2624.0 616.0
2628.0 612.0
2634.0 610.0
2640.0 606.0
2654.0 598.0
2662.0 595.0
2670.0 594.0
2672.0 592.0
2682.0 591.0
2686.0 583.0
2696.0 581.0
2698.0 580.0
2718.0 574.0
2732.0 572.0
2742.0 570.0
2750.0 568.0
2752.0 565.0
2754.0 562.0
2768.0 560.0
2778.0 558.0
2786.0 556.0
2788.0 554.0
2794.0 552.0
2808.0 548.0
2810.0 546.0
2812.0 542.0
2822.0 541.0
2832.0 534.0
2836.0 528.0
2846.0 527.0
2856.0 526.0
2862.0 522.0
2876.0 518.0
2884.0 516.0
2910.0 511.0
2930.0 509.0
2938.0 507.0
2980.0 506.0
2982.0 503.0
2990.0 501.0
3014.0 499.0
3064.0 498.0
3068.0 497.0
3080.0 493.0
3088.0 491.0
3112.0 489.0
3200.0 486.0
3218.0 484.0
3242.0 482.0
