15258.0 4373.0
15260.0 4343.0
15261.0 4322.0
15262.0 4320.0
15264.0 4314.0
15265.0 4308.0
15266.0 4306.0
15270.0 4297.0
15271.0 4295.0
15272.0 4248.0
15273.0 4235.0
15274.0 4224.0
15277.0 4212.0
15278.0 4201.0
15281.0 4200.0
15282.0 4187.0
15283.0 4176.0
15293.0 4170.0
15294.0 4159.0
15297.0 4117.0
15298.0 4102.0
15301.0 4094.0
15302.0 4079.0
15303.0 4069.0
15304.0 4054.0
15307.0 4050.0
15308.0 4035.0
15310.0 4032.0
15312.0 4027.0
15313.0 4021.0
15314.0 4013.0
15317.0 4011.0
15318.0 4005.0
15319.0 3999.0
15321.0 3997.0
15322.0 3992.0
15323.0 3991.0
15325.0 3985.0
15326.0 3979.0
15327.0 3978.0
15329.0 3976.0
15330.0 3971.0
15331.0 3961.0
15333.0 3957.0
15334.0 3942.0
15337.0 3936.0
15338.0 3934.0
15342.0 3921.0
15343.0 3914.0
15346.0 3912.0
15347.0 3906.0
15349.0 3880.0
15354.0 3879.0
15355.0 3874.0
15356.0 3863.0
15361.0 3862.0
15362.0 3857.0
15364.0 3850.0
15367.0 3847.0
15368.0 3846.0
15369.0 3831.0
15372.0 3829.0
15375.0 3826.0
15376.0 3814.0
15377.0 3810.0
15382.0 3809.0
15383.0 3808.0
15384.0 3793.0
15390.0 3788.0
15395.0 3787.0
15396.0 3784.0
15397.0 3771.0
15403.0 3767.0
15405.0 3760.0
15408.0 3757.0
15409.0 3756.0
15410.0 3741.0
15416.0 3737.0
15421.0 3736.0
15423.0 3730.0
15424.0 3720.0
15428.0 3711.0
15432.0 3707.0
15438.0 3703.0
15439.0 3698.0
15440.0 3691.0
15442.0 3690.0
15445.0 3685.0
15446.0 3682.0
15449.0 3674.0
15454.0 3669.0
15455.0 3666.0
15458.0 3658.0
15460.0 3655.0
15461.0 3653.0
15463.0 3647.0
15465.0 3644.0
15467.0 3640.0
15468.0 3636.0
15470.0 3635.0
15472.0 3629.0
15475.0 3628.0
15476.0 3627.0
15477.0 3623.0
15478.0 3620.0
15479.0 3617.0
15480.0 3615.0
15482.0 3609.0
15488.0 3605.0
15490.0 3601.0
15496.0 3597.0
15498.0 3596.0
15499.0 3595.0
15500.0 3591.0
15503.0 3589.0
15505.0 3584.0
15508.0 3576.0
15514.0 3572.0
15516.0 3568.0
15522.0 3564.0
15530.0 3561.0
15532.0 3560.0
15533.0 3556.0
15537.0 3549.0
15539.0 3548.0
15545.0 3541.0
15549.0 3540.0
15553.0 3538.0
15555.0 3536.0
15561.0 3533.0
15562.0 3529.0
15567.0 3526.0
15568.0 3521.0
15575.0 3518.0
15578.0 3513.0
15582.0 3510.0
15589.0 3508.0
15590.0 3507.0
15591.0 3503.0
15594.0 3495.0
15602.0 3492.0
15607.0 3490.0
15610.0 3487.0
15613.0 3482.0
15619.0 3475.0
15624.0 3472.0
15627.0 3467.0
15635.0 3464.0
15642.0 3463.0
15643.0 3459.0
15646.0 3458.0
15649.0 3452.0
15652.0 3451.0
15657.0 3444.0
15660.0 3443.0
15665.0 3441.0
15669.0 3439.0
15672.0 3438.0
15673.0 3436.0
15676.0 3435.0
15678.0 3431.0
15682.0 3428.0
15685.0 3427.0
15686.0 3423.0
15690.0 3420.0
15700.0 3416.0
15706.0 3411.0
15711.0 3405.0
15719.0 3404.0
15720.0 3398.0
15726.0 3394.0
15728.0 3393.0
15732.0 3389.0
15737.0 3386.0
15738.0 3385.0
15743.0 3382.0
15749.0 3377.0
15754.0 3371.0
15762.0 3370.0
15763.0 3364.0
15769.0 3360.0
15775.0 3355.0
15781.0 3351.0
15792.0 3349.0
15794.0 3344.0
15800.0 3340.0
15807.0 3338.0
15812.0 3336.0
15813.0 3333.0
15818.0 3331.0
15819.0 3329.0
15824.0 3327.0
15832.0 3322.0
15834.0 3319.0
15838.0 3318.0
15843.0 3312.0
15853.0 3308.0
15858.0 3303.0
15862.0 3301.0
15866.0 3298.0
15867.0 3296.0
15875.0 3291.0
15882.0 3290.0
15885.0 3285.0
15894.0 3280.0
15901.0 3279.0
15904.0 3274.0
15914.0 3270.0
15924.0 3266.0
15933.0 3259.0
15950.0 3258.0
15954.0 3252.0
15964.0 3251.0
15970.0 3250.0
15973.0 3241.0
15999.0 3239.0
16000.0 3236.0
16017.0 3234.0
16023.0 3232.0
16028.0 3230.0
16034.0 3229.0
16035.0 3227.0
16040.0 3225.0
16053.0 3224.0
16054.0 3222.0
16055.0 3220.0
16062.0 3218.0
16091.0 3216.0
16100.0 3215.0
16105.0 3214.0
16110.0 3211.0
16111.0 3210.0
16113.0 3208.0
16114.0 3206.0
16119.0 3204.0
16131.0 3203.0
16151.0 3200.0
16163.0 3198.0
16222.0 3196.0
16225.0 3192.0
16266.0 3190.0
16280.0 3189.0
16288.0 3183.0
16313.0 3182.0
16316.0 3179.0
16329.0 3178.0
16346.0 3177.0
16353.0 3174.0
16381.0 3170.0
16395.0 3169.0
16421.0 3168.0
16423.0 3165.0
16537.0 3164.0
16547.0 3161.0
16566.0 3159.0
16588.0 3157.0
16605.0 3154.0
16613.0 3153.0
16621.0 3152.0
16638.0 3151.0
16642.0 3149.0
16643.0 3148.0
16647.0 3147.0
16664.0 3145.0
