713.0 1141.0
714.0 1125.0
715.0 1116.0
716.0 1103.0
717.0 1087.0
718.0 1080.0
719.0 1065.0
720.0 1057.0
721.0 1041.0
722.0 1032.0
723.0 1025.0
724.0 1016.0
725.0 1009.0
726.0 1004.0
727.0 997.0
728.0 987.0
729.0 986.0
730.0 973.0
731.0 969.0
732.0 962.0
733.0 955.0
734.0 950.0
735.0 938.0
737.0 930.0
738.0 921.0
739.0 918.0
740.0 909.0
741.0 898.0
743.0 882.0
744.0 880.0
745.0 875.0
746.0 864.0
748.0 857.0
749.0 853.0
750.0 850.0
751.0 846.0
752.0 837.0
753.0 834.0
754.0 830.0
755.0 827.0
756.0 823.0
758.0 814.0
759.0 811.0
760.0 807.0
761.0 804.0
762.0 800.0
764.0 793.0
767.0 791.0
770.0 785.0
773.0 782.0
776.0 780.0
780.0 776.0
