16474.0 1363.0
16475.0 1360.0
16477.0 1355.0
16478.0 1352.0
16485.0 1348.0
16486.0 1345.0
16487.0 1344.0
16488.0 1340.0
16489.0 1337.0
16490.0 1336.0
16492.0 1330.0
16493.0 1328.0
16495.0 1324.0
16498.0 1316.0
16503.0 1315.0
16504.0 1314.0
16506.0 1309.0
16507.0 1306.0
16509.0 1301.0
16522.0 1297.0
16523.0 1295.0
16525.0 1291.0
16528.0 1283.0
16533.0 1282.0
16534.0 1281.0
16536.0 1276.0
16537.0 1273.0
16539.0 1268.0
16550.0 1266.0
16553.0 1258.0
16559.0 1255.0
16560.0 1252.0
16562.0 1245.0
16563.0 1239.0
16571.0 1234.0
16574.0 1232.0
16575.0 1230.0
16577.0 1218.0
16578.0 1210.0
16580.0 1208.0
16581.0 1200.0
16582.0 1193.0
16596.0 1191.0
16597.0 1184.0
16606.0 1181.0
16609.0 1179.0
16618.0 1178.0
16619.0 1174.0
16620.0 1167.0
16629.0 1166.0
16635.0 1164.0
16646.0 1163.0
16652.0 1161.0
16661.0 1160.0
16677.0 1150.0
16686.0 1149.0
16692.0 1147.0
16701.0 1145.0
16709.0 1143.0
16710.0 1137.0
16712.0 1131.0
16724.0 1127.0
16736.0 1125.0
16739.0 1122.0
16740.0 1115.0
16752.0 1111.0
16764.0 1109.0
16768.0 1107.0
16770.0 1103.0
16783.0 1100.0
16792.0 1095.0
16801.0 1091.0
16813.0 1089.0
16824.0 1087.0
16826.0 1085.0
16837.0 1081.0
16845.0 1079.0
16852.0 1078.0
16857.0 1075.0
16864.0 1072.0
16871.0 1071.0
16877.0 1068.0
16880.0 1065.0
16887.0 1064.0
16901.0 1062.0
16904.0 1059.0
16911.0 1058.0
16927.0 1057.0
16940.0 1052.0
16958.0 1051.0
16969.0 1050.0
16982.0 1045.0
16993.0 1044.0
17009.0 1043.0
17011.0 1042.0
17014.0 1040.0
17015.0 1038.0
17039.0 1032.0
17065.0 1031.0
17071.0 1027.0
17109.0 1026.0
17111.0 1025.0
17127.0 1022.0
