24760.0 7836.0
24764.0 7798.0
24768.0 7762.0
24773.0 7739.0
24774.0 7717.0
24775.0 7706.0
24776.0 7699.0
24778.0 7696.0
24779.0 7685.0
24780.0 7682.0
24781.0 7678.0
24782.0 7671.0
24783.0 7668.0
24785.0 7657.0
24787.0 7533.0
24789.0 7524.0
24790.0 7519.0
24792.0 7510.0
24794.0 7506.0
24797.0 7500.0
24798.0 7479.0
24800.0 7463.0
24801.0 7450.0
24802.0 7448.0
24803.0 7434.0
24805.0 7419.0
24807.0 7413.0
24811.0 7404.0
24813.0 7389.0
24815.0 7381.0
24817.0 7375.0
24821.0 7365.0
24822.0 7363.0
24823.0 7349.0
24825.0 7334.0
24827.0 7328.0
24832.0 7320.0
24834.0 7314.0
24836.0 7313.0
24841.0 7305.0
24843.0 7299.0
24850.0 7293.0
24852.0 7292.0
24853.0 7290.0
24854.0 7288.0
24857.0 7284.0
24859.0 7278.0
24862.0 7275.0
24866.0 7272.0
24869.0 7269.0
24870.0 7267.0
24873.0 7264.0
24875.0 7259.0
24878.0 7256.0
24882.0 7254.0
24884.0 7253.0
24885.0 7245.0
24889.0 7243.0
24890.0 7242.0
24891.0 7238.0
24892.0 7234.0
24894.0 7229.0
24898.0 7224.0
24900.0 7223.0
24901.0 7218.0
24904.0 7209.0
24908.0 7204.0
24909.0 7194.0
24913.0 7180.0
24917.0 7166.0
24921.0 7162.0
24922.0 7150.0
24926.0 7146.0
24929.0 7141.0
24933.0 7137.0
24936.0 7135.0
24939.0 7133.0
24940.0 7131.0
24942.0 7128.0
24943.0 7126.0
24944.0 7124.0
24945.0 7122.0
24947.0 7121.0
24948.0 7120.0
24949.0 7108.0
24953.0 7104.0
24956.0 7099.0
24960.0 7095.0
24962.0 7093.0
24965.0 7085.0
24967.0 7082.0
24969.0 7081.0
24972.0 7071.0
24976.0 7067.0
24977.0 7064.0
24980.0 7063.0
24982.0 7053.0
24986.0 7049.0
24988.0 7047.0
24991.0 7038.0
24997.0 7032.0
24999.0 7029.0
25003.0 7025.0
25006.0 7024.0
25007.0 7021.0
25010.0 7018.0
25011.0 7013.0
25015.0 7009.0
25017.0 7007.0
25019.0 7005.0
25021.0 7003.0
25024.0 7002.0
25025.0 6999.0
25027.0 6997.0
25030.0 6988.0
25033.0 6986.0
25036.0 6982.0
25039.0 6980.0
25042.0 6977.0
25043.0 6976.0
25044.0 6969.0
25049.0 6968.0
25050.0 6963.0
25055.0 6962.0
25056.0 6959.0
25057.0 6957.0
25059.0 6953.0
25063.0 6950.0
25065.0 6947.0
25069.0 6944.0
25071.0 6942.0
25073.0 6934.0
25077.0 6931.0
25079.0 6928.0
25083.0 6925.0
25085.0 6924.0
25089.0 6921.0
25091.0 6918.0
25095.0 6915.0
25100.0 6914.0
25104.0 6911.0
25106.0 6909.0
25109.0 6908.0
25112.0 6906.0
25113.0 6902.0
25115.0 6900.0
25117.0 6899.0
25119.0 6896.0
25123.0 6893.0
25125.0 6886.0
25129.0 6883.0
25134.0 6882.0
25135.0 6880.0
25137.0 6873.0
25141.0 6870.0
25146.0 6869.0
25150.0 6862.0
25154.0 6859.0
25159.0 6858.0
25160.0 6856.0
25163.0 6855.0
25165.0 6853.0
25169.0 6848.0
25173.0 6845.0
25177.0 6844.0
25182.0 6841.0
25184.0 6839.0
25185.0 6834.0
25189.0 6831.0
25194.0 6830.0
25198.0 6823.0
25202.0 6820.0
25207.0 6819.0
25208.0 6817.0
25211.0 6816.0
25213.0 6814.0
25217.0 6809.0
25221.0 6806.0
25225.0 6803.0
25230.0 6802.0
25232.0 6800.0
25234.0 6795.0
25238.0 6792.0
25243.0 6791.0
25244.0 6789.0
25247.0 6788.0
25249.0 6786.0
25250.0 6785.0
25253.0 6781.0
25257.0 6778.0
25262.0 6777.0
25264.0 6775.0
25266.0 6774.0
25268.0 6772.0
25269.0 6771.0
25273.0 6767.0
25277.0 6764.0
25282.0 6763.0
25283.0 6761.0
25286.0 6760.0
25288.0 6758.0
25292.0 6753.0
25296.0 6750.0
25301.0 6749.0
25305.0 6746.0
25307.0 6744.0
25312.0 6743.0
25314.0 6742.0
25316.0 6740.0
25321.0 6737.0
25325.0 6736.0
25327.0 6734.0
25328.0 6733.0
25330.0 6730.0
25337.0 6729.0
25339.0 6726.0
25343.0 6724.0
25346.0 6720.0
25355.0 6716.0
25363.0 6714.0
25368.0 6710.0
25375.0 6707.0
25377.0 6706.0
25384.0 6703.0
25392.0 6701.0
25394.0 6700.0
25400.0 6697.0
25403.0 6694.0
25408.0 6692.0
25412.0 6690.0
25417.0 6688.0
25425.0 6686.0
25429.0 6684.0
25434.0 6682.0
25443.0 6681.0
25444.0 6679.0
25445.0 6677.0
25446.0 6675.0
25450.0 6672.0
25453.0 6671.0
25455.0 6668.0
25456.0 6666.0
25459.0 6664.0
25460.0 6662.0
25465.0 6657.0
25466.0 6655.0
25470.0 6650.0
25471.0 6648.0
25473.0 6646.0
25477.0 6641.0
25478.0 6639.0
25483.0 6638.0
25484.0 6636.0
25486.0 6635.0
25488.0 6631.0
25489.0 6629.0
25496.0 6628.0
25500.0 6623.0
25501.0 6621.0
25506.0 6620.0
25507.0 6618.0
25511.0 6613.0
25512.0 6611.0
25526.0 6608.0
25527.0 6606.0
25531.0 6605.0
25536.0 6604.0
25546.0 6600.0
25547.0 6597.0
25548.0 6595.0
25551.0 6594.0
25552.0 6592.0
25560.0 6591.0
25561.0 6590.0
25562.0 6589.0
25563.0 6588.0
25567.0 6587.0
25568.0 6586.0
25570.0 6579.0
25571.0 6577.0
25584.0 6573.0
25585.0 6571.0
25595.0 6570.0
25597.0 6567.0
25600.0 6566.0
25604.0 6565.0
25608.0 6560.0
25618.0 6559.0
25620.0 6554.0
25621.0 6552.0
25625.0 6550.0
25626.0 6548.0
25634.0 6547.0
25635.0 6545.0
25638.0 6544.0
25641.0 6543.0
25643.0 6542.0
25644.0 6540.0
25649.0 6538.0
25650.0 6537.0
25653.0 6536.0
25654.0 6534.0
25659.0 6533.0
25662.0 6531.0
25666.0 6525.0
25667.0 6523.0
25672.0 6521.0
25673.0 6519.0
25678.0 6517.0
25690.0 6516.0
25692.0 6513.0
25695.0 6512.0
25697.0 6511.0
25699.0 6509.0
25701.0 6508.0
25704.0 6507.0
25706.0 6506.0
25710.0 6504.0
25711.0 6502.0
25716.0 6500.0
25717.0 6496.0
25718.0 6494.0
25723.0 6492.0
25724.0 6490.0
25729.0 6488.0
25742.0 6487.0
25743.0 6484.0
25748.0 6482.0
25750.0 6480.0
25755.0 6478.0
25764.0 6477.0
25772.0 6475.0
25774.0 6473.0
25775.0 6472.0
25777.0 6470.0
25784.0 6468.0
25785.0 6467.0
25788.0 6465.0
25795.0 6464.0
25796.0 6463.0
25799.0 6462.0
25800.0 6461.0
25802.0 6459.0
25803.0 6458.0
25806.0 6457.0
25809.0 6455.0
25810.0 6454.0
25814.0 6453.0
25817.0 6452.0
25819.0 6451.0
25821.0 6449.0
25824.0 6448.0
25825.0 6447.0
25831.0 6446.0
25832.0 6443.0
25833.0 6442.0
25839.0 6441.0
25840.0 6440.0
25843.0 6439.0
25844.0 6437.0
25847.0 6436.0
25853.0 6432.0
25854.0 6431.0
25857.0 6430.0
25860.0 6428.0
25861.0 6427.0
25865.0 6426.0
25868.0 6425.0
25870.0 6424.0
25872.0 6422.0
25875.0 6421.0
25876.0 6420.0
25883.0 6416.0
25884.0 6415.0
25894.0 6412.0
25895.0 6410.0
25905.0 6409.0
25906.0 6408.0
25908.0 6407.0
25912.0 6405.0
25917.0 6403.0
25919.0 6402.0
25921.0 6401.0
25922.0 6400.0
25923.0 6399.0
25924.0 6398.0
25930.0 6396.0
25931.0 6395.0
25937.0 6390.0
25938.0 6389.0
25949.0 6384.0
25963.0 6382.0
25966.0 6380.0
25967.0 6379.0
25976.0 6378.0
25978.0 6374.0
25985.0 6373.0
25988.0 6372.0
25989.0 6371.0
25990.0 6370.0
25992.0 6369.0
25995.0 6368.0
25998.0 6366.0
25999.0 6365.0
26002.0 6364.0
26005.0 6362.0
26006.0 6361.0
26010.0 6360.0
26011.0 6358.0
26015.0 6357.0
26016.0 6356.0
26019.0 6354.0
26020.0 6353.0
26024.0 6352.0
26028.0 6349.0
26037.0 6348.0
26038.0 6347.0
26041.0 6346.0
26045.0 6345.0
26046.0 6343.0
26049.0 6342.0
26050.0 6340.0
26054.0 6339.0
26055.0 6338.0
26058.0 6336.0
26059.0 6335.0
26063.0 6334.0
26067.0 6331.0
26084.0 6330.0
26087.0 6328.0
26088.0 6327.0
26092.0 6326.0
26096.0 6323.0
26105.0 6322.0
26109.0 6321.0
26111.0 6319.0
26113.0 6318.0
26122.0 6313.0
26124.0 6312.0
26130.0 6309.0
26132.0 6308.0
26150.0 6305.0
26152.0 6304.0
26158.0 6301.0
26160.0 6300.0
26189.0 6299.0
26191.0 6298.0
26228.0 6297.0
26230.0 6296.0
26243.0 6295.0
26245.0 6294.0
26274.0 6293.0
26276.0 6292.0
26317.0 6291.0
26319.0 6290.0
26337.0 6289.0
26339.0 6288.0
26368.0 6287.0
26370.0 6286.0
26404.0 6284.0
26406.0 6283.0
26416.0 6281.0
26418.0 6280.0
26455.0 6279.0
26457.0 6278.0
