29771.0 11730.0
29772.0 11717.0
29774.0 11709.0
29776.0 11705.0
29778.0 11697.0
29781.0 11684.0
29785.0 11672.0
29789.0 11664.0
29790.0 11661.0
29793.0 11652.0
29794.0 11649.0
29798.0 11640.0
29801.0 11638.0
29802.0 11628.0
29804.0 11623.0
29806.0 11615.0
29808.0 11611.0
29810.0 11603.0
29812.0 11601.0
29813.0 11590.0
29814.0 11551.0
29816.0 11528.0
29818.0 11525.0
29819.0 11506.0
29821.0 11502.0
29822.0 11498.0
29823.0 11495.0
29825.0 11476.0
29827.0 11473.0
29829.0 11465.0
29831.0 11462.0
29833.0 11457.0
29834.0 11456.0
29835.0 11443.0
29837.0 11440.0
29838.0 11439.0
29839.0 11432.0
29841.0 11421.0
29843.0 11418.0
29845.0 11410.0
29847.0 11407.0
29848.0 11403.0
29849.0 11400.0
29850.0 11395.0
29852.0 11375.0
29855.0 11368.0
29856.0 11357.0
29857.0 11354.0
29858.0 11349.0
29861.0 11342.0
29862.0 11331.0
29863.0 11328.0
29866.0 11323.0
29867.0 11320.0
29870.0 11312.0
29871.0 11298.0
29872.0 11289.0
29873.0 11269.0
29874.0 11260.0
29876.0 11252.0
29877.0 11243.0
29880.0 11238.0
29881.0 11230.0
29883.0 11225.0
29886.0 11220.0
29887.0 11212.0
29890.0 11207.0
29893.0 11203.0
29896.0 11198.0
29899.0 11193.0
29900.0 11186.0
29903.0 11181.0
29905.0 11175.0
29908.0 11170.0
29911.0 11166.0
29913.0 11162.0
29914.0 11161.0
29916.0 11157.0
29917.0 11156.0
29918.0 11149.0
29921.0 11144.0
29925.0 11142.0
29927.0 11139.0
29928.0 11137.0
29931.0 11132.0
29932.0 11125.0
29935.0 11120.0
29938.0 11119.0
29939.0 11117.0
29941.0 11114.0
29942.0 11112.0
29945.0 11107.0
29946.0 11100.0
29949.0 11095.0
29954.0 11090.0
29957.0 11085.0
29961.0 11079.0
29967.0 11074.0
29970.0 11069.0
29972.0 11066.0
29973.0 11064.0
29975.0 11061.0
29977.0 11059.0
29978.0 11058.0
29979.0 11054.0
29981.0 11052.0
29982.0 11049.0
29984.0 11045.0
29985.0 11040.0
29987.0 11037.0
29988.0 11033.0
29990.0 11013.0
29996.0 11012.0
29999.0 10995.0
30001.0 10990.0
30004.0 10965.0
30005.0 10950.0
30013.0 10941.0
30014.0 10935.0
30018.0 10924.0
30024.0 10920.0
30027.0 10909.0
30035.0 10906.0
30036.0 10899.0
30038.0 10898.0
30040.0 10892.0
30041.0 10887.0
30042.0 10886.0
30044.0 10881.0
30045.0 10875.0
30047.0 10869.0
30052.0 10866.0
30054.0 10860.0
30056.0 10854.0
30058.0 10849.0
30064.0 10845.0
30066.0 10840.0
30074.0 10837.0
30075.0 10836.0
30076.0 10832.0
30082.0 10827.0
30085.0 10822.0
30087.0 10818.0
30089.0 10813.0
30097.0 10810.0
30098.0 10805.0
30106.0 10796.0
30111.0 10791.0
30115.0 10770.0
30128.0 10768.0
30138.0 10763.0
30139.0 10756.0
30147.0 10747.0
30153.0 10744.0
30159.0 10741.0
30164.0 10736.0
30170.0 10720.0
30182.0 10719.0
30183.0 10718.0
30184.0 10715.0
30185.0 10713.0
30186.0 10712.0
30187.0 10710.0
30189.0 10706.0
30191.0 10704.0
30193.0 10700.0
30195.0 10697.0
30197.0 10696.0
30199.0 10691.0
30201.0 10689.0
30203.0 10685.0
30205.0 10682.0
30207.0 10681.0
30209.0 10676.0
30213.0 10672.0
30215.0 10670.0
30217.0 10669.0
30219.0 10664.0
30222.0 10663.0
30223.0 10658.0
30225.0 10655.0
30227.0 10654.0
30229.0 10649.0
30233.0 10645.0
30238.0 10643.0
30240.0 10640.0
30242.0 10639.0
30244.0 10634.0
30248.0 10630.0
30255.0 10627.0
30259.0 10623.0
30262.0 10620.0
30266.0 10613.0
30268.0 10610.0
30271.0 10608.0
30275.0 10605.0
30278.0 10598.0
30280.0 10595.0
30283.0 10593.0
30285.0 10590.0
30287.0 10589.0
30288.0 10587.0
30291.0 10585.0
30292.0 10583.0
30295.0 10578.0
30297.0 10575.0
30299.0 10574.0
30300.0 10572.0
30305.0 10567.0
30309.0 10563.0
30315.0 10559.0
30316.0 10558.0
30317.0 10552.0
30323.0 10548.0
30324.0 10546.0
30327.0 10544.0
30331.0 10543.0
30332.0 10541.0
30333.0 10538.0
30335.0 10533.0
30336.0 10531.0
30341.0 10526.0
30346.0 10525.0
30348.0 10518.0
30351.0 10515.0
30353.0 10511.0
30358.0 10510.0
30359.0 10505.0
30362.0 10503.0
30363.0 10500.0
30366.0 10498.0
30368.0 10496.0
30370.0 10495.0
30371.0 10488.0
30377.0 10487.0
30378.0 10483.0
30383.0 10473.0
30389.0 10472.0
30390.0 10468.0
30396.0 10467.0
30397.0 10465.0
30398.0 10458.0
30404.0 10457.0
30405.0 10453.0
30409.0 10450.0
30414.0 10446.0
30416.0 10445.0
30418.0 10444.0
30421.0 10441.0
30424.0 10435.0
30430.0 10430.0
30435.0 10428.0
30437.0 10427.0
30438.0 10423.0
30442.0 10415.0
30448.0 10414.0
30450.0 10408.0
30456.0 10407.0
30457.0 10400.0
30463.0 10399.0
30465.0 10393.0
30470.0 10392.0
30473.0 10388.0
30478.0 10385.0
30481.0 10380.0
30487.0 10379.0
30489.0 10375.0
30494.0 10372.0
30496.0 10365.0
30502.0 10364.0
30505.0 10363.0
30509.0 10357.0
30512.0 10353.0
30518.0 10352.0
30525.0 10345.0
30529.0 10344.0
30535.0 10342.0
30540.0 10337.0
30543.0 10333.0
30549.0 10332.0
30557.0 10330.0
30560.0 10324.0
30566.0 10322.0
30573.0 10318.0
30581.0 10317.0
30585.0 10315.0
30586.0 10314.0
30588.0 10313.0
30589.0 10311.0
30591.0 10309.0
30593.0 10308.0
30596.0 10305.0
30598.0 10304.0
30600.0 10301.0
30604.0 10298.0
30608.0 10294.0
30611.0 10291.0
30615.0 10287.0
30621.0 10285.0
30623.0 10281.0
30627.0 10277.0
30633.0 10276.0
30635.0 10274.0
30636.0 10271.0
30638.0 10270.0
30642.0 10266.0
30649.0 10265.0
30652.0 10263.0
30654.0 10258.0
30655.0 10257.0
30661.0 10255.0
30663.0 10254.0
30664.0 10251.0
30668.0 10248.0
30669.0 10244.0
30675.0 10243.0
30677.0 10241.0
30682.0 10239.0
30683.0 10234.0
30689.0 10233.0
30691.0 10231.0
30692.0 10230.0
30695.0 10221.0
30704.0 10220.0
30707.0 10216.0
30710.0 10207.0
30720.0 10206.0
30721.0 10204.0
30724.0 10202.0
30726.0 10198.0
30733.0 10197.0
30734.0 10194.0
30736.0 10190.0
30739.0 10188.0
30741.0 10184.0
30749.0 10180.0
30759.0 10179.0
30760.0 10177.0
30763.0 10176.0
30765.0 10171.0
30767.0 10167.0
30775.0 10163.0
30784.0 10162.0
30787.0 10153.0
30794.0 10152.0
30799.0 10150.0
30802.0 10148.0
30807.0 10145.0
30808.0 10143.0
30810.0 10142.0
30813.0 10136.0
30814.0 10133.0
30818.0 10130.0
30819.0 10128.0
30826.0 10126.0
30836.0 10121.0
30840.0 10116.0
30844.0 10113.0
30845.0 10111.0
30852.0 10109.0
30855.0 10105.0
30862.0 10104.0
30863.0 10101.0
30870.0 10100.0
30871.0 10098.0
30875.0 10096.0
30879.0 10094.0
30881.0 10088.0
30889.0 10084.0
30896.0 10083.0
30901.0 10082.0
30902.0 10081.0
30903.0 10080.0
30904.0 10076.0
30912.0 10072.0
30919.0 10069.0
30921.0 10066.0
30927.0 10065.0
30928.0 10064.0
30929.0 10062.0
30930.0 10059.0
30938.0 10055.0
30947.0 10049.0
30955.0 10045.0
30964.0 10044.0
30969.0 10041.0
30971.0 10039.0
30976.0 10036.0
30979.0 10035.0
30980.0 10034.0
30983.0 10033.0
30984.0 10032.0
30985.0 10030.0
30986.0 10027.0
30990.0 10024.0
30992.0 10021.0
30996.0 10017.0
31000.0 10015.0
31003.0 10014.0
31004.0 10013.0
31006.0 10008.0
31010.0 10006.0
31012.0 10002.0
31016.0 9999.0
31020.0 9997.0
31024.0 9995.0
31026.0 9990.0
31030.0 9989.0
31031.0 9987.0
31032.0 9984.0
31037.0 9982.0
31041.0 9978.0
31046.0 9976.0
31047.0 9973.0
31051.0 9969.0
31057.0 9964.0
31061.0 9960.0
31066.0 9958.0
31071.0 9954.0
31079.0 9953.0
31080.0 9951.0
31081.0 9945.0
31086.0 9943.0
31098.0 9936.0
31103.0 9934.0
31108.0 9932.0
31113.0 9930.0
31115.0 9929.0
31120.0 9927.0
31129.0 9926.0
31133.0 9925.0
31134.0 9924.0
31135.0 9920.0
31136.0 9919.0
31140.0 9918.0
31145.0 9916.0
31147.0 9915.0
31150.0 9912.0
31152.0 9908.0
31163.0 9906.0
31165.0 9901.0
31176.0 9899.0
31179.0 9894.0
31181.0 9890.0
31192.0 9888.0
31195.0 9883.0
31206.0 9881.0
31216.0 9877.0
31224.0 9875.0
31235.0 9873.0
31237.0 9871.0
31240.0 9869.0
31242.0 9868.0
31244.0 9864.0
31253.0 9861.0
31258.0 9857.0
31267.0 9854.0
31271.0 9853.0
31275.0 9851.0
31279.0 9849.0
31280.0 9848.0
31283.0 9845.0
31284.0 9844.0
31287.0 9841.0
31297.0 9839.0
31302.0 9836.0
31305.0 9833.0
31309.0 9831.0
31316.0 9829.0
31319.0 9826.0
31320.0 9825.0
31323.0 9822.0
31333.0 9820.0
31338.0 9817.0
31341.0 9814.0
31345.0 9812.0
31355.0 9811.0
31358.0 9808.0
31364.0 9806.0
31374.0 9804.0
31383.0 9802.0
31393.0 9800.0
31402.0 9798.0
31408.0 9796.0
31412.0 9795.0
31418.0 9793.0
31428.0 9791.0
31450.0 9790.0
31455.0 9789.0
31461.0 9787.0
31465.0 9786.0
31471.0 9784.0
31477.0 9782.0
31483.0 9780.0
31487.0 9779.0
31493.0 9777.0
31503.0 9775.0
31539.0 9772.0
31549.0 9769.0
31567.0 9767.0
31574.0 9766.0
31589.0 9764.0
31593.0 9763.0
31599.0 9761.0
31609.0 9759.0
31644.0 9757.0
31655.0 9755.0
31659.0 9754.0
31668.0 9753.0
31669.0 9751.0
31678.0 9750.0
31703.0 9749.0
31711.0 9748.0
31712.0 9743.0
31717.0 9742.0
31734.0 9741.0
31739.0 9738.0
31741.0 9735.0
31758.0 9734.0
31768.0 9730.0
31771.0 9729.0
31783.0 9727.0
31798.0 9724.0
31810.0 9722.0
31813.0 9721.0
31836.0 9720.0
31840.0 9716.0
31863.0 9715.0
31866.0 9714.0
31878.0 9713.0
31890.0 9712.0
31891.0 9711.0
31893.0 9709.0
31911.0 9708.0
31915.0 9707.0
31921.0 9705.0
31932.0 9704.0
31955.0 9701.0
31957.0 9699.0
31975.0 9698.0
31979.0 9697.0
31984.0 9696.0
31990.0 9695.0
31994.0 9694.0
31999.0 9693.0
32021.0 9692.0
32027.0 9691.0
32031.0 9690.0
32036.0 9689.0
32061.0 9688.0
32090.0 9687.0
32094.0 9686.0
32105.0 9684.0
32109.0 9683.0
32184.0 9682.0
32185.0 9681.0
32189.0 9680.0
32210.0 9679.0
32221.0 9677.0
32225.0 9676.0
32235.0 9675.0
32246.0 9673.0
32250.0 9672.0
32261.0 9671.0
32262.0 9670.0
32266.0 9669.0
32276.0 9668.0
32287.0 9667.0
32303.0 9666.0
32313.0 9665.0
32324.0 9664.0
32349.0 9663.0
32356.0 9662.0
32360.0 9661.0
32364.0 9660.0
32600.0 9659.0
32604.0 9657.0
32607.0 9656.0
32610.0 9654.0
32619.0 9653.0
32622.0 9651.0
32626.0 9649.0
32647.0 9648.0
32676.0 9646.0
32700.0 9644.0
32704.0 9642.0
32737.0 9640.0
32750.0 9638.0
32754.0 9637.0
32758.0 9635.0
32780.0 9634.0
32801.0 9632.0
32818.0 9631.0
32840.0 9630.0
32861.0 9628.0
