714.0 1139.0
715.0 1130.0
716.0 1116.0
717.0 1107.0
718.0 1096.0
719.0 1091.0
720.0 1080.0
721.0 1076.0
722.0 1051.0
723.0 1032.0
724.0 1018.0
725.0 1011.0
726.0 999.0
727.0 992.0
728.0 987.0
729.0 982.0
730.0 977.0
731.0 972.0
732.0 967.0
733.0 964.0
734.0 952.0
735.0 935.0
736.0 922.0
738.0 915.0
739.0 911.0
741.0 904.0
742.0 899.0
744.0 889.0
745.0 888.0
746.0 885.0
747.0 880.0
748.0 876.0
749.0 872.0
750.0 866.0
751.0 863.0
752.0 858.0
753.0 852.0
755.0 845.0
756.0 843.0
757.0 837.0
758.0 835.0
759.0 829.0
761.0 822.0
762.0 820.0
763.0 814.0
764.0 813.0
765.0 807.0
768.0 803.0
771.0 801.0
791.0 799.0
792.0 796.0
794.0 795.0
796.0 793.0
798.0 792.0
