325.0 1170.0
326.0 1159.0
327.0 1156.0
328.0 1145.0
329.0 1117.0
330.0 1102.0
331.0 1093.0
332.0 1072.0
334.0 1062.0
335.0 1049.0
337.0 1043.0
338.0 1028.0
340.0 1011.0
341.0 1003.0
343.0 998.0
344.0 988.0
347.0 986.0
348.0 974.0
350.0 969.0
353.0 966.0
355.0 961.0
356.0 956.0
358.0 951.0
360.0 948.0
361.0 943.0
363.0 938.0
365.0 937.0
366.0 935.0
367.0 932.0
368.0 929.0
370.0 920.0
371.0 909.0
373.0 908.0
374.0 904.0
375.0 893.0
376.0 891.0
378.0 888.0
379.0 887.0
381.0 884.0
383.0 881.0
384.0 880.0
385.0 877.0
386.0 875.0
387.0 871.0
388.0 867.0
390.0 862.0
392.0 861.0
394.0 856.0
396.0 854.0
397.0 851.0
398.0 848.0
409.0 847.0
410.0 843.0
412.0 842.0
413.0 841.0
415.0 840.0
420.0 837.0
422.0 834.0
425.0 829.0
426.0 827.0
427.0 826.0
428.0 824.0
434.0 823.0
436.0 820.0
