5354.0 717.0
5361.0 715.0
5365.0 684.0
5368.0 683.0
5369.0 664.0
5382.0 658.0
5387.0 640.0
5400.0 634.0
5401.0 632.0
5411.0 630.0
5418.0 629.0
5421.0 626.0
5422.0 624.0
5425.0 622.0
5432.0 621.0
5442.0 619.0
5443.0 618.0
5445.0 617.0
5446.0 613.0
5456.0 611.0
5464.0 610.0
5466.0 608.0
5476.0 605.0
5485.0 604.0
5486.0 600.0
5490.0 598.0
5495.0 596.0
5500.0 592.0
5509.0 584.0
5513.0 583.0
5519.0 576.0
5527.0 575.0
5533.0 568.0
5546.0 567.0
5550.0 565.0
5559.0 564.0
5565.0 560.0
5575.0 558.0
5580.0 557.0
5587.0 556.0
5591.0 553.0
5607.0 550.0
5609.0 549.0
5616.0 546.0
5632.0 544.0
5643.0 543.0
5649.0 541.0
5664.0 536.0
5691.0 533.0
5701.0 531.0
5728.0 528.0
5759.0 524.0
5783.0 523.0
5790.0 521.0
5796.0 520.0
5803.0 517.0
5835.0 514.0
5859.0 513.0
5879.0 511.0
5912.0 509.0
5929.0 507.0
