12943.0 3452.0
12944.0 3434.0
12949.0 3379.0
12951.0 3318.0
12956.0 3304.0
12962.0 3303.0
12963.0 3302.0
12964.0 3298.0
12965.0 3292.0
12966.0 3290.0
12968.0 3285.0
12970.0 3281.0
12972.0 3275.0
12973.0 3271.0
12975.0 3267.0
12979.0 3264.0
12981.0 3260.0
12983.0 3253.0
12989.0 3246.0
12991.0 3245.0
12993.0 3242.0
12995.0 3234.0
12997.0 3230.0
13002.0 3228.0
13003.0 3225.0
13005.0 3216.0
13011.0 3212.0
13013.0 3211.0
13015.0 3207.0
13017.0 3200.0
13019.0 3196.0
13021.0 3195.0
13024.0 3194.0
13025.0 3190.0
13027.0 3182.0
13031.0 3177.0
13037.0 3173.0
13039.0 3172.0
13040.0 3168.0
13045.0 3162.0
13053.0 3161.0
13054.0 3160.0
13055.0 3159.0
13057.0 3154.0
13061.0 3151.0
13063.0 3149.0
13066.0 3147.0
13067.0 3145.0
13072.0 3142.0
13074.0 3140.0
13076.0 3138.0
13079.0 3136.0
13082.0 3128.0
13083.0 3123.0
13091.0 3113.0
13098.0 3107.0
13102.0 3099.0
13110.0 3098.0
13113.0 3094.0
13116.0 3091.0
13117.0 3086.0
13121.0 3084.0
13122.0 3082.0
13130.0 3072.0
13136.0 3071.0
13137.0 3066.0
13141.0 3058.0
13151.0 3052.0
13155.0 3046.0
13156.0 3045.0
13165.0 3044.0
13166.0 3039.0
13169.0 3032.0
13173.0 3026.0
13182.0 3025.0
13184.0 3019.0
13190.0 3017.0
13192.0 3013.0
13193.0 3006.0
13204.0 3003.0
13206.0 3002.0
13207.0 2997.0
13214.0 2995.0
13216.0 2994.0
13217.0 2989.0
13220.0 2988.0
13222.0 2985.0
13224.0 2982.0
13225.0 2975.0
13227.0 2974.0
13229.0 2969.0
13231.0 2968.0
13240.0 2957.0
13250.0 2956.0
13252.0 2947.0
13253.0 2944.0
13258.0 2941.0
13260.0 2932.0
13267.0 2929.0
13272.0 2920.0
13278.0 2916.0
13284.0 2910.0
13288.0 2901.0
13297.0 2897.0
13301.0 2896.0
13304.0 2893.0
13305.0 2889.0
13306.0 2878.0
13317.0 2874.0
13322.0 2871.0
13325.0 2867.0
13326.0 2865.0
13329.0 2859.0
13333.0 2856.0
13338.0 2843.0
13347.0 2836.0
13354.0 2835.0
13357.0 2834.0
13358.0 2832.0
13361.0 2828.0
13365.0 2823.0
13366.0 2822.0
13370.0 2820.0
13372.0 2817.0
13374.0 2814.0
13375.0 2807.0
13379.0 2801.0
13390.0 2800.0
13398.0 2796.0
13399.0 2792.0
13402.0 2789.0
13403.0 2786.0
13411.0 2784.0
13417.0 2783.0
13421.0 2779.0
13430.0 2777.0
13434.0 2771.0
13435.0 2769.0
13439.0 2768.0
13441.0 2763.0
13447.0 2762.0
13455.0 2761.0
13456.0 2759.0
13459.0 2756.0
13463.0 2752.0
13464.0 2751.0
13466.0 2746.0
13469.0 2745.0
13476.0 2734.0
13498.0 2729.0
13509.0 2728.0
13538.0 2724.0
13566.0 2722.0
13575.0 2720.0
13587.0 2716.0
13597.0 2715.0
13609.0 2711.0
13636.0 2708.0
13637.0 2702.0
13651.0 2701.0
13659.0 2697.0
13663.0 2695.0
13672.0 2690.0
13693.0 2684.0
13699.0 2678.0
13705.0 2676.0
13711.0 2674.0
13714.0 2671.0
13733.0 2669.0
13735.0 2668.0
13736.0 2666.0
13744.0 2665.0
13746.0 2664.0
13747.0 2660.0
13752.0 2655.0
13767.0 2653.0
13776.0 2651.0
13777.0 2649.0
13781.0 2644.0
13796.0 2642.0
13805.0 2640.0
13810.0 2635.0
13811.0 2633.0
13834.0 2630.0
13839.0 2624.0
13857.0 2623.0
13866.0 2621.0
13871.0 2615.0
13898.0 2613.0
13903.0 2607.0
13961.0 2605.0
13971.0 2603.0
