24679.0 7633.0
24681.0 7586.0
24683.0 7585.0
24684.0 7582.0
24686.0 7558.0
24688.0 7557.0
24692.0 7550.0
24693.0 7537.0
24699.0 7534.0
24702.0 7532.0
24703.0 7522.0
24704.0 7513.0
24706.0 7512.0
24710.0 7505.0
24711.0 7492.0
24713.0 7455.0
24714.0 7446.0
24717.0 7417.0
24718.0 7408.0
24721.0 7405.0
24727.0 7402.0
24732.0 7386.0
24733.0 7377.0
24736.0 7374.0
24742.0 7371.0
24747.0 7365.0
24750.0 7359.0
24752.0 7352.0
24755.0 7349.0
24761.0 7346.0
24762.0 7334.0
24765.0 7331.0
24771.0 7328.0
24777.0 7326.0
24779.0 7316.0
24782.0 7315.0
24785.0 7313.0
24788.0 7307.0
24791.0 7304.0
24796.0 7300.0
24802.0 7297.0
24805.0 7289.0
24808.0 7288.0
24810.0 7284.0
24813.0 7281.0
24818.0 7278.0
24822.0 7273.0
24827.0 7266.0
24830.0 7265.0
24832.0 7263.0
24836.0 7257.0
24839.0 7254.0
24844.0 7250.0
24850.0 7247.0
24853.0 7239.0
24856.0 7238.0
24859.0 7236.0
24862.0 7234.0
24863.0 7231.0
24866.0 7228.0
24870.0 7223.0
24876.0 7220.0
24879.0 7218.0
24880.0 7213.0
24884.0 7212.0
24888.0 7211.0
24889.0 7208.0
24894.0 7202.0
24898.0 7201.0
24902.0 7196.0
24908.0 7193.0
24912.0 7186.0
24917.0 7184.0
24922.0 7182.0
24926.0 7178.0
24928.0 7177.0
24931.0 7175.0
24935.0 7173.0
24937.0 7171.0
24938.0 7167.0
24940.0 7166.0
24946.0 7161.0
24947.0 7160.0
24949.0 7158.0
24950.0 7153.0
24951.0 7150.0
24953.0 7149.0
24954.0 7143.0
24955.0 7142.0
24957.0 7133.0
24960.0 7126.0
24961.0 7125.0
24963.0 7123.0
24964.0 7118.0
24967.0 7115.0
24971.0 7110.0
24973.0 7107.0
24974.0 7104.0
24975.0 7103.0
24976.0 7100.0
24977.0 7099.0
24978.0 7096.0
24979.0 7095.0
24980.0 7092.0
24983.0 7089.0
24984.0 7085.0
24986.0 7081.0
24988.0 7077.0
24989.0 7074.0
24991.0 7068.0
24994.0 7061.0
24995.0 7060.0
24998.0 7053.0
25002.0 7052.0
25004.0 7047.0
25005.0 7045.0
25007.0 7042.0
25008.0 7039.0
25009.0 7038.0
25010.0 7035.0
25011.0 7034.0
25012.0 7031.0
25013.0 7030.0
25014.0 7027.0
25016.0 7023.0
25019.0 7020.0
25020.0 7015.0
25021.0 7014.0
25023.0 7012.0
25024.0 7007.0
25025.0 7006.0
25027.0 7004.0
25028.0 6999.0
25031.0 6996.0
25033.0 6994.0
25034.0 6993.0
25035.0 6988.0
25037.0 6984.0
25038.0 6981.0
25040.0 6977.0
25041.0 6976.0
25042.0 6973.0
25044.0 6969.0
25046.0 6965.0
25050.0 6957.0
25053.0 6955.0
25056.0 6951.0
25057.0 6949.0
25060.0 6947.0
25062.0 6943.0
25063.0 6941.0
25064.0 6938.0
25066.0 6932.0
25067.0 6929.0
25069.0 6925.0
25072.0 6922.0
25074.0 6921.0
25075.0 6913.0
25081.0 6908.0
25082.0 6905.0
25085.0 6899.0
25091.0 6895.0
25092.0 6891.0
25094.0 6889.0
25098.0 6887.0
25099.0 6886.0
25101.0 6881.0
25108.0 6873.0
25110.0 6871.0
25113.0 6869.0
25115.0 6866.0
25119.0 6864.0
25120.0 6861.0
25123.0 6855.0
25129.0 6852.0
25130.0 6847.0
25132.0 6845.0
25136.0 6844.0
25137.0 6842.0
25139.0 6840.0
25141.0 6838.0
25145.0 6834.0
25146.0 6833.0
25148.0 6831.0
25151.0 6829.0
25152.0 6826.0
25153.0 6822.0
25158.0 6821.0
25159.0 6819.0
25160.0 6817.0
25161.0 6815.0
25166.0 6812.0
25167.0 6808.0
25168.0 6807.0
25170.0 6805.0
25173.0 6803.0
25174.0 6800.0
25178.0 6799.0
25179.0 6798.0
25181.0 6795.0
25183.0 6794.0
25184.0 6793.0
25185.0 6791.0
25187.0 6789.0
25189.0 6787.0
25191.0 6782.0
25196.0 6781.0
25197.0 6775.0
25204.0 6770.0
25212.0 6768.0
25213.0 6766.0
25217.0 6761.0
25219.0 6759.0
25223.0 6754.0
25226.0 6753.0
25230.0 6748.0
25231.0 6747.0
25238.0 6742.0
25242.0 6741.0
25246.0 6736.0
25247.0 6735.0
25254.0 6730.0
25265.0 6723.0
25281.0 6720.0
25284.0 6717.0
25288.0 6716.0
25292.0 6715.0
25296.0 6713.0
25299.0 6710.0
25303.0 6708.0
25304.0 6707.0
25307.0 6706.0
25311.0 6702.0
25317.0 6701.0
25318.0 6700.0
25320.0 6698.0
25322.0 6695.0
25329.0 6694.0
25330.0 6690.0
25331.0 6689.0
25335.0 6688.0
25336.0 6687.0
25338.0 6684.0
25342.0 6683.0
25343.0 6681.0
25344.0 6680.0
25349.0 6677.0
25351.0 6675.0
25362.0 6668.0
25377.0 6666.0
25381.0 6662.0
25387.0 6661.0
25396.0 6660.0
25397.0 6658.0
25406.0 6654.0
25416.0 6652.0
25425.0 6648.0
25431.0 6647.0
25440.0 6646.0
25441.0 6644.0
25451.0 6643.0
25452.0 6642.0
25458.0 6638.0
25463.0 6635.0
25470.0 6631.0
25476.0 6627.0
25481.0 6624.0
25487.0 6621.0
25491.0 6620.0
25492.0 6618.0
25494.0 6617.0
25499.0 6615.0
25500.0 6613.0
25502.0 6612.0
25505.0 6610.0
25510.0 6607.0
25515.0 6606.0
25516.0 6604.0
25520.0 6601.0
25526.0 6598.0
25533.0 6596.0
25534.0 6593.0
25538.0 6592.0
25541.0 6590.0
25544.0 6587.0
25550.0 6586.0
25551.0 6584.0
25558.0 6581.0
25562.0 6578.0
25568.0 6575.0
25572.0 6573.0
25575.0 6572.0
25577.0 6571.0
25579.0 6570.0
25584.0 6568.0
25586.0 6566.0
25590.0 6564.0
25595.0 6562.0
25596.0 6561.0
25600.0 6559.0
25603.0 6558.0
25607.0 6556.0
25612.0 6555.0
25614.0 6552.0
25618.0 6550.0
25620.0 6548.0
25624.0 6547.0
25627.0 6545.0
25631.0 6544.0
25637.0 6543.0
25638.0 6539.0
25642.0 6538.0
25644.0 6536.0
25651.0 6533.0
25654.0 6532.0
25658.0 6530.0
25662.0 6527.0
25664.0 6525.0
25666.0 6522.0
25674.0 6520.0
25675.0 6519.0
25677.0 6516.0
25682.0 6513.0
25686.0 6511.0
25690.0 6509.0
25693.0 6507.0
25694.0 6505.0
25695.0 6502.0
25697.0 6499.0
25708.0 6496.0
25710.0 6493.0
25713.0 6490.0
25722.0 6488.0
25724.0 6485.0
25726.0 6484.0
25736.0 6482.0
25738.0 6479.0
25740.0 6476.0
25748.0 6473.0
25754.0 6470.0
25764.0 6468.0
25767.0 6465.0
25772.0 6461.0
25777.0 6457.0
25787.0 6455.0
25791.0 6453.0
25797.0 6447.0
25801.0 6445.0
25808.0 6441.0
25812.0 6440.0
25815.0 6437.0
25821.0 6435.0
25824.0 6434.0
25832.0 6429.0
25835.0 6427.0
25839.0 6425.0
25843.0 6424.0
25846.0 6421.0
25853.0 6420.0
25856.0 6417.0
25859.0 6415.0
25862.0 6414.0
25867.0 6412.0
25870.0 6409.0
25877.0 6408.0
25880.0 6405.0
25886.0 6402.0
25893.0 6401.0
25896.0 6398.0
25913.0 6395.0
25927.0 6392.0
25933.0 6389.0
25937.0 6388.0
25943.0 6385.0
25971.0 6382.0
25984.0 6380.0
25994.0 6379.0
25996.0 6374.0
26011.0 6372.0
26020.0 6371.0
26026.0 6366.0
26032.0 6364.0
26050.0 6363.0
26051.0 6362.0
26057.0 6360.0
26058.0 6356.0
26076.0 6355.0
26083.0 6352.0
26098.0 6350.0
26105.0 6349.0
26111.0 6348.0
26115.0 6347.0
26136.0 6346.0
26137.0 6341.0
26160.0 6340.0
26162.0 6339.0
26185.0 6338.0
26190.0 6336.0
26203.0 6335.0
26215.0 6334.0
26216.0 6333.0
26230.0 6328.0
26237.0 6327.0
26246.0 6325.0
26256.0 6323.0
26263.0 6319.0
26284.0 6318.0
26288.0 6317.0
26289.0 6314.0
26314.0 6312.0
26342.0 6309.0
26367.0 6307.0
26381.0 6304.0
26400.0 6303.0
26405.0 6301.0
26412.0 6300.0
26415.0 6298.0
26419.0 6297.0
26423.0 6294.0
26430.0 6291.0
26440.0 6290.0
26444.0 6289.0
26448.0 6288.0
26449.0 6282.0
26455.0 6280.0
26473.0 6279.0
26474.0 6278.0
26479.0 6277.0
26480.0 6276.0
26487.0 6275.0
26493.0 6273.0
26511.0 6272.0
26512.0 6271.0
26517.0 6270.0
26518.0 6269.0
26527.0 6268.0
26542.0 6266.0
26551.0 6265.0
