29809.0 11576.0
29810.0 11563.0
29813.0 11558.0
29814.0 11545.0
29816.0 11535.0
29817.0 11404.0
29820.0 11387.0
29823.0 11378.0
29824.0 11375.0
29825.0 11360.0
29828.0 11343.0
29831.0 11340.0
29832.0 11338.0
29833.0 11337.0
29834.0 11323.0
29836.0 11320.0
29839.0 11319.0
29841.0 11309.0
29842.0 11307.0
29843.0 11306.0
29844.0 11297.0
29847.0 11289.0
29850.0 11277.0
29852.0 11274.0
29853.0 11269.0
29855.0 11266.0
29860.0 11257.0
29862.0 11254.0
29863.0 11249.0
29865.0 11246.0
29870.0 11245.0
29871.0 11244.0
29872.0 11241.0
29873.0 11238.0
29874.0 11233.0
29876.0 11226.0
29878.0 11223.0
29879.0 11218.0
29881.0 11215.0
29885.0 11204.0
29888.0 11193.0
29891.0 11188.0
29894.0 11183.0
29897.0 11178.0
29898.0 11175.0
29901.0 11170.0
29904.0 11165.0
29907.0 11160.0
29910.0 11159.0
29911.0 11155.0
29913.0 11154.0
29914.0 11144.0
29917.0 11139.0
29920.0 11134.0
29923.0 11129.0
29927.0 11126.0
29930.0 11121.0
29933.0 11119.0
29935.0 11115.0
29938.0 11114.0
29939.0 11100.0
29944.0 11096.0
29949.0 11088.0
29953.0 11084.0
29958.0 11080.0
29960.0 11076.0
29963.0 11070.0
29968.0 11066.0
29973.0 11058.0
29975.0 11054.0
29980.0 11050.0
29981.0 11045.0
29982.0 11040.0
29987.0 11038.0
29988.0 11031.0
29993.0 11029.0
29995.0 11023.0
30000.0 11021.0
30004.0 11016.0
30007.0 11013.0
30008.0 11009.0
30013.0 11007.0
30014.0 11000.0
30019.0 10998.0
30021.0 10992.0
30026.0 10990.0
30030.0 10985.0
30033.0 10982.0
30035.0 10980.0
30037.0 10978.0
30038.0 10973.0
30042.0 10968.0
30043.0 10963.0
30045.0 10961.0
30047.0 10960.0
30048.0 10955.0
30049.0 10953.0
30050.0 10951.0
30053.0 10945.0
30054.0 10943.0
30055.0 10942.0
30056.0 10938.0
30057.0 10936.0
30060.0 10932.0
30061.0 10928.0
30062.0 10926.0
30064.0 10924.0
30067.0 10920.0
30068.0 10916.0
30069.0 10914.0
30074.0 10910.0
30075.0 10908.0
30076.0 10906.0
30079.0 10902.0
30081.0 10900.0
30082.0 10896.0
30083.0 10894.0
30086.0 10890.0
30089.0 10884.0
30091.0 10880.0
30093.0 10878.0
30094.0 10874.0
30096.0 10872.0
30097.0 10867.0
30101.0 10862.0
30102.0 10857.0
30104.0 10855.0
30108.0 10850.0
30109.0 10845.0
30115.0 10838.0
30116.0 10837.0
30120.0 10835.0
30122.0 10830.0
30123.0 10825.0
30128.0 10821.0
30129.0 10818.0
30132.0 10816.0
30133.0 10811.0
30135.0 10809.0
30139.0 10804.0
30140.0 10799.0
30146.0 10792.0
30147.0 10791.0
30152.0 10789.0
30153.0 10784.0
30154.0 10779.0
30159.0 10777.0
30160.0 10772.0
30165.0 10770.0
30166.0 10765.0
30172.0 10758.0
30177.0 10757.0
30179.0 10754.0
30181.0 10752.0
30182.0 10751.0
30184.0 10746.0
30189.0 10744.0
30191.0 10739.0
30192.0 10738.0
30194.0 10737.0
30195.0 10736.0
30196.0 10731.0
30202.0 10729.0
30203.0 10725.0
30204.0 10723.0
30206.0 10721.0
30208.0 10717.0
30210.0 10715.0
30217.0 10709.0
30218.0 10706.0
30219.0 10705.0
30220.0 10702.0
30222.0 10700.0
30228.0 10693.0
30231.0 10690.0
30234.0 10688.0
30238.0 10684.0
30240.0 10678.0
30248.0 10672.0
30250.0 10668.0
30252.0 10666.0
30259.0 10660.0
30261.0 10656.0
30264.0 10654.0
30270.0 10644.0
30281.0 10637.0
30286.0 10634.0
30289.0 10632.0
30292.0 10631.0
30295.0 10629.0
30296.0 10626.0
30299.0 10621.0
30305.0 10617.0
30307.0 10615.0
30309.0 10612.0
30312.0 10607.0
30318.0 10603.0
30320.0 10601.0
30321.0 10598.0
30326.0 10590.0
30329.0 10585.0
30334.0 10584.0
30335.0 10581.0
30336.0 10578.0
30338.0 10576.0
30339.0 10573.0
30342.0 10571.0
30343.0 10568.0
30346.0 10563.0
30353.0 10562.0
30354.0 10557.0
30358.0 10553.0
30363.0 10550.0
30364.0 10549.0
30366.0 10545.0
30368.0 10544.0
30369.0 10543.0
30370.0 10540.0
30371.0 10539.0
30373.0 10535.0
30379.0 10531.0
30381.0 10529.0
30383.0 10526.0
30386.0 10521.0
30394.0 10515.0
30398.0 10513.0
30400.0 10512.0
30406.0 10507.0
30407.0 10502.0
30413.0 10499.0
30414.0 10498.0
30415.0 10489.0
30425.0 10486.0
30427.0 10484.0
30429.0 10480.0
30433.0 10473.0
30438.0 10469.0
30441.0 10463.0
30447.0 10460.0
30449.0 10450.0
30459.0 10447.0
30463.0 10441.0
30467.0 10434.0
30472.0 10430.0
30481.0 10425.0
30486.0 10421.0
30488.0 10420.0
30490.0 10414.0
30497.0 10408.0
30504.0 10405.0
30511.0 10399.0
30515.0 10392.0
30520.0 10388.0
30529.0 10381.0
30534.0 10379.0
30536.0 10378.0
30538.0 10372.0
30549.0 10368.0
30550.0 10367.0
30552.0 10361.0
30562.0 10360.0
30563.0 10359.0
30564.0 10354.0
30566.0 10352.0
30576.0 10350.0
30578.0 10345.0
30585.0 10341.0
30590.0 10339.0
30593.0 10334.0
30599.0 10330.0
30605.0 10327.0
30607.0 10325.0
30611.0 10323.0
30619.0 10318.0
30626.0 10314.0
30631.0 10312.0
30637.0 10310.0
30638.0 10307.0
30640.0 10303.0
30650.0 10302.0
30652.0 10296.0
30667.0 10292.0
30670.0 10289.0
30679.0 10285.0
30683.0 10283.0
30692.0 10282.0
30693.0 10278.0
30700.0 10275.0
30709.0 10274.0
30710.0 10272.0
30712.0 10268.0
30724.0 10265.0
30727.0 10264.0
30730.0 10261.0
30739.0 10257.0
30743.0 10255.0
30752.0 10254.0
30753.0 10250.0
30757.0 10249.0
30760.0 10248.0
30766.0 10247.0
30767.0 10246.0
30769.0 10242.0
30773.0 10241.0
30778.0 10240.0
30779.0 10239.0
30781.0 10235.0
30790.0 10233.0
30793.0 10228.0
30803.0 10226.0
30807.0 10223.0
30812.0 10221.0
30814.0 10220.0
30816.0 10216.0
30817.0 10215.0
30826.0 10208.0
30836.0 10206.0
30840.0 10205.0
30843.0 10202.0
30844.0 10201.0
30849.0 10198.0
30850.0 10197.0
30853.0 10194.0
30859.0 10190.0
30869.0 10188.0
30874.0 10187.0
30876.0 10184.0
30877.0 10183.0
30883.0 10180.0
30884.0 10179.0
30886.0 10176.0
30893.0 10172.0
30897.0 10171.0
30906.0 10164.0
30920.0 10161.0
30923.0 10158.0
30924.0 10157.0
30929.0 10154.0
30930.0 10153.0
30941.0 10152.0
30947.0 10147.0
30958.0 10143.0
30964.0 10141.0
30968.0 10138.0
30973.0 10137.0
30974.0 10136.0
30975.0 10134.0
30977.0 10131.0
30985.0 10129.0
30990.0 10127.0
30993.0 10124.0
30994.0 10122.0
31004.0 10117.0
31012.0 10115.0
31019.0 10113.0
31021.0 10108.0
31031.0 10106.0
31042.0 10104.0
31044.0 10103.0
31050.0 10102.0
31053.0 10101.0
31056.0 10100.0
31057.0 10099.0
31059.0 10098.0
31060.0 10097.0
31065.0 10095.0
31073.0 10092.0
31077.0 10089.0
31079.0 10085.0
31082.0 10084.0
31083.0 10081.0
31092.0 10079.0
31094.0 10075.0
31104.0 10071.0
31109.0 10069.0
31115.0 10067.0
31117.0 10063.0
31127.0 10062.0
31128.0 10061.0
31130.0 10059.0
31133.0 10057.0
31134.0 10053.0
31136.0 10049.0
31143.0 10047.0
31146.0 10045.0
31150.0 10041.0
31156.0 10039.0
31158.0 10035.0
31168.0 10031.0
31175.0 10029.0
31182.0 10027.0
31185.0 10025.0
31188.0 10024.0
31190.0 10019.0
31192.0 10015.0
31198.0 10013.0
31200.0 10009.0
31210.0 10005.0
31222.0 10001.0
31227.0 9999.0
31230.0 9998.0
31232.0 9997.0
31233.0 9996.0
31234.0 9995.0
31238.0 9994.0
31240.0 9992.0
31247.0 9991.0
31250.0 9986.0
31254.0 9984.0
31258.0 9981.0
31262.0 9979.0
31265.0 9978.0
31266.0 9975.0
31274.0 9973.0
31278.0 9967.0
31285.0 9966.0
31286.0 9961.0
31295.0 9960.0
31296.0 9957.0
31308.0 9956.0
31310.0 9953.0
31313.0 9951.0
31316.0 9950.0
31319.0 9948.0
31320.0 9947.0
31325.0 9946.0
31326.0 9944.0
31334.0 9943.0
31339.0 9942.0
31340.0 9937.0
31343.0 9936.0
31344.0 9933.0
31348.0 9931.0
31351.0 9930.0
31352.0 9927.0
31365.0 9926.0
31366.0 9923.0
31379.0 9921.0
31384.0 9920.0
31387.0 9919.0
31392.0 9913.0
31397.0 9911.0
31401.0 9908.0
31406.0 9907.0
31410.0 9905.0
31415.0 9902.0
31418.0 9901.0
31424.0 9899.0
31426.0 9894.0
31435.0 9889.0
31440.0 9888.0
31444.0 9886.0
31449.0 9883.0
31453.0 9882.0
31458.0 9880.0
31462.0 9877.0
31463.0 9876.0
31471.0 9874.0
31472.0 9871.0
31481.0 9868.0
31484.0 9867.0
31493.0 9864.0
31495.0 9863.0
31498.0 9861.0
31504.0 9860.0
31507.0 9858.0
31509.0 9857.0
31511.0 9855.0
31518.0 9854.0
31520.0 9852.0
31522.0 9851.0
31525.0 9849.0
31531.0 9848.0
31532.0 9845.0
31540.0 9842.0
31541.0 9841.0
31549.0 9837.0
31557.0 9836.0
31558.0 9834.0
31566.0 9833.0
31571.0 9831.0
31573.0 9828.0
31582.0 9825.0
31584.0 9824.0
31590.0 9822.0
31592.0 9820.0
31596.0 9817.0
31601.0 9815.0
31605.0 9814.0
31607.0 9813.0
31610.0 9812.0
31616.0 9810.0
31624.0 9809.0
31627.0 9808.0
31633.0 9806.0
31641.0 9805.0
31650.0 9802.0
31657.0 9801.0
31659.0 9799.0
31664.0 9798.0
31666.0 9795.0
31669.0 9793.0
31673.0 9790.0
31680.0 9788.0
31682.0 9785.0
31691.0 9782.0
31699.0 9781.0
31705.0 9779.0
31707.0 9778.0
31716.0 9775.0
31724.0 9774.0
31725.0 9772.0
31733.0 9771.0
31734.0 9769.0
31742.0 9768.0
31746.0 9764.0
31754.0 9763.0
31760.0 9761.0
31768.0 9760.0
31772.0 9755.0
31781.0 9754.0
31786.0 9752.0
31795.0 9751.0
31803.0 9750.0
31807.0 9745.0
31815.0 9744.0
31821.0 9742.0
31829.0 9741.0
31833.0 9736.0
31842.0 9735.0
31847.0 9733.0
31856.0 9732.0
31860.0 9730.0
31869.0 9729.0
31877.0 9728.0
31886.0 9727.0
31889.0 9726.0
31893.0 9723.0
31895.0 9720.0
31903.0 9719.0
31909.0 9718.0
31915.0 9717.0
31921.0 9711.0
31930.0 9710.0
31959.0 9709.0
32005.0 9707.0
32014.0 9706.0
32024.0 9705.0
32032.0 9700.0
32041.0 9699.0
32154.0 9698.0
32157.0 9697.0
32167.0 9694.0
32170.0 9693.0
32171.0 9692.0
32180.0 9690.0
32183.0 9689.0
32194.0 9686.0
32198.0 9685.0
32203.0 9683.0
32206.0 9682.0
32210.0 9681.0
32218.0 9679.0
32222.0 9678.0
32226.0 9675.0
32230.0 9674.0
32240.0 9673.0
32243.0 9672.0
32247.0 9671.0
32250.0 9668.0
32254.0 9667.0
32263.0 9665.0
32267.0 9664.0
32279.0 9663.0
32282.0 9662.0
32283.0 9661.0
32287.0 9658.0
32291.0 9657.0
32303.0 9656.0
32306.0 9655.0
32310.0 9654.0
32314.0 9651.0
32318.0 9650.0
32323.0 9648.0
32332.0 9647.0
32338.0 9644.0
32342.0 9643.0
32347.0 9641.0
32351.0 9640.0
32353.0 9636.0
32364.0 9635.0
32369.0 9634.0
32370.0 9630.0
32377.0 9629.0
32379.0 9625.0
32388.0 9624.0
32392.0 9623.0
32393.0 9620.0
32399.0 9615.0
32409.0 9613.0
32423.0 9608.0
32433.0 9606.0
32456.0 9605.0
32466.0 9603.0
32474.0 9601.0
32477.0 9599.0
32480.0 9596.0
32490.0 9594.0
32504.0 9589.0
32514.0 9587.0
32530.0 9586.0
32826.0 9585.0
32842.0 9584.0
32858.0 9583.0
32867.0 9582.0
32874.0 9580.0
32881.0 9578.0
32927.0 9577.0
32934.0 9575.0
32976.0 9574.0
