328.0 1212.0
330.0 1162.0
331.0 1159.0
332.0 1124.0
333.0 1121.0
334.0 1097.0
335.0 1078.0
336.0 1068.0
338.0 1058.0
340.0 1049.0
341.0 1044.0
342.0 1024.0
343.0 1021.0
344.0 1008.0
345.0 1000.0
346.0 987.0
347.0 982.0
348.0 974.0
349.0 961.0
350.0 960.0
352.0 947.0
353.0 946.0
355.0 944.0
356.0 943.0
357.0 933.0
358.0 927.0
359.0 921.0
360.0 914.0
364.0 910.0
366.0 900.0
369.0 899.0
370.0 894.0
373.0 893.0
374.0 889.0
375.0 887.0
376.0 880.0
379.0 875.0
380.0 873.0
383.0 868.0
384.0 866.0
385.0 864.0
387.0 855.0
391.0 849.0
396.0 848.0
397.0 847.0
399.0 841.0
400.0 840.0
401.0 839.0
402.0 834.0
403.0 833.0
404.0 832.0
405.0 831.0
417.0 829.0
420.0 826.0
421.0 825.0
422.0 822.0
423.0 821.0
425.0 819.0
430.0 814.0
431.0 813.0
433.0 811.0
