16467.0 1382.0
16470.0 1366.0
16475.0 1361.0
16478.0 1356.0
16479.0 1348.0
16481.0 1321.0
16483.0 1313.0
16485.0 1309.0
16487.0 1307.0
16488.0 1298.0
16489.0 1290.0
16491.0 1282.0
16496.0 1267.0
16502.0 1261.0
16503.0 1260.0
16513.0 1257.0
16519.0 1251.0
16520.0 1250.0
16526.0 1241.0
16535.0 1239.0
16543.0 1231.0
16552.0 1229.0
16560.0 1221.0
16569.0 1219.0
16575.0 1214.0
16577.0 1211.0
16578.0 1210.0
16580.0 1208.0
16581.0 1200.0
16582.0 1193.0
16596.0 1191.0
16597.0 1184.0
16606.0 1181.0
16609.0 1179.0
16618.0 1178.0
16619.0 1174.0
16620.0 1167.0
16629.0 1166.0
16635.0 1164.0
16646.0 1163.0
16652.0 1161.0
16661.0 1160.0
16662.0 1159.0
16663.0 1152.0
16675.0 1148.0
16682.0 1146.0
16684.0 1140.0
16690.0 1138.0
16696.0 1136.0
16702.0 1134.0
16704.0 1133.0
16711.0 1128.0
16715.0 1122.0
16722.0 1121.0
16725.0 1119.0
16727.0 1118.0
16728.0 1117.0
16733.0 1113.0
16736.0 1112.0
16737.0 1099.0
16748.0 1092.0
16765.0 1089.0
16776.0 1082.0
16792.0 1080.0
16797.0 1079.0
16803.0 1074.0
16808.0 1072.0
16820.0 1071.0
16831.0 1064.0
16857.0 1060.0
16862.0 1059.0
16868.0 1053.0
16899.0 1048.0
16904.0 1045.0
16925.0 1044.0
16944.0 1043.0
16958.0 1042.0
16962.0 1041.0
16983.0 1040.0
16989.0 1038.0
16993.0 1036.0
17001.0 1032.0
17025.0 1030.0
17042.0 1026.0
17065.0 1022.0
17099.0 1021.0
17105.0 1020.0
17123.0 1019.0
17124.0 1017.0
17147.0 1013.0
17181.0 1012.0
17187.0 1011.0
17222.0 1008.0
