9937.0 1864.0
9943.0 1860.0
9945.0 1859.0
9949.0 1844.0
9952.0 1815.0
9957.0 1812.0
9960.0 1811.0
9964.0 1799.0
9966.0 1795.0
9971.0 1791.0
9976.0 1788.0
9978.0 1786.0
9980.0 1781.0
9984.0 1780.0
9986.0 1768.0
9994.0 1764.0
9998.0 1763.0
10000.0 1762.0
10001.0 1760.0
10002.0 1756.0
10004.0 1750.0
10012.0 1746.0
10015.0 1739.0
10018.0 1738.0
10020.0 1736.0
10021.0 1734.0
10024.0 1733.0
10026.0 1731.0
10029.0 1725.0
10031.0 1721.0
10037.0 1716.0
10040.0 1715.0
10044.0 1709.0
10045.0 1707.0
10050.0 1704.0
10052.0 1703.0
10053.0 1698.0
10058.0 1695.0
10061.0 1693.0
10069.0 1689.0
10071.0 1687.0
10074.0 1685.0
10077.0 1683.0
10078.0 1679.0
10082.0 1677.0
10084.0 1674.0
10086.0 1673.0
10087.0 1668.0
10092.0 1665.0
10101.0 1664.0
10104.0 1663.0
10105.0 1662.0
10106.0 1661.0
10107.0 1657.0
10112.0 1654.0
10122.0 1647.0
10128.0 1646.0
10131.0 1642.0
10138.0 1641.0
10142.0 1636.0
10151.0 1631.0
10158.0 1630.0
10168.0 1627.0
10176.0 1624.0
10180.0 1622.0
10189.0 1621.0
10191.0 1619.0
10196.0 1615.0
10208.0 1614.0
10218.0 1607.0
10227.0 1606.0
10234.0 1605.0
10236.0 1604.0
10238.0 1593.0
10240.0 1591.0
10248.0 1586.0
10253.0 1585.0
10260.0 1583.0
10261.0 1580.0
10263.0 1579.0
10268.0 1578.0
10270.0 1577.0
10274.0 1572.0
10276.0 1570.0
10284.0 1565.0
10289.0 1564.0
10296.0 1562.0
10297.0 1559.0
10299.0 1558.0
10304.0 1557.0
10306.0 1556.0
10314.0 1554.0
10320.0 1553.0
10321.0 1552.0
10329.0 1550.0
10330.0 1547.0
10332.0 1546.0
10335.0 1545.0
10339.0 1544.0
10343.0 1540.0
10348.0 1539.0
10355.0 1537.0
10356.0 1534.0
10358.0 1533.0
10363.0 1532.0
10365.0 1531.0
10370.0 1530.0
10373.0 1529.0
10379.0 1528.0
10380.0 1527.0
10383.0 1524.0
10389.0 1522.0
10391.0 1521.0
10396.0 1520.0
10398.0 1519.0
10404.0 1518.0
10406.0 1517.0
10408.0 1515.0
10414.0 1514.0
10415.0 1513.0
10416.0 1512.0
10423.0 1510.0
10432.0 1509.0
10433.0 1508.0
10438.0 1506.0
10444.0 1505.0
10453.0 1503.0
10454.0 1502.0
10458.0 1499.0
10464.0 1498.0
10476.0 1497.0
10477.0 1496.0
10482.0 1495.0
10488.0 1494.0
10492.0 1493.0
10496.0 1490.0
10502.0 1489.0
10529.0 1487.0
10532.0 1486.0
10535.0 1484.0
10554.0 1483.0
10556.0 1481.0
10562.0 1478.0
10570.0 1477.0
10576.0 1476.0
10579.0 1473.0
10585.0 1468.0
10591.0 1467.0
10597.0 1466.0
10614.0 1463.0
10620.0 1462.0
10626.0 1461.0
10679.0 1459.0
10685.0 1458.0
10691.0 1457.0
10737.0 1454.0
10743.0 1453.0
10749.0 1452.0
