311.0 705.0
312.0 697.0
313.0 687.0
314.0 679.0
315.0 662.0
316.0 661.0
317.0 644.0
319.0 622.0
321.0 611.0
323.0 600.0
324.0 598.0
325.0 589.0
327.0 585.0
328.0 578.0
330.0 573.0
332.0 569.0
333.0 568.0
334.0 566.0
335.0 560.0
336.0 557.0
337.0 554.0
338.0 553.0
339.0 549.0
341.0 543.0
344.0 536.0
348.0 533.0
349.0 531.0
350.0 527.0
351.0 525.0
354.0 520.0
355.0 518.0
356.0 514.0
358.0 513.0
363.0 512.0
364.0 511.0
365.0 507.0
367.0 505.0
368.0 503.0
371.0 497.0
377.0 495.0
379.0 491.0
383.0 488.0
385.0 486.0
389.0 485.0
