327.0 1171.0
328.0 1151.0
329.0 1145.0
330.0 1143.0
331.0 1121.0
332.0 1101.0
333.0 1095.0
334.0 1075.0
335.0 1072.0
336.0 1066.0
337.0 1063.0
338.0 1057.0
339.0 1050.0
340.0 1041.0
341.0 1038.0
342.0 1032.0
343.0 1029.0
344.0 1023.0
345.0 1020.0
346.0 1001.0
347.0 988.0
349.0 985.0
350.0 983.0
351.0 971.0
353.0 959.0
355.0 956.0
356.0 952.0
358.0 948.0
359.0 947.0
360.0 944.0
361.0 941.0
362.0 940.0
363.0 931.0
365.0 928.0
366.0 927.0
367.0 921.0
368.0 920.0
369.0 911.0
370.0 910.0
371.0 907.0
372.0 906.0
373.0 897.0
374.0 896.0
375.0 895.0
376.0 892.0
377.0 891.0
378.0 888.0
380.0 883.0
382.0 880.0
383.0 878.0
384.0 877.0
385.0 876.0
386.0 872.0
387.0 871.0
389.0 868.0
390.0 867.0
391.0 866.0
392.0 865.0
393.0 864.0
394.0 860.0
395.0 859.0
397.0 856.0
398.0 855.0
399.0 854.0
401.0 853.0
402.0 852.0
403.0 846.0
407.0 843.0
408.0 839.0
412.0 836.0
416.0 831.0
417.0 825.0
421.0 822.0
422.0 818.0
426.0 815.0
430.0 811.0
434.0 810.0
436.0 806.0
440.0 803.0
442.0 800.0
