2574.0 656.0
2580.0 648.0
2588.0 645.0
2592.0 642.0
2600.0 639.0
2604.0 636.0
2612.0 633.0
2614.0 632.0
2616.0 628.0
2620.0 624.0
2624.0 616.0
2632.0 613.0
2634.0 610.0
2642.0 607.0
2650.0 606.0
2654.0 598.0
2662.0 595.0
2670.0 594.0
2674.0 592.0
2682.0 591.0
2686.0 583.0
2698.0 580.0
2726.0 579.0
2732.0 577.0
2738.0 576.0
2748.0 571.0
2756.0 570.0
2764.0 568.0
2766.0 567.0
2768.0 566.0
2782.0 561.0
2784.0 556.0
2788.0 551.0
2798.0 550.0
2802.0 549.0
2806.0 548.0
2812.0 544.0
2816.0 543.0
2852.0 532.0
2892.0 529.0
2900.0 524.0
2920.0 521.0
2954.0 520.0
2956.0 518.0
2976.0 515.0
2994.0 510.0
3006.0 509.0
3062.0 508.0
3074.0 506.0
3086.0 505.0
3114.0 502.0
3126.0 501.0
3146.0 498.0
3158.0 497.0
