9939.0 1941.0
9940.0 1844.0
9942.0 1832.0
9950.0 1828.0
9953.0 1813.0
9956.0 1809.0
9964.0 1805.0
9967.0 1790.0
9975.0 1786.0
9982.0 1780.0
9984.0 1771.0
9992.0 1762.0
9998.0 1761.0
10000.0 1758.0
10002.0 1757.0
10004.0 1755.0
10006.0 1742.0
10016.0 1738.0
10018.0 1734.0
10023.0 1726.0
10029.0 1723.0
10031.0 1722.0
10036.0 1715.0
10038.0 1713.0
10046.0 1707.0
10052.0 1705.0
10054.0 1703.0
10057.0 1698.0
10059.0 1696.0
10061.0 1694.0
10062.0 1687.0
10075.0 1684.0
10080.0 1679.0
10088.0 1678.0
10090.0 1674.0
10094.0 1672.0
10096.0 1669.0
10104.0 1662.0
10114.0 1661.0
10117.0 1659.0
10123.0 1658.0
10124.0 1656.0
10128.0 1654.0
10131.0 1650.0
10136.0 1647.0
10138.0 1644.0
10148.0 1638.0
10157.0 1636.0
10162.0 1633.0
10166.0 1630.0
10174.0 1624.0
10180.0 1623.0
10187.0 1622.0
10192.0 1616.0
10200.0 1615.0
10201.0 1613.0
10206.0 1609.0
10223.0 1606.0
10229.0 1600.0
10246.0 1597.0
10255.0 1591.0
10272.0 1588.0
10275.0 1586.0
10283.0 1585.0
10286.0 1582.0
10291.0 1578.0
10295.0 1572.0
10299.0 1571.0
10303.0 1561.0
10307.0 1560.0
10311.0 1559.0
10313.0 1554.0
10315.0 1553.0
10318.0 1551.0
10321.0 1545.0
10323.0 1542.0
10327.0 1541.0
10333.0 1535.0
10341.0 1526.0
10359.0 1524.0
10364.0 1519.0
10370.0 1517.0
10373.0 1514.0
10390.0 1511.0
10393.0 1510.0
10399.0 1502.0
10419.0 1500.0
10422.0 1499.0
10428.0 1493.0
10448.0 1487.0
10479.0 1486.0
10481.0 1485.0
10483.0 1484.0
10485.0 1483.0
10487.0 1482.0
10491.0 1480.0
10527.0 1478.0
10680.0 1476.0
10718.0 1474.0
