19379.0 6013.0
19382.0 5975.0
19383.0 5957.0
19389.0 5950.0
19391.0 5944.0
19393.0 5936.0
19395.0 5884.0
19401.0 5877.0
19403.0 5871.0
19407.0 5869.0
19408.0 5856.0
19412.0 5831.0
19416.0 5829.0
19418.0 5824.0
19419.0 5799.0
19423.0 5774.0
19427.0 5767.0
19431.0 5763.0
19436.0 5758.0
19439.0 5748.0
19443.0 5741.0
19447.0 5737.0
19452.0 5732.0
19456.0 5727.0
19458.0 5726.0
19459.0 5719.0
19460.0 5713.0
19464.0 5706.0
19468.0 5702.0
19473.0 5699.0
19474.0 5698.0
19475.0 5690.0
19477.0 5684.0
19479.0 5679.0
19480.0 5678.0
19481.0 5670.0
19487.0 5667.0
19488.0 5660.0
19489.0 5656.0
19491.0 5646.0
19496.0 5635.0
19498.0 5624.0
19503.0 5622.0
19506.0 5603.0
19510.0 5600.0
19515.0 5593.0
19518.0 5585.0
19522.0 5578.0
19527.0 5565.0
19536.0 5555.0
19540.0 5552.0
19547.0 5543.0
19549.0 5542.0
19551.0 5540.0
19555.0 5537.0
19556.0 5534.0
19559.0 5525.0
19560.0 5524.0
19563.0 5518.0
19566.0 5514.0
19568.0 5505.0
19576.0 5501.0
19579.0 5497.0
19583.0 5490.0
19586.0 5486.0
19588.0 5477.0
19596.0 5473.0
19606.0 5469.0
19609.0 5465.0
19610.0 5463.0
19611.0 5456.0
19614.0 5455.0
19619.0 5452.0
19620.0 5449.0
19628.0 5445.0
19630.0 5440.0
19635.0 5439.0
19638.0 5435.0
19639.0 5433.0
19641.0 5431.0
19643.0 5422.0
19650.0 5419.0
19651.0 5418.0
19653.0 5411.0
19656.0 5410.0
19659.0 5405.0
19663.0 5396.0
19671.0 5392.0
19674.0 5388.0
19676.0 5386.0
19677.0 5383.0
19680.0 5375.0
19686.0 5369.0
19690.0 5360.0
19698.0 5356.0
19709.0 5355.0
19710.0 5352.0
19712.0 5348.0
19714.0 5347.0
19715.0 5346.0
19717.0 5342.0
19721.0 5338.0
19722.0 5337.0
19726.0 5324.0
19728.0 5323.0
19739.0 5319.0
19741.0 5318.0
19742.0 5313.0
19748.0 5312.0
19750.0 5311.0
19753.0 5306.0
19755.0 5305.0
19757.0 5302.0
19759.0 5301.0
19765.0 5300.0
19766.0 5297.0
19769.0 5295.0
19773.0 5291.0
19775.0 5283.0
19788.0 5278.0
19794.0 5277.0
19796.0 5275.0
19797.0 5271.0
19800.0 5269.0
19802.0 5265.0
19806.0 5261.0
19811.0 5259.0
19813.0 5256.0
19815.0 5254.0
19818.0 5249.0
19820.0 5246.0
19822.0 5243.0
19824.0 5240.0
19834.0 5238.0
19835.0 5230.0
19846.0 5228.0
19847.0 5225.0
19851.0 5219.0
19853.0 5218.0
19862.0 5217.0
19864.0 5216.0
19865.0 5212.0
19866.0 5211.0
19867.0 5209.0
19869.0 5199.0
19871.0 5196.0
19873.0 5193.0
19875.0 5190.0
19889.0 5189.0
19891.0 5184.0
19893.0 5181.0
19895.0 5178.0
19897.0 5175.0
19910.0 5172.0
19912.0 5169.0
19915.0 5168.0
19917.0 5165.0
19925.0 5163.0
19927.0 5160.0
19932.0 5159.0
19939.0 5157.0
19941.0 5154.0
19943.0 5151.0
19947.0 5150.0
19954.0 5148.0
19955.0 5147.0
19956.0 5142.0
19958.0 5139.0
19960.0 5136.0
19962.0 5133.0
19977.0 5132.0
19979.0 5128.0
19981.0 5125.0
19983.0 5122.0
19985.0 5119.0
20000.0 5118.0
20005.0 5113.0
20009.0 5110.0
20011.0 5109.0
20013.0 5108.0
20019.0 5106.0
20025.0 5103.0
20027.0 5100.0
20034.0 5095.0
20036.0 5094.0
20038.0 5091.0
20045.0 5090.0
20048.0 5089.0
20050.0 5086.0
20057.0 5083.0
20059.0 5080.0
20061.0 5077.0
20074.0 5072.0
20081.0 5065.0
20086.0 5060.0
20093.0 5056.0
20098.0 5051.0
20105.0 5044.0
20112.0 5043.0
20117.0 5035.0
20124.0 5034.0
20131.0 5029.0
20135.0 5027.0
20141.0 5022.0
20147.0 5018.0
20153.0 5013.0
20160.0 5012.0
20167.0 5007.0
20171.0 5005.0
20178.0 5004.0
20181.0 5002.0
20183.0 4996.0
20197.0 4990.0
20204.0 4989.0
20208.0 4987.0
20213.0 4984.0
20215.0 4983.0
20220.0 4982.0
20225.0 4975.0
20232.0 4974.0
20237.0 4972.0
20239.0 4971.0
20241.0 4969.0
20243.0 4967.0
20245.0 4966.0
20252.0 4965.0
20254.0 4962.0
20255.0 4958.0
20262.0 4957.0
20267.0 4954.0
20271.0 4952.0
20277.0 4948.0
20279.0 4946.0
20286.0 4945.0
20292.0 4944.0
20298.0 4943.0
20299.0 4941.0
20301.0 4939.0
20307.0 4937.0
20310.0 4935.0
20320.0 4934.0
20321.0 4933.0
20323.0 4929.0
20325.0 4927.0
20332.0 4925.0
20339.0 4924.0
20347.0 4920.0
20353.0 4918.0
20355.0 4917.0
20356.0 4916.0
20363.0 4914.0
20365.0 4913.0
20367.0 4908.0
20376.0 4907.0
20378.0 4906.0
20381.0 4904.0
20383.0 4902.0
20385.0 4901.0
20387.0 4900.0
20388.0 4899.0
20389.0 4898.0
20390.0 4897.0
20395.0 4894.0
20397.0 4892.0
20423.0 4890.0
20425.0 4888.0
20434.0 4886.0
20436.0 4884.0
20449.0 4881.0
20451.0 4879.0
20458.0 4877.0
20463.0 4875.0
20470.0 4873.0
20480.0 4872.0
20485.0 4870.0
20489.0 4868.0
20496.0 4866.0
20504.0 4865.0
20505.0 4864.0
20513.0 4863.0
20515.0 4861.0
20519.0 4859.0
20523.0 4857.0
20528.0 4856.0
20531.0 4855.0
20534.0 4853.0
20539.0 4852.0
20542.0 4850.0
20549.0 4847.0
20551.0 4845.0
20554.0 4844.0
20558.0 4842.0
20569.0 4841.0
20576.0 4840.0
20578.0 4838.0
20580.0 4834.0
20582.0 4832.0
20592.0 4830.0
20607.0 4828.0
20611.0 4827.0
20619.0 4826.0
20621.0 4824.0
20632.0 4823.0
20634.0 4822.0
20638.0 4819.0
20647.0 4817.0
20657.0 4815.0
20660.0 4814.0
20667.0 4813.0
20673.0 4809.0
20696.0 4807.0
20702.0 4804.0
20704.0 4800.0
20718.0 4799.0
20741.0 4795.0
20744.0 4794.0
20767.0 4793.0
20770.0 4791.0
20783.0 4790.0
20785.0 4788.0
20790.0 4786.0
20797.0 4785.0
20808.0 4783.0
20810.0 4781.0
20821.0 4780.0
20822.0 4777.0
20833.0 4776.0
20844.0 4774.0
20846.0 4772.0
20858.0 4768.0
20875.0 4766.0
20880.0 4765.0
20893.0 4764.0
20899.0 4761.0
20905.0 4760.0
20911.0 4757.0
20922.0 4756.0
20944.0 4754.0
20955.0 4753.0
20962.0 4750.0
20979.0 4748.0
20984.0 4747.0
20997.0 4746.0
21003.0 4743.0
21009.0 4742.0
21015.0 4739.0
21026.0 4738.0
21048.0 4736.0
21059.0 4735.0
21098.0 4734.0
21114.0 4731.0
21122.0 4730.0
21126.0 4728.0
21134.0 4726.0
21145.0 4725.0
21150.0 4724.0
21153.0 4723.0
21162.0 4720.0
21175.0 4718.0
21178.0 4716.0
21184.0 4715.0
21193.0 4714.0
21194.0 4712.0
21203.0 4710.0
21205.0 4708.0
21209.0 4707.0
21218.0 4703.0
21230.0 4700.0
21241.0 4699.0
21243.0 4695.0
21254.0 4694.0
21259.0 4693.0
21262.0 4692.0
21266.0 4691.0
21279.0 4686.0
21281.0 4685.0
21295.0 4684.0
21297.0 4683.0
21300.0 4682.0
21317.0 4676.0
21331.0 4674.0
21336.0 4673.0
21347.0 4672.0
21350.0 4671.0
21367.0 4665.0
21383.0 4663.0
21386.0 4662.0
21422.0 4659.0
21438.0 4657.0
21441.0 4656.0
21479.0 4655.0
