442.0 1136.0
443.0 1110.0
445.0 1092.0
446.0 1083.0
447.0 1073.0
448.0 1071.0
449.0 1064.0
450.0 1054.0
451.0 1045.0
452.0 1035.0
453.0 1028.0
454.0 1027.0
455.0 1019.0
456.0 1014.0
457.0 1013.0
458.0 1003.0
459.0 1002.0
460.0 997.0
461.0 990.0
462.0 989.0
463.0 981.0
464.0 980.0
466.0 973.0
467.0 967.0
469.0 960.0
470.0 957.0
471.0 954.0
472.0 950.0
475.0 947.0
476.0 944.0
477.0 940.0
482.0 937.0
483.0 935.0
484.0 930.0
486.0 923.0
492.0 919.0
495.0 914.0
496.0 913.0
497.0 904.0
498.0 902.0
501.0 898.0
503.0 894.0
507.0 891.0
510.0 887.0
513.0 885.0
514.0 881.0
515.0 878.0
517.0 877.0
518.0 875.0
520.0 872.0
523.0 865.0
527.0 864.0
531.0 863.0
533.0 862.0
535.0 861.0
536.0 860.0
538.0 857.0
541.0 855.0
560.0 853.0
