46.0 1353.0
47.0 1328.0
48.0 1220.0
49.0 1210.0
50.0 1196.0
51.0 1181.0
52.0 1172.0
53.0 1160.0
54.0 1147.0
55.0 1137.0
56.0 1126.0
57.0 1115.0
58.0 1107.0
59.0 1094.0
60.0 1086.0
61.0 1074.0
62.0 1072.0
63.0 1062.0
64.0 1060.0
65.0 1053.0
66.0 1047.0
67.0 1046.0
68.0 1039.0
70.0 1036.0
71.0 1031.0
72.0 1026.0
73.0 1024.0
74.0 1019.0
75.0 1016.0
76.0 1011.0
77.0 1007.0
78.0 1002.0
79.0 1000.0
80.0 996.0
81.0 992.0
82.0 987.0
83.0 980.0
85.0 974.0
87.0 970.0
90.0 966.0
92.0 962.0
94.0 960.0
95.0 957.0
97.0 954.0
98.0 949.0
99.0 946.0
103.0 941.0
104.0 938.0
108.0 937.0
