15278.0 4415.0
15280.0 4389.0
15282.0 4371.0
15286.0 4358.0
15287.0 4328.0
15292.0 4295.0
15298.0 4054.0
15301.0 4031.0
15302.0 4026.0
15304.0 4013.0
15305.0 4003.0
15307.0 3990.0
15311.0 3987.0
15313.0 3974.0
15315.0 3969.0
15319.0 3966.0
15321.0 3953.0
15328.0 3948.0
15331.0 3944.0
15333.0 3942.0
15336.0 3937.0
15337.0 3934.0
15339.0 3931.0
15340.0 3926.0
15345.0 3922.0
15347.0 3918.0
15348.0 3912.0
15350.0 3900.0
15353.0 3899.0
15354.0 3874.0
15357.0 3873.0
15359.0 3843.0
15362.0 3842.0
15364.0 3819.0
15368.0 3818.0
15369.0 3814.0
15373.0 3794.0
15378.0 3789.0
15383.0 3783.0
15386.0 3776.0
15389.0 3773.0
15391.0 3771.0
15392.0 3766.0
15395.0 3761.0
15396.0 3758.0
15400.0 3756.0
15402.0 3755.0
15404.0 3754.0
15405.0 3748.0
15406.0 3747.0
15408.0 3743.0
15409.0 3740.0
15412.0 3737.0
15414.0 3733.0
15418.0 3725.0
15425.0 3719.0
15427.0 3715.0
15431.0 3707.0
15438.0 3699.0
15441.0 3698.0
15443.0 3697.0
15445.0 3693.0
15448.0 3690.0
15449.0 3685.0
15451.0 3682.0
15452.0 3680.0
15453.0 3679.0
15455.0 3674.0
15456.0 3668.0
15457.0 3661.0
15459.0 3656.0
15462.0 3652.0
15463.0 3645.0
15465.0 3634.0
15469.0 3626.0
15474.0 3625.0
15476.0 3620.0
15477.0 3610.0
15482.0 3605.0
15484.0 3604.0
15485.0 3602.0
15489.0 3597.0
15490.0 3589.0
15497.0 3583.0
15498.0 3581.0
15502.0 3576.0
15505.0 3566.0
15511.0 3563.0
15513.0 3558.0
15514.0 3550.0
15518.0 3545.0
15522.0 3542.0
15527.0 3529.0
15538.0 3528.0
15539.0 3524.0
15541.0 3522.0
15542.0 3519.0
15543.0 3516.0
15547.0 3512.0
15555.0 3511.0
15557.0 3509.0
15558.0 3506.0
15559.0 3495.0
15571.0 3490.0
15573.0 3487.0
15574.0 3485.0
15575.0 3482.0
15583.0 3481.0
15586.0 3479.0
15587.0 3477.0
15588.0 3474.0
15590.0 3472.0
15591.0 3470.0
15593.0 3464.0
15598.0 3462.0
15602.0 3461.0
15605.0 3455.0
15609.0 3453.0
15611.0 3446.0
15620.0 3440.0
15623.0 3437.0
15627.0 3435.0
15629.0 3434.0
15632.0 3429.0
15637.0 3427.0
15639.0 3426.0
15641.0 3423.0
15643.0 3418.0
15648.0 3416.0
15652.0 3412.0
15654.0 3407.0
15663.0 3401.0
15673.0 3400.0
15676.0 3398.0
15685.0 3396.0
15687.0 3395.0
15694.0 3394.0
15697.0 3391.0
15709.0 3390.0
15710.0 3388.0
15716.0 3386.0
15721.0 3385.0
15729.0 3383.0
15734.0 3382.0
15738.0 3381.0
15740.0 3380.0
15747.0 3379.0
15750.0 3376.0
15755.0 3374.0
15758.0 3373.0
15763.0 3369.0
15773.0 3368.0
15776.0 3366.0
15777.0 3363.0
15787.0 3362.0
15790.0 3360.0
15797.0 3359.0
15801.0 3357.0
15810.0 3356.0
15811.0 3353.0
15824.0 3350.0
15835.0 3347.0
15837.0 3346.0
15845.0 3342.0
15846.0 3340.0
15848.0 3334.0
15853.0 3330.0
15860.0 3328.0
15861.0 3326.0
15863.0 3320.0
15868.0 3316.0
15875.0 3314.0
15880.0 3312.0
15884.0 3310.0
15885.0 3308.0
15887.0 3307.0
15891.0 3305.0
15892.0 3304.0
15895.0 3303.0
15896.0 3302.0
15899.0 3299.0
15901.0 3294.0
15904.0 3291.0
15909.0 3288.0
15912.0 3285.0
15914.0 3284.0
15917.0 3281.0
15919.0 3278.0
15922.0 3275.0
15923.0 3273.0
15928.0 3272.0
15932.0 3268.0
15935.0 3265.0
15936.0 3263.0
15939.0 3262.0
15942.0 3259.0
15949.0 3252.0
15952.0 3249.0
15953.0 3247.0
15958.0 3246.0
15962.0 3242.0
15965.0 3239.0
15966.0 3237.0
15971.0 3236.0
15979.0 3235.0
15980.0 3233.0
15985.0 3232.0
15990.0 3230.0
15991.0 3228.0
15994.0 3226.0
15999.0 3225.0
16001.0 3224.0
16008.0 3222.0
16012.0 3221.0
16015.0 3220.0
16018.0 3219.0
16019.0 3217.0
16024.0 3216.0
16029.0 3213.0
16038.0 3212.0
16040.0 3210.0
16043.0 3209.0
16054.0 3206.0
16069.0 3204.0
16071.0 3202.0
16078.0 3200.0
16085.0 3198.0
16092.0 3196.0
16107.0 3193.0
16117.0 3192.0
16121.0 3191.0
16122.0 3190.0
16130.0 3187.0
16141.0 3184.0
16142.0 3183.0
16153.0 3180.0
16170.0 3178.0
16175.0 3177.0
16179.0 3174.0
16200.0 3173.0
16204.0 3170.0
16279.0 3168.0
16296.0 3166.0
16301.0 3165.0
16305.0 3162.0
16326.0 3161.0
16330.0 3158.0
16395.0 3157.0
16712.0 3155.0
16713.0 3154.0
16720.0 3153.0
16744.0 3152.0
16768.0 3151.0
