24674.0 7741.0
24675.0 7730.0
24676.0 7717.0
24677.0 7706.0
24680.0 7705.0
24681.0 7694.0
24684.0 7689.0
24685.0 7678.0
24687.0 7671.0
24689.0 7666.0
24691.0 7659.0
24694.0 7654.0
24695.0 7643.0
24698.0 7642.0
24699.0 7631.0
24703.0 7624.0
24704.0 7621.0
24706.0 7615.0
24708.0 7609.0
24710.0 7603.0
24711.0 7600.0
24713.0 7597.0
24714.0 7586.0
24717.0 7585.0
24718.0 7574.0
24722.0 7569.0
24725.0 7565.0
24726.0 7562.0
24727.0 7555.0
24729.0 7551.0
24730.0 7540.0
24732.0 7538.0
24734.0 7528.0
24737.0 7527.0
24738.0 7516.0
24740.0 7514.0
24742.0 7504.0
24746.0 7497.0
24752.0 7496.0
24753.0 7484.0
24754.0 7473.0
24760.0 7472.0
24763.0 7471.0
24764.0 7470.0
24766.0 7462.0
24767.0 7454.0
24771.0 7450.0
24777.0 7448.0
24779.0 7443.0
24781.0 7439.0
24784.0 7431.0
24790.0 7429.0
24791.0 7419.0
24793.0 7410.0
24802.0 7408.0
24803.0 7407.0
24804.0 7400.0
24805.0 7399.0
24806.0 7391.0
24810.0 7387.0
24816.0 7385.0
24818.0 7380.0
24820.0 7376.0
24822.0 7375.0
24823.0 7368.0
24824.0 7366.0
24830.0 7364.0
24832.0 7355.0
24837.0 7347.0
24843.0 7345.0
24845.0 7336.0
24853.0 7330.0
24862.0 7321.0
24866.0 7320.0
24870.0 7315.0
24877.0 7314.0
24878.0 7306.0
24879.0 7287.0
24884.0 7285.0
24886.0 7278.0
24889.0 7265.0
24894.0 7263.0
24896.0 7251.0
24901.0 7249.0
24906.0 7237.0
24909.0 7231.0
24910.0 7230.0
24914.0 7226.0
24915.0 7225.0
24916.0 7217.0
24917.0 7216.0
24921.0 7215.0
24922.0 7210.0
24926.0 7203.0
24927.0 7202.0
24928.0 7195.0
24929.0 7194.0
24931.0 7190.0
24935.0 7187.0
24936.0 7185.0
24937.0 7183.0
24938.0 7181.0
24939.0 7170.0
24943.0 7159.0
24948.0 7157.0
24949.0 7154.0
24950.0 7137.0
24954.0 7126.0
24957.0 7123.0
24958.0 7104.0
24963.0 7102.0
24968.0 7090.0
24973.0 7088.0
24977.0 7086.0
24979.0 7080.0
24984.0 7077.0
24985.0 7076.0
24987.0 7072.0
24989.0 7064.0
24994.0 7063.0
24996.0 7061.0
24997.0 7057.0
24998.0 7052.0
24999.0 7050.0
25004.0 7049.0
25008.0 7042.0
25010.0 7033.0
25016.0 7031.0
25022.0 7027.0
25024.0 7018.0
25028.0 7012.0
25036.0 7009.0
25040.0 7006.0
25042.0 7003.0
25044.0 6994.0
25052.0 6991.0
25056.0 6988.0
25058.0 6985.0
25062.0 6980.0
25064.0 6976.0
25068.0 6973.0
25071.0 6969.0
25074.0 6967.0
25078.0 6961.0
25081.0 6959.0
25084.0 6955.0
25088.0 6951.0
25090.0 6950.0
25091.0 6947.0
25093.0 6946.0
25096.0 6939.0
25100.0 6938.0
25103.0 6931.0
25110.0 6928.0
25114.0 6923.0
25117.0 6921.0
25121.0 6915.0
25124.0 6901.0
25133.0 6895.0
25134.0 6889.0
25140.0 6888.0
25141.0 6885.0
25142.0 6884.0
25143.0 6876.0
25144.0 6875.0
25145.0 6873.0
25147.0 6868.0
25148.0 6865.0
25153.0 6864.0
25159.0 6862.0
25161.0 6859.0
25162.0 6858.0
25163.0 6857.0
25164.0 6855.0
25166.0 6854.0
25168.0 6851.0
25169.0 6848.0
25171.0 6847.0
25173.0 6845.0
25176.0 6840.0
25178.0 6837.0
25181.0 6835.0
25183.0 6833.0
25185.0 6831.0
25186.0 6828.0
25188.0 6826.0
25190.0 6824.0
25191.0 6821.0
25193.0 6819.0
25195.0 6815.0
25198.0 6812.0
25200.0 6810.0
25202.0 6808.0
25205.0 6807.0
25207.0 6801.0
25210.0 6800.0
25213.0 6799.0
25216.0 6796.0
25219.0 6793.0
25227.0 6791.0
25229.0 6790.0
25231.0 6787.0
25232.0 6784.0
25235.0 6783.0
25236.0 6780.0
25244.0 6778.0
25246.0 6777.0
25247.0 6775.0
25248.0 6774.0
25249.0 6773.0
25251.0 6770.0
25253.0 6767.0
25255.0 6764.0
25257.0 6763.0
25258.0 6761.0
25260.0 6759.0
25262.0 6757.0
25264.0 6753.0
25267.0 6750.0
25270.0 6749.0
25273.0 6748.0
25274.0 6747.0
25276.0 6745.0
25279.0 6742.0
25284.0 6737.0
25291.0 6730.0
25294.0 6727.0
25300.0 6725.0
25301.0 6724.0
25303.0 6722.0
25306.0 6721.0
25310.0 6719.0
25311.0 6714.0
25318.0 6711.0
25320.0 6709.0
25323.0 6708.0
25327.0 6706.0
25328.0 6703.0
25336.0 6699.0
25337.0 6698.0
25338.0 6694.0
25347.0 6689.0
25350.0 6688.0
25358.0 6687.0
25361.0 6684.0
25363.0 6678.0
25372.0 6673.0
25375.0 6672.0
25386.0 6668.0
25388.0 6663.0
25390.0 6661.0
25395.0 6658.0
25399.0 6656.0
25404.0 6653.0
25410.0 6651.0
25415.0 6648.0
25419.0 6645.0
25422.0 6644.0
25425.0 6640.0
25427.0 6636.0
25434.0 6633.0
25436.0 6631.0
25442.0 6629.0
25448.0 6628.0
25452.0 6627.0
25453.0 6625.0
25457.0 6624.0
25458.0 6623.0
25459.0 6622.0
25460.0 6619.0
25461.0 6614.0
25465.0 6610.0
25470.0 6607.0
25483.0 6605.0
25485.0 6603.0
25486.0 6601.0
25493.0 6598.0
25498.0 6595.0
25500.0 6593.0
25501.0 6589.0
25502.0 6585.0
25515.0 6584.0
25518.0 6581.0
25520.0 6579.0
25523.0 6576.0
25532.0 6573.0
25540.0 6572.0
25541.0 6570.0
25543.0 6569.0
25544.0 6567.0
25549.0 6566.0
25552.0 6565.0
25553.0 6562.0
25554.0 6560.0
25555.0 6556.0
25566.0 6555.0
25567.0 6551.0
25568.0 6547.0
25575.0 6546.0
25585.0 6545.0
25586.0 6541.0
25588.0 6537.0
25602.0 6536.0
25605.0 6535.0
25606.0 6531.0
25616.0 6529.0
25630.0 6528.0
25631.0 6525.0
25638.0 6522.0
25644.0 6520.0
25654.0 6518.0
25662.0 6514.0
25668.0 6510.0
25678.0 6508.0
25692.0 6507.0
25693.0 6504.0
25703.0 6502.0
25716.0 6501.0
25717.0 6500.0
25722.0 6497.0
25736.0 6494.0
25742.0 6492.0
25747.0 6491.0
25753.0 6489.0
25754.0 6488.0
25760.0 6486.0
25766.0 6482.0
25777.0 6477.0
25784.0 6476.0
25788.0 6471.0
25798.0 6470.0
25801.0 6468.0
25806.0 6466.0
25808.0 6465.0
25809.0 6464.0
25819.0 6463.0
25821.0 6462.0
25822.0 6461.0
25826.0 6460.0
25827.0 6459.0
25829.0 6458.0
25831.0 6457.0
25840.0 6456.0
25842.0 6455.0
25844.0 6454.0
25847.0 6453.0
25849.0 6452.0
25851.0 6451.0
25860.0 6450.0
25862.0 6449.0
25864.0 6448.0
25869.0 6446.0
25882.0 6443.0
25906.0 6442.0
25911.0 6440.0
25924.0 6437.0
25930.0 6436.0
25932.0 6435.0
25941.0 6434.0
25946.0 6433.0
25950.0 6430.0
25959.0 6429.0
25963.0 6428.0
25968.0 6426.0
25981.0 6423.0
26009.0 6422.0
26012.0 6421.0
26024.0 6419.0
26027.0 6417.0
26030.0 6416.0
26031.0 6415.0
26048.0 6414.0
26049.0 6410.0
26081.0 6409.0
26082.0 6405.0
26172.0 6404.0
26177.0 6402.0
26185.0 6400.0
26192.0 6398.0
26199.0 6395.0
26204.0 6393.0
26211.0 6390.0
26220.0 6386.0
26228.0 6384.0
26232.0 6381.0
26240.0 6379.0
26247.0 6377.0
26255.0 6375.0
26259.0 6372.0
26267.0 6370.0
26274.0 6369.0
26277.0 6368.0
26282.0 6367.0
26286.0 6366.0
26291.0 6364.0
26295.0 6363.0
26300.0 6361.0
26307.0 6358.0
26312.0 6356.0
26319.0 6355.0
26322.0 6354.0
26324.0 6353.0
26328.0 6352.0
26333.0 6350.0
26343.0 6348.0
26353.0 6347.0
26356.0 6346.0
26365.0 6343.0
26375.0 6341.0
26393.0 6339.0
26403.0 6337.0
26406.0 6336.0
26415.0 6333.0
26425.0 6331.0
26437.0 6330.0
26446.0 6329.0
26447.0 6328.0
26456.0 6327.0
26459.0 6324.0
26461.0 6323.0
26469.0 6322.0
26471.0 6321.0
26481.0 6320.0
26483.0 6317.0
26493.0 6315.0
26509.0 6314.0
26511.0 6313.0
26519.0 6312.0
26521.0 6311.0
26531.0 6310.0
26533.0 6307.0
26543.0 6305.0
26563.0 6303.0
26571.0 6302.0
26575.0 6301.0
26581.0 6300.0
26586.0 6299.0
26591.0 6298.0
26595.0 6295.0
26605.0 6293.0
26615.0 6291.0
26625.0 6289.0
26637.0 6287.0
26651.0 6285.0
26661.0 6283.0
26671.0 6281.0
26683.0 6279.0
26703.0 6277.0
26715.0 6275.0
26741.0 6273.0
26839.0 6271.0
