48.0 1299.0
49.0 1227.0
50.0 1220.0
51.0 1197.0
52.0 1179.0
53.0 1172.0
54.0 1152.0
56.0 1139.0
57.0 1123.0
58.0 1104.0
59.0 1093.0
60.0 1086.0
61.0 1075.0
62.0 1069.0
63.0 1064.0
64.0 1062.0
65.0 1057.0
66.0 1047.0
67.0 1046.0
68.0 1037.0
70.0 1029.0
72.0 1024.0
73.0 1021.0
74.0 1016.0
76.0 1012.0
77.0 1008.0
80.0 999.0
82.0 994.0
83.0 992.0
84.0 989.0
85.0 988.0
86.0 981.0
88.0 977.0
89.0 974.0
90.0 973.0
91.0 970.0
92.0 965.0
93.0 962.0
95.0 959.0
96.0 954.0
97.0 951.0
99.0 948.0
101.0 946.0
102.0 943.0
104.0 940.0
108.0 939.0
