97.0 1194.0
98.0 1192.0
99.0 1178.0
100.0 1163.0
101.0 1161.0
102.0 1148.0
103.0 1105.0
105.0 1069.0
107.0 1055.0
109.0 1039.0
111.0 1033.0
112.0 1032.0
113.0 1015.0
114.0 1012.0
115.0 997.0
116.0 994.0
117.0 983.0
118.0 979.0
119.0 969.0
120.0 965.0
121.0 959.0
122.0 951.0
123.0 949.0
124.0 943.0
126.0 937.0
128.0 931.0
130.0 925.0
131.0 920.0
132.0 916.0
133.0 909.0
135.0 901.0
137.0 895.0
139.0 891.0
140.0 889.0
141.0 886.0
142.0 885.0
143.0 882.0
146.0 881.0
147.0 877.0
156.0 875.0
158.0 873.0
160.0 871.0
162.0 870.0
163.0 869.0
165.0 867.0
166.0 864.0
167.0 863.0
168.0 862.0
169.0 860.0
173.0 858.0
178.0 857.0
