2622.0 681.0
2634.0 678.0
2642.0 676.0
2646.0 669.0
2648.0 653.0
2656.0 637.0
2672.0 634.0
2674.0 628.0
2678.0 626.0
2682.0 623.0
2690.0 617.0
2700.0 614.0
2704.0 598.0
2720.0 595.0
2722.0 581.0
2728.0 577.0
2740.0 576.0
2748.0 574.0
2752.0 572.0
2754.0 570.0
2758.0 568.0
2766.0 564.0
2770.0 560.0
2774.0 559.0
2776.0 555.0
2784.0 544.0
2790.0 542.0
2796.0 539.0
2798.0 535.0
2818.0 528.0
2820.0 524.0
2848.0 522.0
2856.0 520.0
2866.0 517.0
2870.0 511.0
2900.0 510.0
2906.0 507.0
2942.0 505.0
2946.0 503.0
2980.0 499.0
3004.0 496.0
3036.0 494.0
3056.0 493.0
3068.0 490.0
3152.0 489.0
3172.0 488.0
3184.0 487.0
3242.0 486.0
