12952.0 3417.0
12954.0 3401.0
12956.0 3379.0
12959.0 3364.0
12965.0 3356.0
12968.0 3352.0
12970.0 3330.0
12973.0 3315.0
12979.0 3307.0
12986.0 3299.0
12994.0 3294.0
12996.0 3293.0
12998.0 3289.0
13001.0 3235.0
13005.0 3231.0
13006.0 3218.0
13007.0 3207.0
13012.0 3203.0
13013.0 3198.0
13015.0 3188.0
13020.0 3179.0
13025.0 3177.0
13026.0 3170.0
13028.0 3160.0
13033.0 3158.0
13039.0 3155.0
13040.0 3151.0
13042.0 3141.0
13047.0 3139.0
13048.0 3133.0
13050.0 3125.0
13055.0 3123.0
13058.0 3120.0
13060.0 3119.0
13063.0 3117.0
13068.0 3115.0
13070.0 3108.0
13074.0 3104.0
13080.0 3096.0
13085.0 3094.0
13088.0 3087.0
13090.0 3083.0
13096.0 3081.0
13097.0 3077.0
13103.0 3076.0
13105.0 3072.0
13108.0 3069.0
13117.0 3066.0
13118.0 3065.0
13120.0 3061.0
13122.0 3057.0
13129.0 3055.0
13131.0 3048.0
13133.0 3046.0
13136.0 3039.0
13150.0 3038.0
13151.0 3036.0
13154.0 3033.0
13156.0 3028.0
13157.0 3022.0
13165.0 3017.0
13166.0 3012.0
13173.0 3009.0
13176.0 3006.0
13182.0 3005.0
13185.0 2997.0
13193.0 2995.0
13194.0 2994.0
13195.0 2989.0
13203.0 2985.0
13208.0 2982.0
13215.0 2979.0
13216.0 2977.0
13218.0 2976.0
13223.0 2970.0
13227.0 2967.0
13232.0 2962.0
13233.0 2961.0
13234.0 2960.0
13237.0 2959.0
13239.0 2951.0
13244.0 2946.0
13246.0 2944.0
13249.0 2942.0
13251.0 2935.0
13260.0 2927.0
13261.0 2926.0
13262.0 2925.0
13267.0 2916.0
13277.0 2907.0
13286.0 2902.0
13290.0 2893.0
13292.0 2891.0
13297.0 2882.0
13307.0 2873.0
13316.0 2868.0
13326.0 2859.0
13334.0 2850.0
13336.0 2848.0
13341.0 2839.0
13352.0 2835.0
13360.0 2825.0
13364.0 2824.0
13371.0 2821.0
13374.0 2815.0
13385.0 2811.0
13391.0 2810.0
13395.0 2809.0
13403.0 2801.0
13405.0 2800.0
13410.0 2799.0
13415.0 2798.0
13417.0 2791.0
13420.0 2790.0
13421.0 2789.0
13427.0 2788.0
13429.0 2787.0
13431.0 2780.0
13441.0 2776.0
13446.0 2775.0
13447.0 2770.0
13451.0 2767.0
13459.0 2766.0
13460.0 2764.0
13462.0 2763.0
13465.0 2761.0
13466.0 2756.0
13470.0 2755.0
13476.0 2753.0
13479.0 2751.0
13480.0 2746.0
13492.0 2743.0
13500.0 2740.0
13505.0 2739.0
13510.0 2736.0
13515.0 2735.0
13527.0 2732.0
13528.0 2731.0
13534.0 2730.0
13540.0 2725.0
13554.0 2724.0
13558.0 2720.0
13569.0 2719.0
13572.0 2718.0
13573.0 2717.0
13578.0 2716.0
13582.0 2715.0
13590.0 2713.0
13591.0 2712.0
13594.0 2709.0
13606.0 2702.0
13622.0 2701.0
13624.0 2697.0
13638.0 2695.0
13651.0 2693.0
13656.0 2690.0
13660.0 2686.0
13676.0 2685.0
13678.0 2681.0
13692.0 2679.0
13701.0 2677.0
13706.0 2676.0
13710.0 2674.0
13714.0 2673.0
13726.0 2668.0
13727.0 2666.0
13739.0 2664.0
13741.0 2661.0
13750.0 2660.0
13753.0 2659.0
13759.0 2653.0
13770.0 2651.0
13777.0 2650.0
13782.0 2649.0
13788.0 2647.0
13790.0 2646.0
13796.0 2642.0
13806.0 2639.0
13817.0 2634.0
13828.0 2632.0
13835.0 2626.0
13846.0 2624.0
13864.0 2622.0
13867.0 2621.0
13870.0 2620.0
13878.0 2619.0
13881.0 2618.0
13885.0 2617.0
13896.0 2615.0
13913.0 2613.0
13917.0 2612.0
13928.0 2610.0
13942.0 2608.0
13953.0 2606.0
13963.0 2602.0
13971.0 2597.0
13979.0 2595.0
13990.0 2593.0
14005.0 2592.0
14018.0 2589.0
14023.0 2588.0
14026.0 2583.0
14034.0 2581.0
14045.0 2579.0
14080.0 2578.0
14091.0 2576.0
14093.0 2574.0
14096.0 2570.0
14107.0 2568.0
