521.0 1452.0
522.0 1430.0
523.0 1425.0
524.0 1422.0
525.0 1417.0
527.0 1406.0
528.0 1401.0
529.0 1325.0
530.0 1309.0
531.0 1302.0
532.0 1300.0
533.0 1293.0
534.0 1280.0
535.0 1266.0
536.0 1259.0
538.0 1256.0
539.0 1241.0
540.0 1234.0
542.0 1229.0
543.0 1220.0
544.0 1215.0
545.0 1214.0
546.0 1207.0
547.0 1201.0
548.0 1198.0
550.0 1193.0
551.0 1189.0
552.0 1188.0
553.0 1183.0
554.0 1177.0
555.0 1174.0
556.0 1171.0
557.0 1167.0
558.0 1166.0
560.0 1162.0
561.0 1160.0
562.0 1159.0
563.0 1158.0
564.0 1155.0
565.0 1152.0
566.0 1151.0
567.0 1147.0
568.0 1144.0
569.0 1140.0
572.0 1132.0
574.0 1131.0
576.0 1129.0
577.0 1123.0
580.0 1117.0
582.0 1114.0
585.0 1108.0
590.0 1104.0
591.0 1103.0
594.0 1101.0
595.0 1100.0
596.0 1095.0
599.0 1088.0
601.0 1085.0
603.0 1078.0
606.0 1076.0
607.0 1072.0
608.0 1069.0
612.0 1063.0
