412.0 1357.0
414.0 1295.0
415.0 1290.0
416.0 1273.0
417.0 1261.0
418.0 1216.0
420.0 1194.0
422.0 1177.0
424.0 1165.0
426.0 1161.0
427.0 1155.0
428.0 1149.0
429.0 1143.0
430.0 1142.0
431.0 1139.0
432.0 1137.0
433.0 1127.0
434.0 1126.0
435.0 1123.0
436.0 1121.0
437.0 1117.0
438.0 1116.0
439.0 1112.0
441.0 1101.0
443.0 1096.0
446.0 1095.0
447.0 1092.0
448.0 1090.0
449.0 1089.0
451.0 1088.0
452.0 1085.0
453.0 1084.0
454.0 1082.0
455.0 1079.0
456.0 1078.0
457.0 1077.0
458.0 1073.0
460.0 1065.0
462.0 1061.0
463.0 1053.0
466.0 1051.0
468.0 1046.0
470.0 1039.0
471.0 1038.0
472.0 1032.0
475.0 1030.0
476.0 1024.0
478.0 1021.0
480.0 1020.0
482.0 1017.0
484.0 1014.0
486.0 1011.0
487.0 1010.0
489.0 1007.0
494.0 1006.0
498.0 1004.0
499.0 1003.0
500.0 1001.0
503.0 999.0
508.0 998.0
509.0 997.0
510.0 995.0
514.0 993.0
515.0 992.0
518.0 987.0
519.0 986.0
522.0 981.0
525.0 980.0
526.0 979.0
532.0 977.0
534.0 975.0
535.0 974.0
536.0 973.0
538.0 969.0
