2620.0 706.0
2622.0 681.0
2636.0 658.0
2642.0 656.0
2650.0 627.0
2656.0 625.0
2658.0 623.0
2664.0 613.0
2670.0 611.0
2672.0 609.0
2678.0 601.0
2686.0 600.0
2688.0 591.0
2712.0 583.0
2716.0 578.0
2740.0 570.0
2756.0 566.0
2772.0 562.0
2778.0 561.0
2790.0 560.0
2794.0 554.0
2810.0 552.0
2812.0 549.0
2818.0 546.0
2822.0 544.0
2826.0 541.0
2830.0 539.0
2846.0 535.0
2850.0 531.0
2854.0 530.0
2858.0 526.0
2882.0 525.0
2886.0 521.0
2890.0 520.0
2894.0 516.0
2960.0 514.0
2986.0 512.0
3002.0 510.0
3068.0 508.0
3076.0 504.0
3378.0 502.0
3386.0 500.0
3416.0 498.0
