12923.0 3313.0
12931.0 3292.0
12937.0 3286.0
12939.0 3284.0
12945.0 3278.0
12950.0 3274.0
12951.0 3255.0
12955.0 3246.0
12959.0 3222.0
12967.0 3214.0
12973.0 3205.0
12979.0 3203.0
12981.0 3197.0
12982.0 3195.0
12991.0 3186.0
12995.0 3184.0
12999.0 3176.0
13001.0 3174.0
13005.0 3169.0
13009.0 3163.0
13011.0 3146.0
13013.0 3138.0
13015.0 3114.0
13021.0 3104.0
13031.0 3100.0
13033.0 3096.0
13039.0 3093.0
13040.0 3091.0
13043.0 3090.0
13046.0 3081.0
13049.0 3080.0
13054.0 3079.0
13055.0 3072.0
13063.0 3070.0
13067.0 3064.0
13072.0 3059.0
13079.0 3057.0
13081.0 3050.0
13085.0 3049.0
13091.0 3048.0
13093.0 3046.0
13097.0 3045.0
13098.0 3042.0
13099.0 3035.0
13104.0 3032.0
13110.0 3026.0
13117.0 3025.0
13122.0 3021.0
13123.0 3016.0
13128.0 3015.0
13129.0 3009.0
13142.0 3008.0
13147.0 2998.0
13148.0 2993.0
13163.0 2992.0
13166.0 2991.0
13167.0 2990.0
13169.0 2985.0
13173.0 2984.0
13182.0 2980.0
13187.0 2974.0
13188.0 2969.0
13192.0 2967.0
13206.0 2961.0
13207.0 2957.0
13221.0 2951.0
13228.0 2947.0
13232.0 2943.0
13243.0 2942.0
13244.0 2935.0
13247.0 2933.0
13258.0 2929.0
13261.0 2927.0
13270.0 2923.0
13272.0 2921.0
13275.0 2920.0
13278.0 2916.0
13280.0 2915.0
13281.0 2911.0
13288.0 2908.0
13289.0 2906.0
13290.0 2902.0
13292.0 2901.0
13296.0 2898.0
13301.0 2892.0
13305.0 2890.0
13307.0 2888.0
13310.0 2885.0
13311.0 2884.0
13313.0 2880.0
13319.0 2878.0
13320.0 2877.0
13322.0 2871.0
13328.0 2867.0
13332.0 2863.0
13338.0 2859.0
13340.0 2857.0
13350.0 2849.0
13357.0 2848.0
13362.0 2843.0
13367.0 2840.0
13377.0 2837.0
13379.0 2834.0
13387.0 2832.0
13391.0 2829.0
13399.0 2826.0
13404.0 2824.0
13414.0 2820.0
13416.0 2819.0
13430.0 2818.0
13435.0 2816.0
13438.0 2815.0
13442.0 2814.0
13443.0 2813.0
13447.0 2811.0
13452.0 2810.0
13453.0 2809.0
13455.0 2808.0
13460.0 2806.0
13465.0 2803.0
13469.0 2800.0
13480.0 2799.0
13482.0 2797.0
13483.0 2794.0
13487.0 2792.0
13494.0 2790.0
13501.0 2788.0
13503.0 2785.0
13512.0 2783.0
13518.0 2782.0
13522.0 2779.0
13537.0 2778.0
13540.0 2776.0
13541.0 2774.0
13545.0 2770.0
13548.0 2767.0
13560.0 2763.0
13563.0 2761.0
13565.0 2759.0
13568.0 2756.0
13577.0 2752.0
13583.0 2750.0
13584.0 2749.0
13588.0 2745.0
13589.0 2744.0
13596.0 2743.0
13598.0 2741.0
13599.0 2739.0
13602.0 2738.0
13604.0 2734.0
13607.0 2733.0
13616.0 2732.0
13619.0 2728.0
13622.0 2727.0
13624.0 2723.0
13627.0 2722.0
13642.0 2719.0
13645.0 2718.0
13648.0 2716.0
13651.0 2713.0
13654.0 2712.0
13664.0 2708.0
13667.0 2707.0
13677.0 2706.0
13690.0 2701.0
13693.0 2698.0
13699.0 2696.0
13721.0 2693.0
13722.0 2689.0
13725.0 2687.0
13730.0 2686.0
13741.0 2681.0
13746.0 2679.0
13749.0 2677.0
13767.0 2672.0
13772.0 2671.0
13782.0 2668.0
13791.0 2662.0
13831.0 2659.0
13853.0 2657.0
13856.0 2656.0
13859.0 2651.0
13881.0 2649.0
13889.0 2643.0
13895.0 2641.0
13917.0 2639.0
13939.0 2638.0
14123.0 2637.0
14139.0 2634.0
14141.0 2633.0
14157.0 2630.0
14163.0 2627.0
14181.0 2624.0
