29716.0 11770.0
29717.0 11766.0
29718.0 11746.0
29719.0 11742.0
29722.0 11739.0
29723.0 11735.0
29724.0 11715.0
29725.0 11711.0
29730.0 11710.0
29731.0 11704.0
29732.0 11691.0
29733.0 11687.0
29736.0 11681.0
29737.0 11677.0
29738.0 11660.0
29739.0 11656.0
29742.0 11650.0
29743.0 11646.0
29744.0 11638.0
29745.0 11634.0
29746.0 11626.0
29747.0 11616.0
29748.0 11607.0
29749.0 11603.0
29750.0 11597.0
29751.0 11588.0
29752.0 11584.0
29754.0 11576.0
29755.0 11572.0
29756.0 11566.0
29757.0 11557.0
29758.0 11553.0
29760.0 11548.0
29762.0 11538.0
29763.0 11529.0
29765.0 11526.0
29768.0 11503.0
29770.0 11499.0
29771.0 11497.0
29772.0 11487.0
29774.0 11468.0
29776.0 11462.0
29777.0 11449.0
29779.0 11445.0
29780.0 11437.0
29782.0 11431.0
29783.0 11418.0
29785.0 11414.0
29786.0 11412.0
29787.0 11402.0
29789.0 11398.0
29790.0 11396.0
29792.0 11391.0
29794.0 11387.0
29795.0 11385.0
29796.0 11379.0
29798.0 11375.0
29799.0 11373.0
29801.0 11369.0
29806.0 11363.0
29807.0 11361.0
29808.0 11350.0
29809.0 11347.0
29810.0 11336.0
29811.0 11331.0
29812.0 11326.0
29813.0 11317.0
29815.0 11307.0
29819.0 11300.0
29821.0 11290.0
29823.0 11285.0
29824.0 11280.0
29825.0 11271.0
29827.0 11261.0
29829.0 11257.0
29831.0 11256.0
29833.0 11250.0
29835.0 11240.0
29837.0 11236.0
29839.0 11235.0
29841.0 11231.0
29842.0 11229.0
29844.0 11219.0
29846.0 11215.0
29848.0 11214.0
29849.0 11212.0
29850.0 11210.0
29852.0 11208.0
29854.0 11205.0
29855.0 11201.0
29856.0 11195.0
29858.0 11191.0
29860.0 11189.0
29861.0 11187.0
29863.0 11180.0
29865.0 11178.0
29867.0 11172.0
29869.0 11168.0
29872.0 11159.0
29874.0 11157.0
29878.0 11150.0
29880.0 11149.0
29881.0 11147.0
29883.0 11146.0
29884.0 11140.0
29887.0 11138.0
29888.0 11135.0
29889.0 11126.0
29892.0 11125.0
29894.0 11124.0
29896.0 11117.0
29898.0 11105.0
29903.0 11103.0
29906.0 11102.0
29909.0 11094.0
29911.0 11093.0
29912.0 11089.0
29913.0 11084.0
29918.0 11082.0
29919.0 11080.0
29921.0 11079.0
29922.0 11072.0
29927.0 11068.0
29933.0 11064.0
29934.0 11058.0
29938.0 11057.0
29939.0 11053.0
29943.0 11047.0
29945.0 11046.0
29948.0 11043.0
29950.0 11042.0
29951.0 11041.0
29954.0 11035.0
29955.0 11033.0
29957.0 11026.0
29958.0 11024.0
29963.0 11022.0
29964.0 11015.0
29969.0 11011.0
29970.0 11010.0
29974.0 11007.0
29975.0 11005.0
29976.0 11001.0
29981.0 10996.0
29986.0 10992.0
29991.0 10990.0
29993.0 10985.0
29998.0 10983.0
29999.0 10982.0
30000.0 10981.0
30002.0 10980.0
30004.0 10976.0
30005.0 10971.0
30010.0 10966.0
30013.0 10965.0
30014.0 10963.0
30019.0 10961.0
30020.0 10954.0
30025.0 10950.0
30030.0 10948.0
30033.0 10946.0
30034.0 10944.0
30036.0 10943.0
30038.0 10941.0
30039.0 10939.0
30040.0 10935.0
30044.0 10934.0
30045.0 10931.0
30048.0 10929.0
30049.0 10924.0
30054.0 10922.0
30059.0 10919.0
30060.0 10916.0
30064.0 10915.0
30065.0 10912.0
30066.0 10910.0
30068.0 10909.0
30069.0 10905.0
30074.0 10903.0
30076.0 10895.0
30079.0 10894.0
30080.0 10892.0
30083.0 10883.0
30085.0 10880.0
30086.0 10870.0
30089.0 10869.0
30092.0 10861.0
30094.0 10849.0
30097.0 10848.0
30102.0 10841.0
30105.0 10839.0
30108.0 10836.0
30111.0 10835.0
30112.0 10833.0
30113.0 10831.0
30116.0 10827.0
30117.0 10822.0
30118.0 10821.0
30120.0 10813.0
30123.0 10812.0
30126.0 10802.0
30129.0 10801.0
30134.0 10794.0
30137.0 10793.0
30140.0 10792.0
30141.0 10789.0
30144.0 10785.0
30147.0 10784.0
30148.0 10780.0
30149.0 10775.0
30152.0 10766.0
30155.0 10765.0
30160.0 10758.0
30162.0 10756.0
30165.0 10755.0
30170.0 10748.0
30173.0 10747.0
30175.0 10746.0
30178.0 10745.0
30179.0 10741.0
30182.0 10735.0
30186.0 10731.0
30190.0 10726.0
30191.0 10724.0
30194.0 10722.0
30196.0 10720.0
30198.0 10710.0
30201.0 10709.0
30202.0 10706.0
30205.0 10705.0
30207.0 10699.0
30210.0 10698.0
30214.0 10688.0
30218.0 10684.0
30223.0 10677.0
30228.0 10676.0
30231.0 10675.0
30233.0 10673.0
30235.0 10671.0
30236.0 10665.0
30239.0 10664.0
30243.0 10663.0
30244.0 10660.0
30245.0 10659.0
30248.0 10656.0
30249.0 10655.0
30250.0 10653.0
30252.0 10643.0
30257.0 10642.0
30264.0 10637.0
30265.0 10634.0
30267.0 10632.0
30270.0 10631.0
30275.0 10626.0
30277.0 10622.0
30283.0 10614.0
30295.0 10608.0
30300.0 10605.0
30301.0 10602.0
30306.0 10597.0
30312.0 10593.0
30318.0 10585.0
30330.0 10579.0
30335.0 10576.0
30337.0 10572.0
30341.0 10568.0
30343.0 10564.0
30353.0 10562.0
30355.0 10558.0
30359.0 10557.0
30360.0 10556.0
30363.0 10554.0
30366.0 10552.0
30368.0 10549.0
30370.0 10548.0
30372.0 10544.0
30380.0 10543.0
30382.0 10540.0
30384.0 10536.0
30392.0 10533.0
30393.0 10528.0
30401.0 10523.0
30405.0 10522.0
30408.0 10519.0
30412.0 10517.0
30413.0 10516.0
30414.0 10511.0
30415.0 10508.0
30416.0 10506.0
30420.0 10502.0
30423.0 10495.0
30430.0 10491.0
30433.0 10489.0
30434.0 10487.0
30437.0 10485.0
30438.0 10478.0
30442.0 10474.0
30449.0 10470.0
30454.0 10465.0
30455.0 10461.0
30459.0 10457.0
30466.0 10455.0
30469.0 10450.0
30471.0 10448.0
30473.0 10446.0
30475.0 10444.0
30477.0 10443.0
30479.0 10441.0
30481.0 10439.0
30486.0 10433.0
30490.0 10429.0
30494.0 10426.0
30501.0 10423.0
30505.0 10422.0
30506.0 10421.0
30507.0 10420.0
30508.0 10415.0
30512.0 10411.0
30516.0 10408.0
30522.0 10405.0
30525.0 10404.0
30526.0 10403.0
30529.0 10400.0
30533.0 10395.0
30536.0 10394.0
30537.0 10391.0
30540.0 10390.0
30541.0 10388.0
30544.0 10387.0
30547.0 10386.0
30548.0 10385.0
30550.0 10384.0
30551.0 10382.0
30555.0 10377.0
30559.0 10373.0
30563.0 10370.0
30568.0 10369.0
30570.0 10368.0
30572.0 10366.0
30573.0 10365.0
30576.0 10362.0
30579.0 10361.0
30580.0 10359.0
30583.0 10358.0
30587.0 10356.0
30589.0 10353.0
30591.0 10352.0
30593.0 10349.0
30594.0 10348.0
30597.0 10346.0
30598.0 10344.0
30602.0 10341.0
30610.0 10339.0
30611.0 10335.0
30615.0 10331.0
30619.0 10328.0
30626.0 10326.0
30629.0 10323.0
30632.0 10321.0
30635.0 10318.0
30639.0 10314.0
30644.0 10313.0
30647.0 10310.0
30649.0 10309.0
30652.0 10306.0
30653.0 10304.0
30657.0 10302.0
30660.0 10293.0
30671.0 10290.0
30672.0 10287.0
30675.0 10286.0
30680.0 10285.0
30681.0 10284.0
30683.0 10283.0
30685.0 10281.0
30688.0 10278.0
30689.0 10276.0
30696.0 10265.0
30709.0 10264.0
30711.0 10258.0
30717.0 10256.0
30719.0 10251.0
30724.0 10250.0
30728.0 10240.0
30736.0 10239.0
30738.0 10235.0
30740.0 10229.0
30750.0 10224.0
30754.0 10223.0
30756.0 10222.0
30761.0 10216.0
30766.0 10214.0
30767.0 10212.0
30771.0 10211.0
30773.0 10210.0
30776.0 10209.0
30777.0 10200.0
30787.0 10195.0
30795.0 10192.0
30798.0 10187.0
30800.0 10185.0
30807.0 10181.0
30810.0 10180.0
30817.0 10176.0
30821.0 10172.0
30826.0 10170.0
30828.0 10168.0
30830.0 10166.0
30836.0 10165.0
30838.0 10163.0
30840.0 10158.0
30850.0 10153.0
30856.0 10151.0
30861.0 10145.0
30866.0 10143.0
30871.0 10140.0
30876.0 10138.0
30887.0 10135.0
30896.0 10134.0
30898.0 10133.0
30901.0 10132.0
30904.0 10131.0
30906.0 10129.0
30909.0 10125.0
30914.0 10123.0
30919.0 10120.0
30923.0 10119.0
30924.0 10118.0
30928.0 10117.0
30933.0 10114.0
30937.0 10112.0
30942.0 10110.0
30947.0 10107.0
30952.0 10105.0
30960.0 10104.0
30963.0 10102.0
30969.0 10100.0
30975.0 10097.0
30980.0 10095.0
30983.0 10094.0
30985.0 10092.0
30990.0 10089.0
30995.0 10088.0
30997.0 10087.0
30998.0 10084.0
31000.0 10081.0
31001.0 10079.0
31006.0 10077.0
31008.0 10076.0
31009.0 10073.0
31011.0 10070.0
31012.0 10068.0
31019.0 10063.0
31022.0 10060.0
31027.0 10058.0
31028.0 10057.0
31030.0 10052.0
31042.0 10048.0
31046.0 10044.0
31054.0 10043.0
31055.0 10042.0
31056.0 10038.0
31058.0 10036.0
31062.0 10035.0
31065.0 10034.0
31067.0 10032.0
31068.0 10028.0
31070.0 10026.0
31073.0 10024.0
31079.0 10022.0
31085.0 10021.0
31086.0 10018.0
31089.0 10017.0
31095.0 10015.0
31096.0 10012.0
31099.0 10010.0
31102.0 10009.0
31106.0 10004.0
31110.0 10000.0
31113.0 9998.0
31123.0 9997.0
31125.0 9995.0
31130.0 9994.0
31131.0 9993.0
31134.0 9992.0
31135.0 9991.0
31136.0 9986.0
31139.0 9984.0
31146.0 9983.0
31147.0 9982.0
31148.0 9980.0
31150.0 9979.0
31152.0 9976.0
31156.0 9974.0
31162.0 9973.0
31163.0 9972.0
31168.0 9967.0
31175.0 9963.0
31178.0 9962.0
31182.0 9960.0
31186.0 9958.0
31192.0 9955.0
31195.0 9949.0
31202.0 9947.0
31211.0 9943.0
31212.0 9942.0
31216.0 9940.0
31223.0 9938.0
31229.0 9934.0
31231.0 9929.0
31238.0 9927.0
31248.0 9922.0
31252.0 9920.0
31253.0 9918.0
31259.0 9917.0
31260.0 9916.0
31263.0 9915.0
31264.0 9914.0
31268.0 9912.0
31275.0 9910.0
31276.0 9908.0
31277.0 9903.0
31284.0 9901.0
31300.0 9892.0
31307.0 9890.0
31320.0 9889.0
31325.0 9887.0
31329.0 9884.0
31331.0 9882.0
31338.0 9880.0
31342.0 9879.0
31348.0 9876.0
31355.0 9873.0
31371.0 9871.0
31373.0 9868.0
31379.0 9866.0
31386.0 9864.0
31396.0 9857.0
31413.0 9854.0
31420.0 9853.0
31421.0 9850.0
31428.0 9849.0
31433.0 9847.0
31436.0 9843.0
31443.0 9842.0
31444.0 9839.0
31446.0 9838.0
31450.0 9837.0
31455.0 9835.0
31462.0 9834.0
31464.0 9832.0
31469.0 9826.0
31476.0 9824.0
31477.0 9822.0
31487.0 9821.0
31492.0 9815.0
31499.0 9813.0
31500.0 9811.0
31511.0 9810.0
31517.0 9808.0
31518.0 9806.0
31525.0 9801.0
31533.0 9800.0
31539.0 9799.0
31540.0 9797.0
31541.0 9795.0
31552.0 9794.0
31555.0 9793.0
31561.0 9790.0
31572.0 9789.0
31580.0 9783.0
31588.0 9779.0
31599.0 9778.0
31608.0 9776.0
31612.0 9774.0
31613.0 9772.0
31623.0 9770.0
31624.0 9769.0
31625.0 9765.0
31636.0 9762.0
31641.0 9760.0
31648.0 9754.0
31653.0 9753.0
31659.0 9751.0
31664.0 9750.0
31676.0 9742.0
31687.0 9739.0
31699.0 9737.0
31705.0 9735.0
31716.0 9732.0
31728.0 9730.0
31736.0 9729.0
31752.0 9727.0
31760.0 9726.0
31763.0 9724.0
31778.0 9723.0
31783.0 9721.0
31787.0 9717.0
31795.0 9714.0
31806.0 9711.0
31818.0 9709.0
31826.0 9708.0
31842.0 9706.0
31851.0 9705.0
31853.0 9703.0
31873.0 9700.0
31958.0 9699.0
31963.0 9698.0
31966.0 9696.0
31971.0 9695.0
31974.0 9694.0
31999.0 9691.0
32038.0 9690.0
32048.0 9689.0
32124.0 9688.0
32131.0 9686.0
32136.0 9684.0
32143.0 9682.0
32151.0 9681.0
32155.0 9680.0
32157.0 9677.0
32164.0 9675.0
32169.0 9673.0
32176.0 9671.0
32184.0 9670.0
32188.0 9669.0
32193.0 9668.0
32195.0 9667.0
32200.0 9666.0
32205.0 9664.0
32212.0 9662.0
32220.0 9661.0
32224.0 9660.0
32231.0 9658.0
32239.0 9657.0
32246.0 9656.0
32253.0 9654.0
32261.0 9653.0
32271.0 9652.0
32279.0 9651.0
32310.0 9650.0
32516.0 9649.0
32528.0 9646.0
32529.0 9645.0
32533.0 9644.0
32536.0 9643.0
32540.0 9640.0
32553.0 9638.0
32560.0 9634.0
32570.0 9632.0
32577.0 9631.0
32580.0 9629.0
32586.0 9627.0
32594.0 9623.0
32605.0 9621.0
32606.0 9620.0
32611.0 9618.0
32618.0 9614.0
32636.0 9613.0
32645.0 9612.0
32646.0 9610.0
32664.0 9609.0
32673.0 9608.0
32675.0 9607.0
32689.0 9605.0
32695.0 9604.0
32713.0 9603.0
32717.0 9601.0
32723.0 9600.0
32739.0 9599.0
32746.0 9598.0
32747.0 9597.0
32758.0 9594.0
32769.0 9593.0
32785.0 9592.0
32786.0 9590.0
32797.0 9589.0
32813.0 9588.0
32821.0 9587.0
32834.0 9586.0
32849.0 9583.0
32867.0 9582.0
