409.0 1407.0
410.0 1383.0
411.0 1367.0
412.0 1362.0
413.0 1355.0
414.0 1339.0
415.0 1330.0
416.0 1254.0
417.0 1241.0
418.0 1216.0
420.0 1194.0
422.0 1177.0
424.0 1165.0
426.0 1161.0
427.0 1155.0
428.0 1149.0
429.0 1143.0
430.0 1141.0
431.0 1139.0
432.0 1137.0
433.0 1127.0
434.0 1126.0
435.0 1123.0
436.0 1122.0
437.0 1121.0
438.0 1116.0
439.0 1115.0
440.0 1113.0
441.0 1111.0
442.0 1109.0
443.0 1108.0
444.0 1103.0
445.0 1097.0
446.0 1092.0
448.0 1091.0
449.0 1086.0
451.0 1085.0
452.0 1083.0
454.0 1077.0
456.0 1076.0
457.0 1070.0
459.0 1069.0
460.0 1067.0
462.0 1062.0
463.0 1057.0
465.0 1053.0
468.0 1050.0
469.0 1047.0
472.0 1040.0
475.0 1038.0
476.0 1035.0
478.0 1032.0
479.0 1029.0
481.0 1025.0
483.0 1022.0
484.0 1019.0
485.0 1018.0
487.0 1012.0
491.0 1011.0
492.0 1006.0
497.0 1005.0
499.0 1003.0
502.0 998.0
506.0 994.0
509.0 991.0
510.0 990.0
512.0 984.0
514.0 982.0
518.0 977.0
520.0 976.0
524.0 971.0
541.0 970.0
543.0 967.0
552.0 965.0
559.0 964.0
