97.0 1167.0
99.0 1147.0
101.0 1127.0
103.0 1101.0
104.0 1093.0
105.0 1069.0
107.0 1055.0
109.0 1039.0
110.0 1036.0
111.0 1025.0
113.0 1011.0
114.0 1008.0
115.0 997.0
116.0 995.0
117.0 983.0
119.0 970.0
121.0 959.0
123.0 952.0
124.0 944.0
125.0 940.0
126.0 936.0
127.0 932.0
128.0 927.0
129.0 926.0
130.0 919.0
132.0 913.0
134.0 907.0
136.0 901.0
138.0 898.0
139.0 892.0
141.0 886.0
143.0 883.0
145.0 878.0
147.0 875.0
149.0 870.0
151.0 867.0
152.0 866.0
153.0 865.0
155.0 860.0
156.0 858.0
157.0 857.0
159.0 854.0
161.0 851.0
163.0 847.0
166.0 845.0
167.0 841.0
