5382.0 741.0
5383.0 732.0
5384.0 728.0
5387.0 727.0
5388.0 723.0
5389.0 721.0
5391.0 708.0
5397.0 697.0
5400.0 685.0
5401.0 679.0
5405.0 656.0
5409.0 650.0
5425.0 649.0
5426.0 646.0
5429.0 638.0
5437.0 627.0
5440.0 618.0
5442.0 610.0
5446.0 605.0
5455.0 602.0
5459.0 597.0
5482.0 596.0
5488.0 590.0
5491.0 583.0
5493.0 579.0
5497.0 574.0
5512.0 571.0
5516.0 566.0
5539.0 564.0
5547.0 561.0
5564.0 560.0
5570.0 559.0
5580.0 558.0
5584.0 556.0
5595.0 555.0
5607.0 554.0
5617.0 553.0
5624.0 551.0
5627.0 550.0
5634.0 548.0
5640.0 547.0
5646.0 541.0
5654.0 538.0
5659.0 537.0
5663.0 534.0
5667.0 532.0
5676.0 530.0
5686.0 529.0
5688.0 527.0
5693.0 525.0
5703.0 522.0
5710.0 521.0
5714.0 520.0
5719.0 518.0
5731.0 516.0
5762.0 512.0
5781.0 511.0
5802.0 510.0
5849.0 506.0
5887.0 505.0
