15297.0 3921.0
15301.0 3904.0
15310.0 3895.0
15316.0 3885.0
15317.0 3881.0
15321.0 3864.0
15332.0 3857.0
15334.0 3847.0
15338.0 3843.0
15341.0 3836.0
15344.0 3834.0
15346.0 3833.0
15347.0 3822.0
15353.0 3815.0
15355.0 3814.0
15362.0 3809.0
15365.0 3796.0
15371.0 3795.0
15373.0 3794.0
15375.0 3786.0
15378.0 3776.0
15388.0 3774.0
15389.0 3773.0
15390.0 3772.0
15392.0 3763.0
15395.0 3754.0
15403.0 3752.0
15407.0 3750.0
15409.0 3741.0
15415.0 3738.0
15420.0 3730.0
15424.0 3728.0
15427.0 3725.0
15429.0 3722.0
15430.0 3720.0
15432.0 3715.0
15433.0 3714.0
15434.0 3706.0
15435.0 3704.0
15436.0 3701.0
15437.0 3699.0
15438.0 3692.0
15440.0 3687.0
15443.0 3683.0
15445.0 3680.0
15446.0 3679.0
15448.0 3676.0
15449.0 3672.0
15452.0 3666.0
15455.0 3662.0
15457.0 3661.0
15458.0 3658.0
15460.0 3653.0
15461.0 3652.0
15463.0 3647.0
15466.0 3643.0
15469.0 3639.0
15472.0 3633.0
15475.0 3629.0
15479.0 3627.0
15483.0 3623.0
15486.0 3620.0
15487.0 3617.0
15489.0 3616.0
15490.0 3613.0
15494.0 3611.0
15496.0 3609.0
15497.0 3607.0
15502.0 3606.0
15503.0 3603.0
15504.0 3601.0
15508.0 3599.0
15509.0 3594.0
15511.0 3592.0
15517.0 3588.0
15518.0 3585.0
15523.0 3581.0
15524.0 3579.0
15526.0 3578.0
15527.0 3577.0
15529.0 3576.0
15531.0 3570.0
15533.0 3569.0
15538.0 3566.0
15539.0 3565.0
15541.0 3562.0
15545.0 3556.0
15547.0 3555.0
15549.0 3554.0
15550.0 3551.0
15552.0 3550.0
15553.0 3549.0
15555.0 3548.0
15557.0 3546.0
15558.0 3545.0
15559.0 3543.0
15561.0 3541.0
15563.0 3540.0
15565.0 3535.0
15566.0 3534.0
15568.0 3533.0
15570.0 3532.0
15572.0 3526.0
15574.0 3525.0
15580.0 3522.0
15583.0 3519.0
15585.0 3518.0
15588.0 3514.0
15589.0 3513.0
15592.0 3511.0
15595.0 3506.0
15597.0 3505.0
15603.0 3501.0
15605.0 3500.0
15606.0 3499.0
15607.0 3494.0
15609.0 3493.0
15615.0 3490.0
15618.0 3487.0
15620.0 3486.0
15624.0 3484.0
15626.0 3483.0
15628.0 3479.0
15630.0 3478.0
15633.0 3477.0
15636.0 3475.0
15637.0 3474.0
15639.0 3471.0
15642.0 3469.0
15643.0 3468.0
15645.0 3465.0
15648.0 3463.0
15651.0 3459.0
15654.0 3457.0
15659.0 3453.0
15665.0 3447.0
15670.0 3446.0
15672.0 3444.0
15673.0 3443.0
15675.0 3442.0
15680.0 3438.0
15686.0 3432.0
15691.0 3431.0
15694.0 3428.0
15698.0 3424.0
15701.0 3422.0
15706.0 3420.0
15709.0 3418.0
15712.0 3412.0
15717.0 3411.0
15720.0 3408.0
15725.0 3407.0
15730.0 3404.0
15735.0 3403.0
15744.0 3401.0
15746.0 3394.0
15751.0 3393.0
15760.0 3391.0
15764.0 3384.0
15768.0 3383.0
15775.0 3379.0
15779.0 3378.0
15784.0 3375.0
15788.0 3373.0
15789.0 3370.0
15792.0 3369.0
15794.0 3364.0
15797.0 3363.0
15798.0 3362.0
15802.0 3360.0
15805.0 3359.0
15808.0 3353.0
15811.0 3352.0
15819.0 3348.0
15821.0 3343.0
15824.0 3342.0
15832.0 3338.0
15835.0 3337.0
15841.0 3334.0
15842.0 3332.0
15845.0 3331.0
15851.0 3329.0
15854.0 3328.0
15856.0 3324.0
15859.0 3323.0
15860.0 3322.0
15863.0 3321.0
15864.0 3320.0
15865.0 3318.0
15866.0 3317.0
15869.0 3316.0
15870.0 3315.0
15872.0 3314.0
15873.0 3312.0
15875.0 3309.0
15878.0 3308.0
15881.0 3307.0
15883.0 3305.0
15885.0 3304.0
15886.0 3302.0
15889.0 3298.0
15892.0 3297.0
15900.0 3293.0
15902.0 3288.0
15905.0 3287.0
15913.0 3283.0
15918.0 3281.0
15922.0 3279.0
15923.0 3278.0
15927.0 3276.0
15930.0 3272.0
15937.0 3267.0
15943.0 3262.0
15950.0 3257.0
15957.0 3254.0
15966.0 3253.0
15971.0 3250.0
15973.0 3248.0
15978.0 3247.0
15980.0 3245.0
15992.0 3244.0
15994.0 3242.0
16000.0 3241.0
16001.0 3239.0
16003.0 3236.0
16005.0 3234.0
16023.0 3233.0
16025.0 3231.0
16040.0 3230.0
16042.0 3227.0
16044.0 3224.0
16052.0 3223.0
16053.0 3221.0
16055.0 3219.0
16065.0 3215.0
16077.0 3213.0
16086.0 3211.0
16089.0 3207.0
16099.0 3203.0
16115.0 3200.0
16120.0 3199.0
16132.0 3197.0
16142.0 3193.0
16169.0 3192.0
16177.0 3188.0
16184.0 3186.0
16192.0 3185.0
16198.0 3184.0
16199.0 3183.0
16205.0 3182.0
16213.0 3181.0
16214.0 3178.0
16228.0 3177.0
16235.0 3174.0
16243.0 3170.0
16250.0 3168.0
16259.0 3167.0
16264.0 3166.0
16266.0 3165.0
16271.0 3164.0
16414.0 3163.0
16419.0 3162.0
16427.0 3161.0
16446.0 3159.0
16451.0 3158.0
16459.0 3157.0
16482.0 3156.0
16501.0 3154.0
16506.0 3153.0
16514.0 3152.0
