24712.0 7910.0
24713.0 7897.0
24715.0 7886.0
24717.0 7880.0
24718.0 7879.0
24719.0 7869.0
24720.0 7868.0
24721.0 7862.0
24723.0 7856.0
24724.0 7851.0
24725.0 7845.0
24728.0 7828.0
24729.0 7814.0
24731.0 7803.0
24733.0 7797.0
24735.0 7786.0
24736.0 7509.0
24738.0 7486.0
24741.0 7453.0
24744.0 7447.0
24745.0 7443.0
24750.0 7436.0
24753.0 7429.0
24757.0 7425.0
24760.0 7421.0
24761.0 7415.0
24765.0 7414.0
24766.0 7406.0
24770.0 7405.0
24771.0 7394.0
24773.0 7385.0
24778.0 7379.0
24782.0 7373.0
24786.0 7372.0
24787.0 7369.0
24788.0 7363.0
24789.0 7360.0
24790.0 7356.0
24794.0 7353.0
24795.0 7350.0
24799.0 7344.0
24803.0 7336.0
24805.0 7334.0
24806.0 7331.0
24810.0 7326.0
24814.0 7322.0
24815.0 7302.0
24822.0 7286.0
24828.0 7274.0
24831.0 7271.0
24835.0 7258.0
24839.0 7226.0
24847.0 7218.0
24868.0 7206.0
24869.0 7202.0
24871.0 7179.0
24878.0 7175.0
24880.0 7156.0
24890.0 7154.0
24893.0 7147.0
24898.0 7144.0
24900.0 7133.0
24907.0 7121.0
24917.0 7119.0
24920.0 7112.0
24921.0 7108.0
24927.0 7098.0
24937.0 7095.0
24939.0 7092.0
24940.0 7089.0
24941.0 7085.0
24951.0 7083.0
24952.0 7081.0
24953.0 7079.0
24954.0 7076.0
24956.0 7073.0
24957.0 7071.0
24959.0 7069.0
24961.0 7062.0
24968.0 7058.0
24970.0 7055.0
24974.0 7053.0
24976.0 7050.0
24977.0 7046.0
24980.0 7040.0
24981.0 7038.0
24983.0 7036.0
24986.0 7031.0
24992.0 7025.0
25000.0 7017.0
25003.0 7013.0
25006.0 7012.0
25009.0 7006.0
25012.0 7002.0
25021.0 6995.0
25025.0 6993.0
25027.0 6986.0
25028.0 6983.0
25030.0 6979.0
25031.0 6976.0
25035.0 6970.0
25036.0 6963.0
25039.0 6956.0
25045.0 6952.0
25053.0 6947.0
25056.0 6942.0
25059.0 6940.0
25061.0 6935.0
25064.0 6928.0
25070.0 6921.0
25081.0 6914.0
25086.0 6912.0
25087.0 6907.0
25092.0 6905.0
25100.0 6902.0
25101.0 6900.0
25104.0 6893.0
25110.0 6886.0
25116.0 6885.0
25121.0 6879.0
25126.0 6877.0
25127.0 6872.0
25132.0 6865.0
25138.0 6858.0
25149.0 6851.0
25154.0 6849.0
25155.0 6844.0
25160.0 6842.0
25166.0 6836.0
25170.0 6831.0
25180.0 6829.0
25182.0 6828.0
25183.0 6822.0
25187.0 6817.0
25192.0 6815.0
25193.0 6814.0
25197.0 6809.0
25205.0 6808.0
25207.0 6807.0
25208.0 6799.0
25213.0 6797.0
25214.0 6795.0
25220.0 6790.0
25228.0 6783.0
25231.0 6776.0
25234.0 6774.0
25240.0 6772.0
25242.0 6769.0
25247.0 6767.0
25251.0 6758.0
25254.0 6751.0
25263.0 6747.0
25266.0 6746.0
25274.0 6740.0
25278.0 6736.0
25285.0 6732.0
25288.0 6730.0
25291.0 6725.0
25293.0 6724.0
25296.0 6722.0
25297.0 6719.0
25303.0 6712.0
25308.0 6709.0
25309.0 6708.0
25311.0 6707.0
25313.0 6705.0
25314.0 6702.0
25317.0 6700.0
25319.0 6698.0
25329.0 6696.0
25331.0 6693.0
25334.0 6692.0
25335.0 6691.0
25337.0 6689.0
25345.0 6688.0
25346.0 6684.0
25351.0 6682.0
25353.0 6678.0
25357.0 6676.0
25359.0 6671.0
25369.0 6667.0
25371.0 6666.0
25375.0 6661.0
25378.0 6658.0
25383.0 6657.0
25384.0 6656.0
25387.0 6654.0
25389.0 6649.0
25395.0 6645.0
25397.0 6644.0
25398.0 6642.0
25403.0 6639.0
25406.0 6636.0
25415.0 6631.0
25421.0 6627.0
25424.0 6625.0
25430.0 6624.0
25434.0 6623.0
25436.0 6620.0
25445.0 6618.0
25447.0 6617.0
25453.0 6615.0
25456.0 6613.0
25460.0 6609.0
25468.0 6603.0
25480.0 6601.0
25485.0 6599.0
25493.0 6598.0
25496.0 6594.0
25497.0 6593.0
25499.0 6592.0
25500.0 6591.0
25508.0 6588.0
25509.0 6587.0
25517.0 6585.0
25526.0 6583.0
25528.0 6578.0
25529.0 6577.0
25537.0 6575.0
25545.0 6574.0
25546.0 6573.0
25552.0 6571.0
25558.0 6568.0
25570.0 6567.0
25574.0 6566.0
25576.0 6565.0
25583.0 6564.0
25584.0 6560.0
25586.0 6557.0
25595.0 6555.0
25603.0 6551.0
25608.0 6548.0
25615.0 6547.0
25618.0 6545.0
25619.0 6543.0
25621.0 6542.0
25622.0 6540.0
25632.0 6537.0
25634.0 6534.0
25646.0 6532.0
25647.0 6528.0
25648.0 6526.0
25661.0 6520.0
25673.0 6519.0
25676.0 6516.0
25683.0 6515.0
25684.0 6514.0
25687.0 6511.0
25690.0 6509.0
25694.0 6507.0
25699.0 6505.0
25711.0 6504.0
25712.0 6503.0
25713.0 6497.0
25717.0 6495.0
25729.0 6493.0
25734.0 6491.0
25738.0 6489.0
25743.0 6487.0
25749.0 6486.0
25754.0 6485.0
25757.0 6479.0
25761.0 6477.0
25779.0 6474.0
25783.0 6472.0
25788.0 6471.0
25793.0 6468.0
25798.0 6467.0
25802.0 6465.0
25808.0 6464.0
25813.0 6463.0
25817.0 6462.0
25821.0 6460.0
25829.0 6459.0
25840.0 6457.0
25848.0 6454.0
25850.0 6453.0
25854.0 6451.0
25858.0 6450.0
25862.0 6448.0
25874.0 6447.0
25881.0 6445.0
25889.0 6442.0
25900.0 6440.0
25905.0 6438.0
25907.0 6436.0
25911.0 6434.0
25916.0 6433.0
25918.0 6430.0
25923.0 6428.0
25926.0 6424.0
25933.0 6420.0
25938.0 6418.0
25947.0 6416.0
25949.0 6411.0
25958.0 6410.0
25963.0 6407.0
25972.0 6403.0
25973.0 6402.0
25981.0 6395.0
25995.0 6391.0
26009.0 6387.0
26022.0 6386.0
26025.0 6383.0
26036.0 6382.0
26039.0 6379.0
26050.0 6378.0
26055.0 6376.0
26065.0 6375.0
26066.0 6374.0
26067.0 6373.0
26075.0 6372.0
26080.0 6369.0
26089.0 6366.0
26091.0 6364.0
26101.0 6362.0
26103.0 6360.0
26112.0 6359.0
26115.0 6357.0
26117.0 6355.0
26125.0 6353.0
26127.0 6351.0
26142.0 6350.0
26145.0 6348.0
26147.0 6346.0
26155.0 6344.0
26157.0 6342.0
26170.0 6341.0
26172.0 6340.0
26173.0 6338.0
26180.0 6337.0
26183.0 6335.0
26186.0 6334.0
26191.0 6330.0
26200.0 6329.0
26201.0 6326.0
26210.0 6325.0
26215.0 6321.0
26225.0 6317.0
26245.0 6313.0
26255.0 6309.0
26281.0 6305.0
26291.0 6301.0
26313.0 6298.0
26323.0 6294.0
26341.0 6291.0
26351.0 6287.0
26370.0 6286.0
26371.0 6283.0
26381.0 6279.0
26406.0 6278.0
26407.0 6275.0
26417.0 6271.0
26439.0 6268.0
26449.0 6264.0
26473.0 6263.0
26478.0 6262.0
26487.0 6261.0
26488.0 6258.0
26512.0 6257.0
26524.0 6256.0
26526.0 6255.0
26527.0 6254.0
26550.0 6251.0
26563.0 6250.0
26588.0 6248.0
26589.0 6247.0
26602.0 6246.0
26625.0 6243.0
26656.0 6242.0
26663.0 6240.0
26664.0 6239.0
26701.0 6238.0
26717.0 6236.0
26718.0 6235.0
26753.0 6234.0
