76.0 108.0
62.0 146.0
62.0 146.0
76.0 108.0
67.0 124.0
65.0 134.0
64.0 136.0
69.0 122.0
73.0 109.0
70.0 116.0
67.0 124.0
64.0 136.0
65.0 134.0
71.0 115.0
72.0 112.0
72.0 112.0
69.0 122.0
73.0 109.0
70.0 116.0
71.0 115.0
62.0 146.0
76.0 108.0
67.0 124.0
64.0 136.0
65.0 134.0
72.0 112.0
69.0 122.0
73.0 109.0
70.0 116.0
71.0 115.0
76.0 108.0
62.0 146.0
67.0 124.0
64.0 136.0
65.0 134.0
72.0 112.0
69.0 122.0
73.0 109.0
70.0 116.0
71.0 115.0
62.0 146.0
76.0 108.0
67.0 124.0
64.0 136.0
65.0 134.0
72.0 112.0
69.0 122.0
73.0 109.0
70.0 116.0
71.0 115.0
76.0 108.0
62.0 146.0
67.0 124.0
64.0 136.0
65.0 134.0
72.0 112.0
69.0 122.0
73.0 109.0
70.0 116.0
71.0 115.0
76.0 108.0
62.0 146.0
67.0 124.0
64.0 136.0
65.0 134.0
72.0 112.0
69.0 122.0
73.0 109.0
70.0 116.0
71.0 115.0
62.0 146.0
76.0 108.0
67.0 124.0
64.0 136.0
65.0 134.0
72.0 112.0
69.0 122.0
73.0 109.0
70.0 116.0
71.0 115.0
62.0 146.0
76.0 108.0
67.0 124.0
64.0 136.0
65.0 134.0
72.0 112.0
69.0 122.0
73.0 109.0
70.0 116.0
71.0 115.0
76.0 108.0
62.0 146.0
67.0 124.0
64.0 136.0
65.0 134.0
72.0 112.0
69.0 122.0
73.0 109.0
70.0 116.0
71.0 115.0
