78.0 99.0
53.0 166.0
53.0 166.0
78.0 99.0
74.0 103.0
60.0 134.0
61.0 126.0
66.0 117.0
67.0 112.0
58.0 144.0
54.0 160.0
54.0 160.0
55.0 154.0
59.0 138.0
73.0 105.0
69.0 111.0
71.0 107.0
64.0 118.0
74.0 103.0
59.0 138.0
62.0 124.0
56.0 152.0
57.0 148.0
57.0 148.0
60.0 134.0
58.0 144.0
63.0 120.0
61.0 126.0
55.0 154.0
71.0 107.0
63.0 120.0
70.0 109.0
56.0 152.0
73.0 105.0
62.0 124.0
70.0 109.0
67.0 112.0
64.0 118.0
69.0 111.0
66.0 117.0
53.0 166.0
78.0 99.0
54.0 160.0
74.0 103.0
59.0 138.0
60.0 134.0
57.0 148.0
58.0 144.0
61.0 126.0
55.0 154.0
71.0 107.0
63.0 120.0
56.0 152.0
73.0 105.0
70.0 109.0
62.0 124.0
67.0 112.0
64.0 118.0
69.0 111.0
66.0 117.0
53.0 166.0
78.0 99.0
54.0 160.0
74.0 103.0
59.0 138.0
60.0 134.0
57.0 148.0
58.0 144.0
61.0 126.0
55.0 154.0
71.0 107.0
63.0 120.0
73.0 105.0
62.0 124.0
70.0 109.0
56.0 152.0
67.0 112.0
64.0 118.0
69.0 111.0
66.0 117.0
53.0 166.0
78.0 99.0
54.0 160.0
74.0 103.0
59.0 138.0
57.0 148.0
60.0 134.0
58.0 144.0
61.0 126.0
55.0 154.0
71.0 107.0
63.0 120.0
56.0 152.0
73.0 105.0
62.0 124.0
70.0 109.0
67.0 112.0
64.0 118.0
69.0 111.0
66.0 117.0
