188.0 390.0
150.0 507.0
188.0 390.0
150.0 507.0
180.0 394.0
187.0 392.0
172.0 410.0
158.0 462.0
151.0 496.0
177.0 400.0
166.0 428.0
156.0 472.0
158.0 462.0
160.0 448.0
154.0 486.0
155.0 477.0
180.0 394.0
175.0 406.0
164.0 440.0
168.0 426.0
156.0 472.0
159.0 454.0
170.0 421.0
162.0 444.0
162.0 444.0
165.0 435.0
171.0 417.0
177.0 400.0
159.0 454.0
168.0 426.0
155.0 477.0
153.0 491.0
154.0 486.0
170.0 421.0
165.0 435.0
172.0 410.0
160.0 448.0
176.0 404.0
175.0 406.0
171.0 417.0
164.0 440.0
151.0 496.0
152.0 493.0
166.0 428.0
152.0 493.0
187.0 392.0
153.0 491.0
176.0 404.0
150.0 507.0
188.0 390.0
158.0 462.0
180.0 394.0
156.0 472.0
162.0 444.0
177.0 400.0
159.0 454.0
168.0 426.0
155.0 477.0
154.0 486.0
170.0 421.0
165.0 435.0
172.0 410.0
160.0 448.0
175.0 406.0
164.0 440.0
171.0 417.0
151.0 496.0
166.0 428.0
152.0 493.0
176.0 404.0
187.0 392.0
153.0 491.0
150.0 507.0
188.0 390.0
158.0 462.0
180.0 394.0
156.0 472.0
162.0 444.0
177.0 400.0
159.0 454.0
168.0 426.0
155.0 477.0
165.0 435.0
154.0 486.0
170.0 421.0
172.0 410.0
160.0 448.0
171.0 417.0
164.0 440.0
175.0 406.0
151.0 496.0
166.0 428.0
152.0 493.0
187.0 392.0
153.0 491.0
176.0 404.0
188.0 390.0
150.0 507.0
158.0 462.0
180.0 394.0
