459.0 767.0
509.0 625.0
459.0 767.0
509.0 625.0
505.0 627.0
495.0 631.0
486.0 637.0
464.0 737.0
465.0 721.0
491.0 635.0
505.0 627.0
481.0 649.0
485.0 646.0
460.0 759.0
462.0 750.0
471.0 691.0
467.0 713.0
463.0 743.0
468.0 706.0
472.0 684.0
495.0 631.0
484.0 647.0
463.0 743.0
469.0 701.0
474.0 675.0
470.0 695.0
464.0 737.0
475.0 669.0
468.0 706.0
472.0 684.0
478.0 664.0
480.0 654.0
479.0 659.0
461.0 755.0
462.0 750.0
469.0 701.0
480.0 654.0
473.0 679.0
479.0 659.0
493.0 633.0
493.0 633.0
491.0 635.0
465.0 721.0
460.0 759.0
470.0 695.0
473.0 679.0
466.0 717.0
461.0 755.0
466.0 717.0
467.0 713.0
471.0 691.0
474.0 675.0
476.0 668.0
477.0 665.0
486.0 637.0
481.0 649.0
484.0 647.0
475.0 669.0
477.0 665.0
485.0 646.0
478.0 664.0
476.0 668.0
459.0 767.0
509.0 625.0
505.0 627.0
495.0 631.0
463.0 743.0
464.0 737.0
468.0 706.0
472.0 684.0
462.0 750.0
469.0 701.0
480.0 654.0
479.0 659.0
493.0 633.0
491.0 635.0
465.0 721.0
460.0 759.0
470.0 695.0
473.0 679.0
471.0 691.0
461.0 755.0
467.0 713.0
474.0 675.0
466.0 717.0
486.0 637.0
481.0 649.0
484.0 647.0
475.0 669.0
477.0 665.0
485.0 646.0
478.0 664.0
476.0 668.0
509.0 625.0
459.0 767.0
505.0 627.0
495.0 631.0
463.0 743.0
464.0 737.0
468.0 706.0
