340.0 1093.0
434.0 828.0
434.0 828.0
340.0 1093.0
396.0 843.0
418.0 840.0
341.0 1083.0
342.0 1051.0
360.0 929.0
381.0 876.0
347.0 1019.0
348.0 1004.0
427.0 833.0
360.0 929.0
364.0 919.0
364.0 919.0
432.0 829.0
343.0 1045.0
344.0 1033.0
389.0 858.0
385.0 874.0
356.0 952.0
350.0 987.0
351.0 976.0
357.0 941.0
380.0 884.0
420.0 838.0
348.0 1004.0
358.0 939.0
341.0 1083.0
349.0 994.0
372.0 904.0
352.0 969.0
424.0 837.0
352.0 969.0
354.0 960.0
388.0 864.0
394.0 849.0
354.0 960.0
392.0 857.0
351.0 976.0
349.0 994.0
386.0 871.0
350.0 987.0
388.0 864.0
374.0 897.0
366.0 915.0
368.0 911.0
432.0 829.0
370.0 907.0
366.0 915.0
368.0 911.0
342.0 1051.0
344.0 1033.0
394.0 849.0
393.0 855.0
343.0 1045.0
345.0 1027.0
396.0 843.0
370.0 907.0
426.0 836.0
386.0 871.0
418.0 840.0
372.0 904.0
375.0 896.0
376.0 891.0
355.0 955.0
358.0 939.0
378.0 887.0
427.0 833.0
345.0 1027.0
346.0 1023.0
347.0 1019.0
346.0 1023.0
420.0 838.0
374.0 897.0
424.0 837.0
355.0 955.0
378.0 887.0
380.0 884.0
356.0 952.0
381.0 876.0
357.0 941.0
376.0 891.0
377.0 889.0
377.0 889.0
393.0 855.0
385.0 874.0
389.0 858.0
392.0 857.0
426.0 836.0
375.0 896.0
340.0 1093.0
434.0 828.0
360.0 929.0
364.0 919.0
348.0 1004.0
341.0 1083.0
352.0 969.0
354.0 960.0
