527.0 1338.0
610.0 1059.0
610.0 1059.0
527.0 1338.0
534.0 1296.0
528.0 1336.0
575.0 1139.0
532.0 1299.0
572.0 1140.0
535.0 1281.0
571.0 1151.0
565.0 1164.0
536.0 1279.0
531.0 1313.0
529.0 1322.0
537.0 1265.0
530.0 1315.0
594.0 1098.0
586.0 1114.0
560.0 1192.0
606.0 1066.0
563.0 1175.0
581.0 1124.0
601.0 1084.0
547.0 1235.0
589.0 1108.0
539.0 1261.0
557.0 1204.0
556.0 1205.0
548.0 1229.0
544.0 1240.0
550.0 1226.0
603.0 1077.0
568.0 1156.0
577.0 1129.0
541.0 1254.0
584.0 1116.0
576.0 1131.0
600.0 1085.0
597.0 1089.0
565.0 1164.0
567.0 1160.0
563.0 1175.0
529.0 1322.0
606.0 1066.0
561.0 1185.0
582.0 1121.0
587.0 1111.0
542.0 1252.0
561.0 1185.0
604.0 1073.0
543.0 1246.0
558.0 1199.0
562.0 1179.0
590.0 1102.0
559.0 1193.0
543.0 1246.0
602.0 1078.0
605.0 1067.0
584.0 1116.0
591.0 1101.0
582.0 1121.0
595.0 1095.0
555.0 1210.0
596.0 1090.0
558.0 1199.0
551.0 1221.0
592.0 1100.0
546.0 1236.0
569.0 1155.0
579.0 1125.0
544.0 1240.0
597.0 1089.0
562.0 1179.0
569.0 1155.0
554.0 1214.0
600.0 1085.0
546.0 1236.0
567.0 1160.0
604.0 1073.0
555.0 1210.0
571.0 1151.0
540.0 1257.0
548.0 1229.0
587.0 1111.0
540.0 1257.0
552.0 1219.0
595.0 1095.0
589.0 1108.0
553.0 1216.0
578.0 1126.0
550.0 1226.0
535.0 1281.0
537.0 1265.0
576.0 1131.0
538.0 1263.0
533.0 1298.0
592.0 1100.0
551.0 1221.0
553.0 1216.0
