1180.0 367.0
1454.0 290.0
1180.0 367.0
1454.0 290.0
1220.0 345.0
1216.0 355.0
1260.0 330.0
1374.0 300.0
1426.0 291.0
1284.0 327.0
1254.0 340.0
1238.0 341.0
1352.0 301.0
1204.0 361.0
1406.0 292.0
1298.0 320.0
1216.0 355.0
1278.0 329.0
1198.0 363.0
1304.0 316.0
1386.0 297.0
1426.0 291.0
1256.0 336.0
1238.0 341.0
1322.0 313.0
1298.0 320.0
1400.0 296.0
1284.0 327.0
1198.0 363.0
1336.0 308.0
1204.0 361.0
1220.0 345.0
1256.0 336.0
1324.0 312.0
1386.0 297.0
1336.0 308.0
1324.0 312.0
1374.0 300.0
1304.0 316.0
1350.0 303.0
1342.0 307.0
1344.0 305.0
1322.0 313.0
1402.0 294.0
1300.0 318.0
1278.0 329.0
1344.0 305.0
1402.0 294.0
1300.0 318.0
1350.0 303.0
1260.0 330.0
1406.0 292.0
1352.0 301.0
1342.0 307.0
1400.0 296.0
1254.0 340.0
1180.0 367.0
1454.0 290.0
1216.0 355.0
1426.0 291.0
1238.0 341.0
1298.0 320.0
1284.0 327.0
1198.0 363.0
1204.0 361.0
1220.0 345.0
1256.0 336.0
1386.0 297.0
1336.0 308.0
1374.0 300.0
1324.0 312.0
1304.0 316.0
1322.0 313.0
1278.0 329.0
1344.0 305.0
1402.0 294.0
1300.0 318.0
1350.0 303.0
1260.0 330.0
1406.0 292.0
1352.0 301.0
1254.0 340.0
1342.0 307.0
1400.0 296.0
1454.0 290.0
1180.0 367.0
1216.0 355.0
1426.0 291.0
1238.0 341.0
1298.0 320.0
1284.0 327.0
1198.0 363.0
1204.0 361.0
1220.0 345.0
1256.0 336.0
1386.0 297.0
1336.0 308.0
1374.0 300.0
1324.0 312.0
1304.0 316.0
