1449.0 344.0
1747.0 240.0
1449.0 344.0
1747.0 240.0
1471.0 316.0
1655.0 248.0
1466.0 326.0
1457.0 332.0
1689.0 247.0
1455.0 342.0
1471.0 316.0
1725.0 242.0
1630.0 250.0
1700.0 244.0
1489.0 306.0
1655.0 248.0
1725.0 242.0
1521.0 289.0
1489.0 306.0
1621.0 256.0
1606.0 260.0
1534.0 287.0
1563.0 275.0
1540.0 283.0
1466.0 326.0
1576.0 272.0
1600.0 264.0
1491.0 303.0
1457.0 332.0
1576.0 272.0
1600.0 264.0
1515.0 294.0
1593.0 269.0
1606.0 260.0
1557.0 279.0
1551.0 281.0
1625.0 252.0
1589.0 270.0
1621.0 256.0
1563.0 275.0
1509.0 298.0
1502.0 301.0
1511.0 295.0
1521.0 289.0
1540.0 283.0
1695.0 246.0
1557.0 279.0
1534.0 287.0
1551.0 281.0
1700.0 244.0
1630.0 250.0
1593.0 269.0
1625.0 252.0
1589.0 270.0
1689.0 247.0
1503.0 300.0
1515.0 294.0
1695.0 246.0
1491.0 303.0
1509.0 298.0
1455.0 342.0
1503.0 300.0
1502.0 301.0
1511.0 295.0
1449.0 344.0
1747.0 240.0
1471.0 316.0
1655.0 248.0
1725.0 242.0
1489.0 306.0
1466.0 326.0
1457.0 332.0
1576.0 272.0
1600.0 264.0
1606.0 260.0
1621.0 256.0
1563.0 275.0
1521.0 289.0
1540.0 283.0
1551.0 281.0
1534.0 287.0
1557.0 279.0
1630.0 250.0
1700.0 244.0
1593.0 269.0
1625.0 252.0
1589.0 270.0
1515.0 294.0
1689.0 247.0
1695.0 246.0
1491.0 303.0
1455.0 342.0
1509.0 298.0
1503.0 300.0
1502.0 301.0
1511.0 295.0
1449.0 344.0
1747.0 240.0
1471.0 316.0
1655.0 248.0
