8014.0 1240.0
8593.0 914.0
8014.0 1240.0
8593.0 914.0
8537.0 931.0
8029.0 1194.0
8032.0 1169.0
8496.0 932.0
8022.0 1209.0
8569.0 920.0
8021.0 1229.0
8209.0 1029.0
8249.0 1017.0
8059.0 1134.0
8253.0 1009.0
8355.0 977.0
8340.0 980.0
8456.0 943.0
8221.0 1027.0
8029.0 1194.0
8592.0 917.0
8549.0 925.0
8022.0 1209.0
8469.0 936.0
8150.0 1069.0
8438.0 945.0
8119.0 1100.0
8049.0 1146.0
8184.0 1045.0
8085.0 1112.0
8049.0 1146.0
8097.0 1105.0
8132.0 1092.0
8158.0 1067.0
8330.0 987.0
8039.0 1158.0
8070.0 1131.0
8566.0 924.0
8174.0 1057.0
8161.0 1061.0
8071.0 1127.0
8085.0 1112.0
8074.0 1120.0
8135.0 1086.0
8318.0 992.0
8437.0 950.0
8409.0 958.0
8032.0 1169.0
8382.0 967.0
8303.0 995.0
8190.0 1043.0
8044.0 1155.0
8320.0 989.0
8411.0 955.0
8306.0 994.0
8367.0 970.0
8203.0 1037.0
8145.0 1075.0
8097.0 1105.0
8240.0 1021.0
8280.0 1000.0
8228.0 1023.0
8124.0 1094.0
8469.0 936.0
8139.0 1083.0
8292.0 998.0
8484.0 933.0
8074.0 1120.0
8484.0 933.0
8145.0 1075.0
8178.0 1051.0
8456.0 943.0
8392.0 962.0
8270.0 1004.0
8110.0 1101.0
8059.0 1134.0
8198.0 1041.0
8359.0 973.0
8110.0 1101.0
8178.0 1051.0
8292.0 998.0
8261.0 1006.0
8496.0 932.0
8549.0 925.0
8537.0 931.0
8280.0 1000.0
8270.0 1004.0
8020.0 1233.0
8367.0 970.0
8336.0 984.0
8020.0 1233.0
8203.0 1037.0
8386.0 963.0
8426.0 951.0
8240.0 1021.0
8039.0 1158.0
8399.0 961.0
8419.0 952.0
8399.0 961.0
8261.0 1006.0
