16285.0 3207.0
15363.0 3877.0
16285.0 3207.0
15363.0 3877.0
15437.0 3745.0
15442.0 3704.0
15898.0 3291.0
16104.0 3228.0
15460.0 3652.0
15760.0 3355.0
15849.0 3312.0
15943.0 3289.0
15493.0 3557.0
16199.0 3213.0
15546.0 3482.0
15975.0 3282.0
15371.0 3849.0
15895.0 3298.0
15839.0 3321.0
15988.0 3272.0
15725.0 3362.0
15702.0 3378.0
15957.0 3283.0
15503.0 3537.0
15526.0 3509.0
15775.0 3340.0
15481.0 3578.0
15795.0 3331.0
15566.0 3458.0
16040.0 3250.0
15607.0 3428.0
16130.0 3227.0
16157.0 3218.0
15869.0 3303.0
16063.0 3245.0
15622.0 3425.0
15389.0 3820.0
16082.0 3234.0
15481.0 3578.0
15531.0 3494.0
16018.0 3256.0
15639.0 3398.0
15447.0 3683.0
16227.0 3210.0
15473.0 3598.0
15466.0 3613.0
15659.0 3389.0
15425.0 3756.0
15442.0 3704.0
15502.0 3555.0
16259.0 3208.0
15395.0 3801.0
15413.0 3772.0
15402.0 3785.0
15378.0 3833.0
15623.0 3412.0
15822.0 3325.0
16225.0 3212.0
16183.0 3217.0
15587.0 3445.0
15681.0 3384.0
15462.0 3633.0
15638.0 3409.0
15371.0 3849.0
15413.0 3772.0
15462.0 3633.0
15453.0 3667.0
16259.0 3208.0
15473.0 3598.0
16157.0 3218.0
16130.0 3227.0
15795.0 3331.0
15395.0 3801.0
15583.0 3453.0
15681.0 3384.0
15587.0 3445.0
15775.0 3340.0
16082.0 3234.0
15425.0 3756.0
15447.0 3683.0
15550.0 3474.0
15869.0 3303.0
15659.0 3389.0
16038.0 3255.0
15453.0 3667.0
15722.0 3369.0
15705.0 3371.0
15999.0 3267.0
15550.0 3474.0
15522.0 3517.0
15507.0 3529.0
16063.0 3245.0
15999.0 3267.0
15822.0 3325.0
15402.0 3785.0
15378.0 3833.0
15466.0 3613.0
15760.0 3355.0
15607.0 3428.0
15389.0 3820.0
