19563.0 5739.0
20852.0 4852.0
19563.0 5739.0
20852.0 4852.0
19799.0 5301.0
19736.0 5373.0
19657.0 5467.0
19585.0 5644.0
20773.0 4856.0
20532.0 4905.0
20651.0 4879.0
19740.0 5354.0
20191.0 5014.0
19594.0 5598.0
20080.0 5063.0
19909.0 5204.0
20310.0 4958.0
19963.0 5153.0
19821.0 5262.0
19704.0 5388.0
20280.0 4969.0
19936.0 5186.0
19767.0 5341.0
20122.0 5037.0
20364.0 4942.0
19676.0 5424.0
20166.0 5017.0
20043.0 5091.0
20148.0 5025.0
19768.0 5318.0
20689.0 4877.0
20485.0 4907.0
20310.0 4958.0
19913.0 5192.0
19669.0 5436.0
20104.0 5056.0
19881.0 5219.0
20626.0 4887.0
20224.0 4993.0
20364.0 4942.0
20445.0 4913.0
20588.0 4896.0
20072.0 5084.0
20240.0 4983.0
19602.0 5550.0
19699.0 5416.0
19703.0 5411.0
19949.0 5175.0
19572.0 5660.0
20273.0 4977.0
19564.0 5738.0
19565.0 5708.0
19881.0 5219.0
19641.0 5493.0
19619.0 5514.0
19979.0 5149.0
20208.0 4995.0
19601.0 5575.0
19817.0 5274.0
20588.0 4896.0
20399.0 4929.0
20814.0 4853.0
19594.0 5598.0
20814.0 4853.0
19844.0 5247.0
19567.0 5684.0
19859.0 5234.0
19994.0 5130.0
20064.0 5085.0
20725.0 4869.0
20390.0 4938.0
20030.0 5102.0
20007.0 5119.0
20626.0 4887.0
20007.0 5119.0
20030.0 5102.0
20429.0 4918.0
19566.0 5707.0
19859.0 5234.0
19844.0 5247.0
19777.0 5308.0
19619.0 5514.0
19641.0 5493.0
19613.0 5529.0
20696.0 4872.0
20558.0 4903.0
19571.0 5682.0
19817.0 5274.0
20748.0 4862.0
19601.0 5575.0
20558.0 4903.0
19613.0 5529.0
19585.0 5644.0
20429.0 4918.0
19647.0 5478.0
20748.0 4862.0
19602.0 5550.0
20469.0 4912.0
19994.0 5130.0
19949.0 5175.0
