28.0 118.0
28.0 118.0
19.0 144.0
19.0 144.0
19.0 144.0
19.0 144.0
19.0 144.0
19.0 144.0
19.0 144.0
19.0 144.0
17.0 155.0
21.0 137.0
21.0 137.0
21.0 137.0
23.0 129.0
23.0 129.0
21.0 137.0
23.0 129.0
23.0 129.0
27.0 123.0
27.0 123.0
24.0 128.0
24.0 128.0
17.0 155.0
27.0 123.0
21.0 137.0
23.0 129.0
27.0 123.0
17.0 155.0
19.0 144.0
27.0 123.0
25.0 126.0
18.0 152.0
27.0 123.0
23.0 129.0
17.0 155.0
27.0 123.0
18.0 152.0
18.0 152.0
18.0 152.0
17.0 155.0
24.0 128.0
18.0 152.0
25.0 126.0
18.0 152.0
27.0 123.0
27.0 123.0
25.0 126.0
22.0 131.0
21.0 137.0
24.0 128.0
27.0 123.0
24.0 128.0
23.0 129.0
18.0 152.0
18.0 152.0
25.0 126.0
22.0 131.0
25.0 126.0
24.0 128.0
17.0 155.0
22.0 131.0
21.0 137.0
21.0 137.0
23.0 129.0
28.0 118.0
25.0 126.0
21.0 137.0
22.0 131.0
24.0 128.0
17.0 155.0
22.0 131.0
27.0 123.0
22.0 131.0
18.0 152.0
17.0 155.0
22.0 131.0
25.0 126.0
18.0 152.0
21.0 137.0
24.0 128.0
25.0 126.0
17.0 155.0
17.0 155.0
22.0 131.0
19.0 144.0
22.0 131.0
22.0 131.0
17.0 155.0
21.0 137.0
25.0 126.0
23.0 129.0
25.0 126.0
22.0 131.0
24.0 128.0
18.0 152.0
23.0 129.0
24.0 128.0
25.0 126.0
19.0 144.0
