116.0 200.0
124.0 155.0
124.0 155.0
116.0 200.0
124.0 155.0
128.0 146.0
128.0 146.0
124.0 155.0
118.0 184.0
118.0 184.0
116.0 200.0
118.0 184.0
117.0 190.0
117.0 190.0
128.0 146.0
129.0 145.0
114.0 214.0
121.0 166.0
121.0 166.0
126.0 150.0
120.0 177.0
117.0 190.0
114.0 214.0
129.0 145.0
128.0 146.0
120.0 177.0
126.0 150.0
126.0 150.0
117.0 190.0
115.0 203.0
127.0 149.0
119.0 182.0
129.0 145.0
120.0 177.0
115.0 203.0
119.0 182.0
119.0 182.0
120.0 177.0
119.0 182.0
127.0 149.0
127.0 149.0
116.0 200.0
119.0 182.0
118.0 184.0
115.0 203.0
118.0 184.0
115.0 203.0
114.0 214.0
120.0 177.0
124.0 155.0
128.0 146.0
128.0 146.0
127.0 149.0
114.0 214.0
114.0 214.0
115.0 203.0
117.0 190.0
117.0 190.0
120.0 177.0
121.0 166.0
120.0 177.0
129.0 145.0
124.0 155.0
126.0 150.0
117.0 190.0
118.0 184.0
118.0 184.0
132.0 144.0
132.0 144.0
129.0 145.0
124.0 155.0
132.0 144.0
121.0 166.0
122.0 161.0
126.0 150.0
126.0 150.0
115.0 203.0
122.0 161.0
122.0 161.0
121.0 166.0
116.0 200.0
122.0 161.0
132.0 144.0
116.0 200.0
121.0 166.0
119.0 182.0
132.0 144.0
127.0 149.0
114.0 214.0
132.0 144.0
129.0 145.0
121.0 166.0
122.0 161.0
115.0 203.0
132.0 144.0
122.0 161.0
122.0 161.0
114.0 214.0
116.0 200.0
127.0 149.0
