57.0 135.0
57.0 135.0
57.0 135.0
48.0 165.0
48.0 165.0
57.0 135.0
57.0 135.0
59.0 129.0
47.0 166.0
59.0 129.0
48.0 165.0
48.0 165.0
50.0 149.0
57.0 135.0
59.0 129.0
55.0 138.0
50.0 149.0
48.0 165.0
50.0 149.0
59.0 129.0
50.0 149.0
57.0 135.0
59.0 129.0
59.0 129.0
55.0 138.0
48.0 165.0
57.0 135.0
55.0 138.0
50.0 149.0
49.0 158.0
59.0 129.0
55.0 138.0
55.0 138.0
48.0 165.0
52.0 146.0
49.0 158.0
52.0 146.0
59.0 129.0
49.0 158.0
49.0 158.0
55.0 138.0
47.0 166.0
48.0 165.0
57.0 135.0
55.0 138.0
53.0 140.0
47.0 166.0
53.0 140.0
49.0 158.0
51.0 148.0
52.0 146.0
49.0 158.0
51.0 148.0
51.0 148.0
51.0 148.0
47.0 166.0
53.0 140.0
52.0 146.0
53.0 140.0
51.0 148.0
50.0 149.0
51.0 148.0
52.0 146.0
52.0 146.0
52.0 146.0
49.0 158.0
59.0 129.0
49.0 158.0
49.0 158.0
47.0 166.0
53.0 140.0
55.0 138.0
47.0 166.0
48.0 165.0
50.0 149.0
51.0 148.0
50.0 149.0
50.0 149.0
59.0 129.0
47.0 166.0
51.0 148.0
53.0 140.0
55.0 138.0
52.0 146.0
47.0 166.0
53.0 140.0
47.0 166.0
53.0 140.0
49.0 158.0
55.0 138.0
52.0 146.0
57.0 135.0
51.0 148.0
50.0 149.0
52.0 146.0
51.0 148.0
48.0 165.0
47.0 166.0
53.0 140.0
53.0 140.0
