20.0 192.0
20.0 192.0
20.0 192.0
20.0 192.0
20.0 192.0
20.0 192.0
19.0 198.0
33.0 146.0
20.0 192.0
33.0 146.0
20.0 192.0
19.0 198.0
19.0 198.0
20.0 192.0
33.0 146.0
21.0 170.0
21.0 170.0
21.0 170.0
19.0 198.0
20.0 192.0
19.0 198.0
20.0 192.0
27.0 154.0
19.0 198.0
27.0 154.0
19.0 198.0
21.0 170.0
21.0 170.0
27.0 154.0
21.0 170.0
33.0 146.0
27.0 154.0
27.0 154.0
33.0 146.0
27.0 154.0
27.0 154.0
21.0 170.0
25.0 158.0
20.0 192.0
20.0 192.0
33.0 146.0
25.0 158.0
19.0 198.0
27.0 154.0
33.0 146.0
21.0 170.0
25.0 158.0
33.0 146.0
21.0 170.0
27.0 154.0
33.0 146.0
19.0 198.0
25.0 158.0
25.0 158.0
19.0 198.0
21.0 170.0
25.0 158.0
25.0 158.0
19.0 198.0
19.0 198.0
25.0 158.0
23.0 161.0
21.0 170.0
20.0 192.0
23.0 161.0
23.0 161.0
23.0 161.0
33.0 146.0
21.0 170.0
33.0 146.0
27.0 154.0
33.0 146.0
25.0 158.0
27.0 154.0
23.0 161.0
19.0 198.0
27.0 154.0
23.0 161.0
25.0 158.0
27.0 154.0
33.0 146.0
27.0 154.0
19.0 198.0
21.0 170.0
25.0 158.0
23.0 161.0
23.0 161.0
23.0 161.0
21.0 170.0
21.0 170.0
25.0 158.0
23.0 161.0
33.0 146.0
23.0 161.0
23.0 161.0
23.0 161.0
25.0 158.0
25.0 158.0
23.0 161.0
33.0 146.0
