397.0 592.0
413.0 509.0
395.0 596.0
395.0 596.0
395.0 596.0
397.0 592.0
413.0 509.0
413.0 509.0
408.0 529.0
392.0 636.0
408.0 529.0
397.0 592.0
392.0 636.0
392.0 636.0
408.0 529.0
408.0 529.0
397.0 592.0
408.0 529.0
391.0 646.0
395.0 596.0
403.0 560.0
409.0 519.0
395.0 596.0
413.0 509.0
395.0 596.0
404.0 544.0
392.0 636.0
404.0 544.0
403.0 560.0
405.0 534.0
403.0 560.0
399.0 574.0
397.0 592.0
407.0 531.0
399.0 574.0
403.0 560.0
399.0 574.0
391.0 646.0
411.0 516.0
407.0 531.0
402.0 565.0
390.0 668.0
405.0 534.0
391.0 646.0
391.0 646.0
402.0 565.0
402.0 565.0
399.0 574.0
409.0 519.0
411.0 516.0
403.0 560.0
404.0 544.0
393.0 614.0
390.0 668.0
409.0 519.0
411.0 516.0
392.0 636.0
404.0 544.0
399.0 574.0
409.0 519.0
399.0 574.0
393.0 614.0
391.0 646.0
411.0 516.0
402.0 565.0
390.0 668.0
393.0 614.0
390.0 668.0
400.0 568.0
403.0 560.0
411.0 516.0
392.0 636.0
393.0 614.0
397.0 592.0
400.0 568.0
407.0 531.0
407.0 531.0
413.0 509.0
400.0 568.0
405.0 534.0
405.0 534.0
409.0 519.0
413.0 509.0
400.0 568.0
407.0 531.0
409.0 519.0
404.0 544.0
390.0 668.0
402.0 565.0
390.0 668.0
391.0 646.0
400.0 568.0
402.0 565.0
393.0 614.0
405.0 534.0
411.0 516.0
400.0 568.0
404.0 544.0
405.0 534.0
393.0 614.0
