23.0 711.0
23.0 711.0
37.0 650.0
23.0 711.0
29.0 676.0
37.0 650.0
36.0 652.0
23.0 711.0
29.0 676.0
35.0 660.0
31.0 663.0
28.0 678.0
31.0 663.0
23.0 711.0
29.0 676.0
36.0 652.0
31.0 663.0
28.0 678.0
29.0 676.0
25.0 696.0
29.0 676.0
22.0 742.0
25.0 696.0
37.0 650.0
26.0 684.0
28.0 678.0
36.0 652.0
31.0 663.0
35.0 660.0
26.0 684.0
27.0 682.0
22.0 742.0
30.0 665.0
25.0 696.0
23.0 711.0
25.0 696.0
26.0 684.0
35.0 660.0
26.0 684.0
27.0 682.0
30.0 665.0
35.0 660.0
28.0 678.0
23.0 711.0
28.0 678.0
28.0 678.0
36.0 652.0
37.0 650.0
37.0 650.0
30.0 665.0
29.0 676.0
24.0 698.0
31.0 663.0
22.0 742.0
26.0 684.0
25.0 696.0
25.0 696.0
24.0 698.0
26.0 684.0
24.0 698.0
25.0 696.0
24.0 698.0
27.0 682.0
31.0 663.0
27.0 682.0
23.0 711.0
27.0 682.0
37.0 650.0
35.0 660.0
27.0 682.0
28.0 678.0
36.0 652.0
25.0 696.0
22.0 742.0
22.0 742.0
36.0 652.0
26.0 684.0
26.0 684.0
24.0 698.0
35.0 660.0
30.0 665.0
30.0 665.0
24.0 698.0
37.0 650.0
30.0 665.0
24.0 698.0
24.0 698.0
29.0 676.0
35.0 660.0
22.0 742.0
37.0 650.0
27.0 682.0
36.0 652.0
22.0 742.0
31.0 663.0
29.0 676.0
30.0 665.0
30.0 665.0
22.0 742.0
35.0 660.0
