494.0 1024.0
484.0 1033.0
484.0 1033.0
491.0 1025.0
434.0 1285.0
462.0 1089.0
491.0 1025.0
432.0 1295.0
440.0 1162.0
460.0 1094.0
480.0 1041.0
463.0 1082.0
451.0 1120.0
432.0 1295.0
457.0 1100.0
491.0 1025.0
435.0 1186.0
477.0 1045.0
443.0 1151.0
435.0 1186.0
446.0 1142.0
480.0 1041.0
435.0 1186.0
477.0 1045.0
461.0 1092.0
434.0 1285.0
463.0 1082.0
434.0 1285.0
448.0 1134.0
475.0 1050.0
477.0 1045.0
457.0 1100.0
455.0 1106.0
463.0 1082.0
440.0 1162.0
453.0 1114.0
457.0 1100.0
471.0 1058.0
451.0 1120.0
475.0 1050.0
467.0 1070.0
450.0 1125.0
451.0 1120.0
438.0 1169.0
438.0 1169.0
449.0 1130.0
444.0 1144.0
466.0 1076.0
450.0 1125.0
494.0 1024.0
466.0 1076.0
443.0 1151.0
450.0 1125.0
459.0 1096.0
449.0 1130.0
449.0 1130.0
459.0 1096.0
437.0 1176.0
437.0 1176.0
469.0 1065.0
454.0 1111.0
438.0 1169.0
453.0 1114.0
437.0 1176.0
432.0 1295.0
454.0 1111.0
467.0 1070.0
471.0 1058.0
446.0 1142.0
469.0 1065.0
482.0 1038.0
461.0 1092.0
475.0 1050.0
471.0 1058.0
482.0 1038.0
436.0 1179.0
453.0 1114.0
444.0 1144.0
455.0 1106.0
466.0 1076.0
443.0 1151.0
480.0 1041.0
440.0 1162.0
447.0 1135.0
460.0 1094.0
482.0 1038.0
436.0 1179.0
447.0 1135.0
473.0 1053.0
442.0 1158.0
484.0 1033.0
494.0 1024.0
455.0 1106.0
442.0 1158.0
442.0 1158.0
473.0 1053.0
469.0 1065.0
473.0 1053.0
436.0 1179.0
467.0 1070.0
