417.0 871.0
417.0 871.0
417.0 871.0
420.0 864.0
437.0 844.0
437.0 844.0
423.0 861.0
420.0 864.0
364.0 982.0
424.0 858.0
437.0 844.0
384.0 881.0
382.0 890.0
364.0 982.0
439.0 843.0
423.0 861.0
363.0 987.0
420.0 864.0
373.0 915.0
365.0 963.0
359.0 1026.0
373.0 915.0
382.0 890.0
387.0 873.0
361.0 1002.0
373.0 915.0
379.0 896.0
382.0 890.0
387.0 873.0
369.0 936.0
378.0 898.0
379.0 896.0
359.0 1026.0
386.0 876.0
372.0 927.0
424.0 858.0
375.0 910.0
439.0 843.0
375.0 910.0
439.0 843.0
359.0 1026.0
370.0 932.0
361.0 1002.0
383.0 888.0
384.0 881.0
384.0 881.0
386.0 876.0
431.0 850.0
435.0 845.0
380.0 893.0
386.0 876.0
358.0 1079.0
383.0 888.0
363.0 987.0
361.0 1002.0
385.0 878.0
361.0 1002.0
366.0 958.0
377.0 901.0
380.0 893.0
377.0 901.0
370.0 932.0
423.0 861.0
370.0 932.0
367.0 941.0
367.0 941.0
364.0 982.0
366.0 958.0
379.0 896.0
417.0 871.0
431.0 850.0
358.0 1079.0
375.0 910.0
429.0 852.0
372.0 927.0
431.0 850.0
435.0 845.0
366.0 958.0
372.0 927.0
359.0 1026.0
358.0 1079.0
369.0 936.0
429.0 852.0
373.0 915.0
380.0 893.0
363.0 987.0
385.0 878.0
435.0 845.0
378.0 898.0
424.0 858.0
367.0 941.0
429.0 852.0
365.0 963.0
383.0 888.0
377.0 901.0
387.0 873.0
369.0 936.0
385.0 878.0
378.0 898.0
358.0 1079.0
