3000.0 161.0
2712.0 213.0
2702.0 223.0
2712.0 213.0
2680.0 234.0
2890.0 170.0
2914.0 165.0
2712.0 213.0
2830.0 181.0
2914.0 165.0
2702.0 223.0
2712.0 213.0
2872.0 172.0
2830.0 181.0
2914.0 165.0
2680.0 234.0
2890.0 170.0
2684.0 229.0
2702.0 223.0
2830.0 181.0
2714.0 209.0
2890.0 170.0
2914.0 165.0
2702.0 223.0
2814.0 184.0
2850.0 177.0
2814.0 184.0
2810.0 185.0
2696.0 224.0
2742.0 198.0
2752.0 195.0
2732.0 203.0
2902.0 169.0
2850.0 177.0
2814.0 184.0
2866.0 173.0
2696.0 224.0
2704.0 219.0
2858.0 175.0
2810.0 185.0
2714.0 209.0
2704.0 219.0
2742.0 198.0
2696.0 224.0
2902.0 169.0
2686.0 225.0
2686.0 225.0
2752.0 195.0
2866.0 173.0
2684.0 229.0
2890.0 170.0
2732.0 203.0
2752.0 195.0
2770.0 189.0
2724.0 204.0
2680.0 234.0
2850.0 177.0
2704.0 219.0
2724.0 204.0
2842.0 178.0
2714.0 209.0
2872.0 172.0
2872.0 172.0
2742.0 198.0
2696.0 224.0
2684.0 229.0
2686.0 225.0
2866.0 173.0
2866.0 173.0
2732.0 203.0
2704.0 219.0
2902.0 169.0
2742.0 198.0
2752.0 195.0
2686.0 225.0
2680.0 234.0
2770.0 189.0
2850.0 177.0
2724.0 204.0
2714.0 209.0
2842.0 178.0
2858.0 175.0
2684.0 229.0
2770.0 189.0
2902.0 169.0
2858.0 175.0
2760.0 194.0
2810.0 185.0
2760.0 194.0
2872.0 172.0
2842.0 178.0
2676.0 241.0
2760.0 194.0
2770.0 189.0
2724.0 204.0
2858.0 175.0
2842.0 178.0
2830.0 181.0
2732.0 203.0
2760.0 194.0
