1272.0 269.0
1272.0 269.0
1385.0 248.0
1340.0 257.0
1340.0 257.0
1340.0 257.0
1385.0 248.0
1385.0 248.0
1340.0 257.0
1272.0 269.0
1340.0 257.0
1385.0 248.0
1304.0 264.0
1304.0 264.0
1325.0 259.0
1304.0 264.0
1343.0 255.0
1308.0 260.0
1343.0 255.0
1385.0 248.0
1348.0 254.0
1348.0 254.0
1343.0 255.0
1385.0 248.0
1336.0 258.0
1336.0 258.0
1385.0 248.0
1348.0 254.0
1343.0 255.0
1325.0 259.0
1308.0 260.0
1340.0 257.0
1336.0 258.0
1336.0 258.0
1343.0 255.0
1348.0 254.0
1272.0 269.0
1385.0 248.0
1304.0 264.0
1325.0 259.0
1325.0 259.0
1308.0 260.0
1285.0 265.0
1285.0 265.0
1308.0 260.0
1325.0 259.0
1385.0 248.0
1336.0 258.0
1272.0 269.0
1325.0 259.0
1325.0 259.0
1348.0 254.0
1285.0 265.0
1285.0 265.0
1308.0 260.0
1325.0 259.0
1343.0 255.0
1308.0 260.0
1308.0 260.0
1325.0 259.0
1340.0 257.0
1336.0 258.0
1385.0 248.0
1340.0 257.0
1325.0 259.0
1325.0 259.0
1304.0 264.0
1343.0 255.0
1304.0 264.0
1308.0 260.0
1285.0 265.0
1308.0 260.0
1348.0 254.0
1285.0 265.0
1343.0 255.0
1272.0 269.0
1304.0 264.0
1348.0 254.0
1336.0 258.0
1304.0 264.0
1336.0 258.0
1343.0 255.0
1285.0 265.0
1285.0 265.0
1304.0 264.0
1336.0 258.0
1348.0 254.0
1348.0 254.0
1343.0 255.0
1340.0 257.0
1336.0 258.0
1285.0 265.0
1385.0 248.0
1304.0 264.0
1285.0 265.0
1308.0 260.0
1348.0 254.0
1340.0 257.0
1304.0 264.0
1285.0 265.0
