8354.0 995.0
8147.0 1088.0
8147.0 1088.0
8447.0 991.0
8340.0 998.0
8223.0 1039.0
8303.0 1014.0
8447.0 991.0
8308.0 1013.0
8085.0 1132.0
8260.0 1029.0
8308.0 1013.0
8308.0 1013.0
8179.0 1064.0
8085.0 1132.0
8340.0 998.0
8105.0 1108.0
8179.0 1064.0
8151.0 1080.0
8132.0 1093.0
8151.0 1080.0
8249.0 1031.0
8339.0 999.0
8124.0 1103.0
8354.0 995.0
8260.0 1029.0
8286.0 1020.0
8312.0 1008.0
8151.0 1080.0
8303.0 1014.0
8249.0 1031.0
8312.0 1008.0
8115.0 1104.0
8284.0 1022.0
8143.0 1089.0
8260.0 1029.0
8288.0 1018.0
8325.0 1000.0
8339.0 999.0
8105.0 1108.0
8115.0 1104.0
8369.0 992.0
8183.0 1055.0
8132.0 1093.0
8105.0 1108.0
8447.0 991.0
8221.0 1044.0
8205.0 1047.0
8205.0 1047.0
8183.0 1055.0
8124.0 1103.0
8270.0 1026.0
8341.0 996.0
8143.0 1089.0
8124.0 1103.0
8286.0 1020.0
8164.0 1070.0
8369.0 992.0
8288.0 1018.0
8221.0 1044.0
8234.0 1035.0
8183.0 1055.0
8369.0 992.0
8356.0 994.0
8280.0 1024.0
8221.0 1044.0
8127.0 1098.0
8142.0 1092.0
8223.0 1039.0
8245.0 1033.0
8142.0 1092.0
8293.0 1016.0
8249.0 1031.0
8157.0 1074.0
8223.0 1039.0
8245.0 1033.0
8205.0 1047.0
8234.0 1035.0
8157.0 1074.0
8127.0 1098.0
8280.0 1024.0
8190.0 1051.0
8115.0 1104.0
8164.0 1070.0
8157.0 1074.0
8234.0 1035.0
8132.0 1093.0
8293.0 1016.0
8164.0 1070.0
8190.0 1051.0
8284.0 1022.0
8085.0 1132.0
8312.0 1008.0
8190.0 1051.0
8147.0 1088.0
8245.0 1033.0
8179.0 1064.0
8293.0 1016.0
8127.0 1098.0
8280.0 1024.0
