13136.0 3086.0
13243.0 2990.0
13585.0 2779.0
13432.0 2841.0
13105.0 3155.0
13144.0 3079.0
13172.0 3039.0
13630.0 2773.0
13423.0 2849.0
13542.0 2794.0
13505.0 2807.0
13364.0 2892.0
13231.0 2992.0
13371.0 2891.0
13176.0 3034.0
13384.0 2884.0
13293.0 2958.0
13247.0 2984.0
13460.0 2830.0
13483.0 2814.0
13432.0 2841.0
13329.0 2931.0
13409.0 2861.0
13511.0 2803.0
13619.0 2774.0
13575.0 2786.0
13140.0 3081.0
13297.0 2952.0
13548.0 2790.0
13410.0 2858.0
13321.0 2940.0
13106.0 3137.0
13378.0 2885.0
13148.0 3073.0
13526.0 2799.0
13337.0 2928.0
13120.0 3097.0
13619.0 2774.0
13591.0 2775.0
13217.0 2999.0
13446.0 2838.0
13575.0 2786.0
13206.0 3007.0
13313.0 2944.0
13190.0 3018.0
13483.0 2814.0
13404.0 2865.0
13630.0 2773.0
13283.0 2959.0
13342.0 2920.0
13134.0 3089.0
13256.0 2978.0
13358.0 2899.0
13358.0 2899.0
13348.0 2913.0
13168.0 3051.0
13449.0 2832.0
13426.0 2848.0
13306.0 2949.0
13164.0 3056.0
13403.0 2868.0
13182.0 3029.0
13268.0 2973.0
13324.0 2936.0
13110.0 3132.0
13353.0 2907.0
13554.0 2788.0
13279.0 2965.0
13387.0 2879.0
13389.0 2876.0
13347.0 2914.0
13116.0 3112.0
13295.0 2957.0
13202.0 3012.0
13112.0 3117.0
13124.0 3092.0
13466.0 2823.0
13499.0 2813.0
13227.0 2997.0
13213.0 3004.0
13323.0 2938.0
13395.0 2869.0
13477.0 2821.0
13393.0 2874.0
13160.0 3066.0
13152.0 3068.0
13138.0 3084.0
13412.0 2856.0
13256.0 2978.0
13272.0 2967.0
13457.0 2831.0
13386.0 2883.0
13406.0 2863.0
13526.0 2799.0
13421.0 2855.0
13317.0 2941.0
13466.0 2823.0
13443.0 2839.0
13105.0 3155.0
13186.0 3023.0
