16354.0 3301.0
15707.0 3503.0
15802.0 3430.0
15997.0 3328.0
15533.0 3692.0
15760.0 3461.0
15562.0 3652.0
15665.0 3546.0
15916.0 3362.0
15762.0 3456.0
15815.0 3424.0
16045.0 3326.0
15943.0 3355.0
15677.0 3537.0
16318.0 3311.0
15556.0 3663.0
15829.0 3412.0
15701.0 3507.0
15585.0 3631.0
15523.0 3700.0
15513.0 3712.0
15895.0 3383.0
15540.0 3686.0
15723.0 3482.0
15508.0 3727.0
15688.0 3526.0
15953.0 3346.0
15507.0 3744.0
15668.0 3545.0
15689.0 3517.0
15782.0 3444.0
15674.0 3542.0
15789.0 3439.0
15856.0 3403.0
15751.0 3463.0
15850.0 3406.0
15656.0 3552.0
15899.0 3373.0
15619.0 3590.0
15826.0 3417.0
16122.0 3321.0
15644.0 3562.0
15744.0 3467.0
15960.0 3344.0
16146.0 3319.0
15645.0 3559.0
15592.0 3629.0
15728.0 3481.0
15615.0 3592.0
15764.0 3453.0
15702.0 3504.0
15683.0 3528.0
15857.0 3400.0
15573.0 3648.0
15803.0 3427.0
15595.0 3615.0
15843.0 3407.0
15930.0 3359.0
15640.0 3568.0
16329.0 3309.0
15657.0 3549.0
15606.0 3611.0
15798.0 3433.0
15623.0 3584.0
15783.0 3441.0
15546.0 3675.0
15991.0 3330.0
15870.0 3398.0
15614.0 3595.0
15680.0 3535.0
16371.0 3295.0
15737.0 3477.0
15653.0 3556.0
15842.0 3410.0
15690.0 3514.0
15710.0 3495.0
15636.0 3571.0
15739.0 3473.0
15750.0 3466.0
15722.0 3485.0
15770.0 3452.0
15743.0 3470.0
15574.0 3635.0
15947.0 3348.0
15624.0 3581.0
15878.0 3394.0
15871.0 3395.0
15818.0 3419.0
15711.0 3492.0
15974.0 3341.0
15607.0 3598.0
16165.0 3318.0
15792.0 3434.0
15772.0 3448.0
15756.0 3462.0
15736.0 3480.0
15632.0 3578.0
16316.0 3317.0
15809.0 3426.0
15887.0 3389.0
