521.0 1362.0
522.0 1353.0
523.0 1344.0
524.0 1336.0
525.0 1318.0
526.0 1308.0
527.0 1299.0
528.0 1289.0
529.0 1280.0
530.0 1279.0
531.0 1267.0
532.0 1266.0
534.0 1258.0
535.0 1257.0
536.0 1245.0
537.0 1243.0
539.0 1236.0
540.0 1229.0
541.0 1224.0
542.0 1223.0
543.0 1216.0
544.0 1210.0
545.0 1207.0
547.0 1202.0
549.0 1198.0
550.0 1194.0
551.0 1191.0
552.0 1188.0
553.0 1181.0
554.0 1175.0
555.0 1172.0
556.0 1171.0
557.0 1169.0
558.0 1167.0
559.0 1164.0
560.0 1163.0
561.0 1160.0
562.0 1154.0
563.0 1151.0
564.0 1147.0
566.0 1146.0
567.0 1143.0
568.0 1137.0
569.0 1135.0
571.0 1134.0
572.0 1132.0
573.0 1129.0
574.0 1128.0
575.0 1126.0
577.0 1120.0
579.0 1119.0
580.0 1118.0
581.0 1110.0
583.0 1107.0
587.0 1104.0
591.0 1100.0
592.0 1097.0
594.0 1095.0
596.0 1089.0
597.0 1084.0
601.0 1078.0
602.0 1073.0
606.0 1069.0
607.0 1064.0
614.0 1063.0
619.0 1062.0
