9943.0 1852.0
9950.0 1851.0
9951.0 1848.0
9952.0 1846.0
9954.0 1841.0
9955.0 1829.0
9962.0 1827.0
9963.0 1825.0
9964.0 1820.0
9966.0 1792.0
9972.0 1790.0
9976.0 1788.0
9978.0 1784.0
9980.0 1769.0
9986.0 1767.0
9990.0 1765.0
9992.0 1761.0
9997.0 1753.0
10005.0 1749.0
10009.0 1744.0
10010.0 1742.0
10012.0 1740.0
10021.0 1736.0
10026.0 1728.0
10034.0 1724.0
10035.0 1720.0
10037.0 1717.0
10041.0 1715.0
10045.0 1708.0
10048.0 1707.0
10050.0 1704.0
10058.0 1695.0
10068.0 1694.0
10070.0 1688.0
10075.0 1685.0
10078.0 1683.0
10084.0 1682.0
10086.0 1681.0
10089.0 1679.0
10091.0 1675.0
10095.0 1674.0
10103.0 1672.0
10104.0 1667.0
10108.0 1665.0
10111.0 1664.0
10114.0 1663.0
10115.0 1656.0
10116.0 1651.0
10120.0 1650.0
10133.0 1647.0
10134.0 1643.0
10138.0 1642.0
10145.0 1640.0
10148.0 1636.0
10152.0 1635.0
10154.0 1632.0
10165.0 1631.0
10167.0 1630.0
10171.0 1627.0
10172.0 1624.0
10180.0 1623.0
10181.0 1621.0
10186.0 1617.0
10199.0 1615.0
10203.0 1614.0
10209.0 1608.0
10215.0 1607.0
10222.0 1601.0
10226.0 1593.0
10238.0 1585.0
10255.0 1583.0
10258.0 1579.0
10265.0 1578.0
10269.0 1570.0
10281.0 1562.0
10298.0 1560.0
10302.0 1558.0
10305.0 1552.0
10314.0 1550.0
10317.0 1545.0
10335.0 1534.0
10353.0 1532.0
10370.0 1531.0
10371.0 1522.0
10388.0 1521.0
10389.0 1520.0
10391.0 1519.0
10397.0 1517.0
10407.0 1516.0
10410.0 1515.0
10414.0 1514.0
10415.0 1511.0
10424.0 1509.0
10432.0 1508.0
10442.0 1506.0
10443.0 1504.0
10452.0 1503.0
10463.0 1502.0
10468.0 1501.0
10469.0 1500.0
10473.0 1498.0
10482.0 1497.0
10486.0 1495.0
10491.0 1493.0
10495.0 1492.0
10498.0 1491.0
10499.0 1490.0
10503.0 1489.0
10504.0 1488.0
10508.0 1485.0
10513.0 1483.0
10524.0 1481.0
10529.0 1479.0
10534.0 1478.0
10539.0 1477.0
10544.0 1473.0
10549.0 1471.0
10565.0 1468.0
10570.0 1466.0
10588.0 1464.0
10604.0 1461.0
10609.0 1459.0
10638.0 1457.0
10643.0 1455.0
10710.0 1452.0
10717.0 1451.0
