29765.0 11962.0
29766.0 11956.0
29769.0 11947.0
29770.0 11941.0
29771.0 11770.0
29772.0 11768.0
29774.0 11765.0
29775.0 11763.0
29777.0 11741.0
29778.0 11739.0
29780.0 11736.0
29781.0 11734.0
29784.0 11712.0
29787.0 11707.0
29792.0 11702.0
29793.0 11678.0
29801.0 11668.0
29804.0 11656.0
29806.0 11651.0
29809.0 11646.0
29811.0 11645.0
29813.0 11644.0
29814.0 11640.0
29815.0 11638.0
29816.0 11637.0
29818.0 11627.0
29820.0 11611.0
29826.0 11609.0
29829.0 11598.0
29834.0 11591.0
29836.0 11590.0
29840.0 11585.0
29841.0 11360.0
29843.0 11346.0
29847.0 11332.0
29850.0 11330.0
29851.0 11324.0
29852.0 11316.0
29858.0 11307.0
29859.0 11302.0
29862.0 11299.0
29863.0 11294.0
29864.0 11286.0
29866.0 11281.0
29867.0 11279.0
29870.0 11268.0
29873.0 11262.0
29874.0 11260.0
29875.0 11259.0
29877.0 11249.0
29882.0 11240.0
29885.0 11232.0
29886.0 11230.0
29889.0 11219.0
29894.0 11210.0
29897.0 11204.0
29898.0 11202.0
29901.0 11191.0
29906.0 11182.0
29911.0 11174.0
29913.0 11173.0
29918.0 11164.0
29920.0 11155.0
29923.0 11144.0
29929.0 11140.0
29931.0 11138.0
29932.0 11137.0
29935.0 11126.0
29940.0 11118.0
29943.0 11108.0
29948.0 11107.0
29949.0 11104.0
29952.0 11101.0
29954.0 11095.0
29955.0 11090.0
29960.0 11082.0
29964.0 11073.0
29969.0 11072.0
29970.0 11069.0
29973.0 11065.0
29974.0 11059.0
29976.0 11054.0
29980.0 11052.0
29981.0 11047.0
29985.0 11046.0
29988.0 11036.0
29991.0 11033.0
29993.0 11028.0
29995.0 11024.0
29997.0 11019.0
30001.0 11017.0
30004.0 11013.0
30006.0 11011.0
30008.0 11010.0
30009.0 11001.0
30012.0 10998.0
30014.0 10993.0
30020.0 10992.0
30021.0 10987.0
30025.0 10980.0
30026.0 10979.0
30028.0 10977.0
30030.0 10970.0
30031.0 10967.0
30037.0 10964.0
30038.0 10961.0
30041.0 10957.0
30042.0 10954.0
30047.0 10944.0
30054.0 10938.0
30063.0 10932.0
30064.0 10931.0
30067.0 10929.0
30069.0 10921.0
30076.0 10920.0
30077.0 10915.0
30079.0 10909.0
30083.0 10908.0
30084.0 10907.0
30085.0 10899.0
30088.0 10897.0
30089.0 10895.0
30091.0 10893.0
30093.0 10887.0
30095.0 10883.0
30100.0 10882.0
30101.0 10880.0
30102.0 10876.0
30105.0 10872.0
30106.0 10868.0
30108.0 10864.0
30113.0 10863.0
30114.0 10861.0
30115.0 10859.0
30118.0 10855.0
30121.0 10853.0
30123.0 10852.0
30124.0 10849.0
30125.0 10847.0
30126.0 10843.0
30127.0 10841.0
30128.0 10839.0
30129.0 10837.0
30133.0 10833.0
30135.0 10832.0
30136.0 10831.0
30138.0 10830.0
30139.0 10824.0
30140.0 10822.0
30141.0 10820.0
30142.0 10818.0
30143.0 10817.0
30146.0 10816.0
30148.0 10815.0
30149.0 10813.0
30150.0 10810.0
30153.0 10808.0
30154.0 10802.0
30156.0 10798.0
30161.0 10796.0
30162.0 10794.0
30163.0 10793.0
30164.0 10791.0
30166.0 10788.0
30171.0 10778.0
30176.0 10774.0
30179.0 10767.0
30183.0 10766.0
30185.0 10762.0
30187.0 10761.0
30189.0 10758.0
30190.0 10757.0
30191.0 10755.0
30193.0 10751.0
30197.0 10747.0
30201.0 10745.0
30202.0 10743.0
30203.0 10742.0
30204.0 10741.0
30205.0 10739.0
30207.0 10734.0
30210.0 10732.0
30211.0 10731.0
30215.0 10722.0
30221.0 10718.0
30223.0 10711.0
30229.0 10706.0
30231.0 10705.0
30234.0 10701.0
30237.0 10695.0
30244.0 10692.0
30245.0 10689.0
30246.0 10687.0
30248.0 10685.0
30251.0 10684.0
30252.0 10681.0
30254.0 10680.0
30255.0 10678.0
30258.0 10671.0
30263.0 10667.0
30266.0 10660.0
30274.0 10654.0
30277.0 10650.0
30281.0 10647.0
30283.0 10646.0
30285.0 10645.0
30286.0 10643.0
30287.0 10641.0
30289.0 10636.0
30295.0 10630.0
30298.0 10627.0
30304.0 10624.0
30306.0 10616.0
30313.0 10611.0
30314.0 10610.0
30317.0 10606.0
30319.0 10603.0
30323.0 10597.0
30329.0 10592.0
30331.0 10583.0
30341.0 10581.0
30343.0 10576.0
30344.0 10575.0
30347.0 10573.0
30348.0 10572.0
30350.0 10567.0
30351.0 10566.0
30354.0 10561.0
30360.0 10560.0
30362.0 10547.0
30372.0 10545.0
30374.0 10540.0
30378.0 10537.0
30379.0 10536.0
30382.0 10530.0
30386.0 10529.0
30388.0 10527.0
30390.0 10526.0
30396.0 10523.0
30397.0 10522.0
30398.0 10521.0
30400.0 10519.0
30403.0 10514.0
30406.0 10510.0
30408.0 10505.0
30411.0 10503.0
30416.0 10494.0
30426.0 10491.0
30428.0 10490.0
30429.0 10489.0
30434.0 10480.0
30443.0 10478.0
30444.0 10477.0
30447.0 10476.0
30448.0 10473.0
30450.0 10472.0
30451.0 10471.0
30452.0 10467.0
30455.0 10463.0
30464.0 10461.0
30465.0 10456.0
30471.0 10452.0
30477.0 10445.0
30480.0 10443.0
30482.0 10439.0
30484.0 10437.0
30487.0 10432.0
30492.0 10423.0
30505.0 10422.0
30510.0 10418.0
30516.0 10417.0
30518.0 10411.0
30523.0 10409.0
30526.0 10404.0
30531.0 10395.0
30541.0 10391.0
30549.0 10386.0
30552.0 10385.0
30558.0 10383.0
30560.0 10381.0
30562.0 10376.0
30566.0 10374.0
30572.0 10371.0
30573.0 10368.0
30578.0 10364.0
30581.0 10363.0
30582.0 10362.0
30584.0 10359.0
30588.0 10358.0
30589.0 10354.0
30595.0 10353.0
30596.0 10351.0
30598.0 10350.0
30600.0 10348.0
30601.0 10344.0
30604.0 10339.0
30612.0 10334.0
30620.0 10327.0
30627.0 10326.0
30628.0 10322.0
30634.0 10321.0
30637.0 10318.0
30638.0 10314.0
30643.0 10307.0
30651.0 10302.0
30654.0 10301.0
30662.0 10297.0
30665.0 10296.0
30675.0 10295.0
30679.0 10294.0
30680.0 10288.0
30691.0 10282.0
30702.0 10278.0
30705.0 10277.0
30709.0 10276.0
30713.0 10273.0
30716.0 10272.0
30720.0 10270.0
30730.0 10267.0
30731.0 10264.0
30738.0 10261.0
30742.0 10258.0
30751.0 10257.0
30756.0 10254.0
30760.0 10252.0
30766.0 10249.0
30769.0 10248.0
30771.0 10246.0
30777.0 10242.0
30783.0 10240.0
30787.0 10239.0
30790.0 10238.0
30792.0 10234.0
30798.0 10232.0
30801.0 10230.0
30806.0 10229.0
30807.0 10227.0
30808.0 10226.0
30812.0 10225.0
30813.0 10223.0
30814.0 10219.0
30815.0 10217.0
30819.0 10216.0
30820.0 10211.0
30821.0 10210.0
30827.0 10207.0
30828.0 10206.0
30831.0 10204.0
30833.0 10200.0
30834.0 10198.0
30837.0 10197.0
30840.0 10191.0
30847.0 10187.0
30848.0 10185.0
30852.0 10184.0
30853.0 10179.0
30854.0 10178.0
30860.0 10176.0
30861.0 10175.0
30863.0 10174.0
30864.0 10172.0
30867.0 10166.0
30870.0 10165.0
30873.0 10159.0
30880.0 10156.0
30883.0 10153.0
30887.0 10152.0
30888.0 10151.0
30889.0 10146.0
30894.0 10144.0
30896.0 10143.0
30902.0 10142.0
30903.0 10140.0
30904.0 10138.0
30906.0 10137.0
30907.0 10136.0
30908.0 10135.0
30910.0 10131.0
30912.0 10130.0
30917.0 10126.0
30922.0 10124.0
30926.0 10119.0
30928.0 10117.0
30933.0 10113.0
30938.0 10111.0
30943.0 10110.0
30944.0 10109.0
30947.0 10104.0
30949.0 10103.0
30952.0 10102.0
30954.0 10098.0
30961.0 10096.0
30965.0 10090.0
30970.0 10086.0
30973.0 10085.0
30975.0 10084.0
30977.0 10083.0
30983.0 10080.0
30986.0 10079.0
30988.0 10076.0
30991.0 10071.0
30999.0 10067.0
31003.0 10066.0
31004.0 10063.0
31009.0 10061.0
31014.0 10059.0
31018.0 10058.0
31020.0 10052.0
31028.0 10050.0
31030.0 10046.0
31038.0 10044.0
31040.0 10043.0
31042.0 10041.0
31044.0 10040.0
31045.0 10039.0
31050.0 10038.0
31051.0 10036.0
31052.0 10035.0
31057.0 10034.0
31058.0 10032.0
31059.0 10031.0
31060.0 10029.0
31061.0 10028.0
31066.0 10025.0
31068.0 10020.0
31075.0 10018.0
31077.0 10017.0
31080.0 10015.0
31081.0 10014.0
31082.0 10012.0
31087.0 10010.0
31088.0 10008.0
31090.0 10005.0
31095.0 10003.0
31096.0 10001.0
31102.0 9999.0
31103.0 9997.0
31110.0 9995.0
31111.0 9990.0
31118.0 9986.0
31125.0 9984.0
31132.0 9983.0
31134.0 9980.0
31137.0 9977.0
31147.0 9974.0
31153.0 9971.0
31158.0 9968.0
31162.0 9967.0
31164.0 9964.0
31174.0 9961.0
31175.0 9960.0
31178.0 9954.0
31186.0 9952.0
31190.0 9951.0
31194.0 9949.0
31202.0 9947.0
31204.0 9946.0
31212.0 9943.0
31217.0 9937.0
31225.0 9935.0
31228.0 9934.0
31233.0 9932.0
31241.0 9930.0
31243.0 9929.0
31251.0 9926.0
31259.0 9924.0
31264.0 9920.0
31267.0 9917.0
31282.0 9916.0
31283.0 9915.0
31285.0 9912.0
31291.0 9910.0
31300.0 9909.0
31301.0 9907.0
31303.0 9903.0
31314.0 9902.0
31324.0 9898.0
31335.0 9897.0
31336.0 9895.0
31337.0 9894.0
31348.0 9893.0
31351.0 9890.0
31358.0 9887.0
31369.0 9886.0
31379.0 9885.0
31383.0 9884.0
31385.0 9881.0
31395.0 9880.0
31403.0 9878.0
31406.0 9876.0
31416.0 9875.0
31424.0 9873.0
31435.0 9870.0
31444.0 9867.0
31449.0 9864.0
31464.0 9863.0
31470.0 9862.0
31474.0 9861.0
31487.0 9860.0
31489.0 9859.0
31499.0 9858.0
31506.0 9855.0
31515.0 9853.0
31517.0 9852.0
31523.0 9851.0
31529.0 9850.0
31531.0 9847.0
31534.0 9845.0
31538.0 9844.0
31543.0 9843.0
31548.0 9842.0
31551.0 9841.0
31553.0 9840.0
31554.0 9838.0
31557.0 9832.0
31574.0 9828.0
31582.0 9824.0
31599.0 9819.0
31605.0 9815.0
31614.0 9813.0
31622.0 9811.0
31630.0 9807.0
31636.0 9806.0
31639.0 9805.0
31645.0 9804.0
31647.0 9802.0
31655.0 9801.0
31656.0 9800.0
31661.0 9798.0
31666.0 9792.0
31675.0 9790.0
31683.0 9788.0
31691.0 9784.0
31700.0 9782.0
31704.0 9780.0
31713.0 9778.0
31721.0 9776.0
31729.0 9772.0
31738.0 9770.0
31746.0 9768.0
31755.0 9766.0
31761.0 9764.0
31769.0 9762.0
31778.0 9760.0
31786.0 9758.0
31797.0 9756.0
31805.0 9752.0
31817.0 9750.0
31822.0 9748.0
31834.0 9746.0
31837.0 9744.0
31852.0 9743.0
31854.0 9740.0
31865.0 9738.0
31873.0 9737.0
31874.0 9735.0
31882.0 9734.0
31889.0 9732.0
31890.0 9730.0
31898.0 9729.0
31899.0 9727.0
31907.0 9726.0
31910.0 9725.0
31915.0 9724.0
31916.0 9723.0
31925.0 9722.0
31926.0 9720.0
31931.0 9719.0
31935.0 9717.0
31940.0 9716.0
31947.0 9715.0
31951.0 9714.0
31952.0 9713.0
31957.0 9712.0
31964.0 9711.0
31967.0 9709.0
31975.0 9708.0
31976.0 9706.0
31984.0 9705.0
31988.0 9704.0
31993.0 9702.0
31999.0 9701.0
32005.0 9700.0
32008.0 9698.0
32016.0 9697.0
32025.0 9694.0
32050.0 9693.0
32054.0 9691.0
32063.0 9688.0
32088.0 9687.0
32108.0 9686.0
32117.0 9683.0
32149.0 9682.0
32158.0 9680.0
32170.0 9678.0
32209.0 9676.0
32344.0 9672.0
32355.0 9670.0
32364.0 9668.0
32367.0 9666.0
32374.0 9665.0
32383.0 9662.0
32386.0 9661.0
32395.0 9658.0
32402.0 9657.0
32412.0 9656.0
32414.0 9653.0
32428.0 9652.0
32440.0 9648.0
32461.0 9647.0
32469.0 9645.0
32476.0 9643.0
32490.0 9642.0
32502.0 9638.0
32523.0 9637.0
32531.0 9635.0
32548.0 9634.0
32555.0 9633.0
32576.0 9632.0
32577.0 9631.0
32599.0 9630.0
32601.0 9629.0
32627.0 9628.0
32629.0 9627.0
32661.0 9626.0
32663.0 9625.0
