525.0 1388.0
526.0 1374.0
527.0 1344.0
528.0 1332.0
529.0 1322.0
530.0 1319.0
531.0 1309.0
532.0 1305.0
533.0 1300.0
534.0 1292.0
535.0 1273.0
536.0 1268.0
537.0 1265.0
538.0 1257.0
539.0 1252.0
541.0 1246.0
542.0 1235.0
543.0 1230.0
544.0 1222.0
545.0 1221.0
546.0 1213.0
547.0 1208.0
548.0 1207.0
549.0 1200.0
551.0 1198.0
552.0 1195.0
553.0 1190.0
554.0 1185.0
555.0 1179.0
556.0 1171.0
559.0 1167.0
560.0 1161.0
562.0 1160.0
563.0 1152.0
564.0 1149.0
566.0 1142.0
567.0 1138.0
568.0 1132.0
571.0 1131.0
572.0 1125.0
575.0 1124.0
576.0 1118.0
579.0 1115.0
581.0 1114.0
582.0 1112.0
584.0 1111.0
585.0 1109.0
588.0 1108.0
591.0 1105.0
592.0 1104.0
593.0 1099.0
594.0 1096.0
595.0 1095.0
596.0 1092.0
597.0 1091.0
598.0 1090.0
599.0 1087.0
600.0 1086.0
602.0 1084.0
603.0 1083.0
607.0 1082.0
611.0 1079.0
615.0 1078.0
616.0 1075.0
618.0 1074.0
620.0 1067.0
623.0 1066.0
624.0 1062.0
