5374.0 739.0
5378.0 719.0
5381.0 704.0
5384.0 682.0
5388.0 671.0
5391.0 669.0
5396.0 668.0
5397.0 666.0
5398.0 660.0
5401.0 657.0
5402.0 651.0
5403.0 649.0
5404.0 643.0
5408.0 638.0
5423.0 636.0
5424.0 633.0
5426.0 625.0
5429.0 619.0
5433.0 614.0
5442.0 610.0
5446.0 605.0
5455.0 602.0
5459.0 597.0
5482.0 596.0
5488.0 590.0
5491.0 583.0
5493.0 579.0
5497.0 574.0
5512.0 571.0
5516.0 566.0
5539.0 564.0
5546.0 561.0
5564.0 560.0
5569.0 559.0
5577.0 556.0
5595.0 555.0
5600.0 554.0
5610.0 553.0
5614.0 546.0
5646.0 541.0
5664.0 536.0
5701.0 531.0
5739.0 530.0
5747.0 528.0
5759.0 524.0
5782.0 522.0
5790.0 521.0
5796.0 520.0
5803.0 517.0
5835.0 514.0
5859.0 513.0
5862.0 508.0
5894.0 506.0
