7931.0 1297.0
7938.0 1267.0
7945.0 1260.0
7946.0 1249.0
7947.0 1241.0
7952.0 1237.0
7954.0 1233.0
7955.0 1225.0
7960.0 1221.0
7964.0 1218.0
7967.0 1211.0
7970.0 1206.0
7971.0 1205.0
7975.0 1202.0
7976.0 1201.0
7978.0 1196.0
7981.0 1190.0
7984.0 1183.0
7989.0 1179.0
7996.0 1176.0
8001.0 1172.0
8014.0 1167.0
8017.0 1166.0
8019.0 1165.0
8023.0 1160.0
8025.0 1158.0
8027.0 1156.0
8029.0 1155.0
8032.0 1150.0
8035.0 1149.0
8037.0 1148.0
8038.0 1140.0
8042.0 1136.0
8046.0 1135.0
8047.0 1133.0
8050.0 1131.0
8053.0 1130.0
8054.0 1128.0
8055.0 1125.0
8058.0 1124.0
8062.0 1120.0
8064.0 1114.0
8066.0 1113.0
8068.0 1110.0
8069.0 1105.0
8075.0 1103.0
8076.0 1099.0
8082.0 1097.0
8083.0 1082.0
8089.0 1080.0
8096.0 1079.0
8103.0 1076.0
8111.0 1070.0
8126.0 1068.0
8130.0 1067.0
8131.0 1063.0
8138.0 1060.0
8146.0 1059.0
8154.0 1052.0
8166.0 1050.0
8175.0 1043.0
8182.0 1042.0
8185.0 1040.0
8187.0 1033.0
8197.0 1032.0
8199.0 1031.0
8200.0 1030.0
8204.0 1027.0
8207.0 1023.0
8216.0 1022.0
8217.0 1018.0
8224.0 1017.0
8229.0 1016.0
8230.0 1015.0
8234.0 1012.0
8237.0 1008.0
8246.0 1007.0
8249.0 1006.0
8254.0 1002.0
8263.0 1001.0
8266.0 1000.0
8273.0 999.0
8276.0 997.0
8278.0 995.0
8283.0 992.0
8288.0 991.0
8293.0 986.0
8297.0 984.0
8299.0 982.0
8302.0 981.0
8304.0 979.0
8308.0 978.0
8312.0 976.0
8314.0 974.0
8323.0 973.0
8325.0 972.0
8328.0 968.0
8333.0 966.0
8341.0 964.0
8346.0 963.0
8347.0 961.0
8351.0 958.0
8356.0 956.0
8361.0 955.0
8362.0 954.0
8366.0 953.0
8373.0 951.0
8382.0 950.0
8385.0 949.0
8388.0 948.0
8390.0 947.0
8395.0 945.0
8411.0 943.0
8416.0 941.0
8421.0 939.0
8432.0 935.0
8446.0 934.0
8451.0 933.0
8456.0 929.0
8457.0 928.0
8462.0 926.0
8466.0 925.0
8484.0 924.0
8524.0 917.0
8572.0 909.0
