24743.0 7736.0
24746.0 7734.0
24747.0 7711.0
24748.0 7706.0
24750.0 7701.0
24752.0 7700.0
24753.0 7695.0
24754.0 7688.0
24755.0 7683.0
24757.0 7678.0
24759.0 7677.0
24760.0 7669.0
24761.0 7664.0
24762.0 7650.0
24763.0 7645.0
24764.0 7634.0
24765.0 7633.0
24766.0 7620.0
24767.0 7619.0
24770.0 7618.0
24771.0 7609.0
24772.0 7608.0
24773.0 7514.0
24776.0 7512.0
24780.0 7508.0
24781.0 7484.0
24785.0 7480.0
24787.0 7474.0
24791.0 7473.0
24795.0 7469.0
24796.0 7467.0
24797.0 7452.0
24801.0 7448.0
24803.0 7442.0
24807.0 7441.0
24808.0 7435.0
24810.0 7432.0
24811.0 7429.0
24813.0 7426.0
24814.0 7424.0
24815.0 7410.0
24816.0 7398.0
24818.0 7395.0
24821.0 7392.0
24822.0 7380.0
24824.0 7377.0
24825.0 7374.0
24827.0 7371.0
24831.0 7367.0
24833.0 7361.0
24836.0 7358.0
24837.0 7342.0
24839.0 7333.0
24843.0 7324.0
24845.0 7315.0
24852.0 7311.0
24854.0 7302.0
24859.0 7300.0
24863.0 7296.0
24864.0 7289.0
24865.0 7287.0
24866.0 7280.0
24870.0 7271.0
24872.0 7262.0
24883.0 7258.0
24884.0 7256.0
24885.0 7249.0
24886.0 7247.0
24894.0 7234.0
24896.0 7231.0
24900.0 7230.0
24901.0 7225.0
24906.0 7223.0
24908.0 7219.0
24909.0 7218.0
24910.0 7216.0
24913.0 7210.0
24915.0 7205.0
24917.0 7202.0
24919.0 7200.0
24921.0 7191.0
24929.0 7190.0
24930.0 7189.0
24931.0 7181.0
24934.0 7178.0
24935.0 7176.0
24939.0 7174.0
24940.0 7166.0
24942.0 7162.0
24943.0 7157.0
24945.0 7147.0
24951.0 7146.0
24952.0 7136.0
24953.0 7134.0
24955.0 7127.0
24961.0 7113.0
24967.0 7112.0
24968.0 7111.0
24970.0 7104.0
24971.0 7099.0
24974.0 7089.0
24976.0 7085.0
24980.0 7078.0
24985.0 7076.0
24989.0 7069.0
24993.0 7065.0
24996.0 7059.0
24998.0 7055.0
25001.0 7045.0
25003.0 7041.0
25007.0 7034.0
25012.0 7032.0
25015.0 7028.0
25016.0 7020.0
25022.0 7019.0
25023.0 7012.0
25025.0 7011.0
25027.0 7007.0
25028.0 6999.0
25034.0 6998.0
25035.0 6997.0
25039.0 6996.0
25040.0 6992.0
25041.0 6989.0
25042.0 6984.0
25043.0 6976.0
25049.0 6975.0
25050.0 6968.0
25054.0 6963.0
25055.0 6955.0
25061.0 6954.0
25067.0 6953.0
25072.0 6949.0
25074.0 6945.0
25076.0 6940.0
25079.0 6932.0
25084.0 6928.0
25085.0 6924.0
25090.0 6923.0
25094.0 6919.0
25098.0 6917.0
25099.0 6911.0
25100.0 6906.0
25105.0 6904.0
25111.0 6902.0
25112.0 6896.0
25113.0 6891.0
25115.0 6888.0
25119.0 6886.0
25125.0 6881.0
25127.0 6878.0
25128.0 6873.0
25134.0 6871.0
25138.0 6868.0
25142.0 6863.0
25143.0 6858.0
25149.0 6857.0
25152.0 6853.0
25154.0 6852.0
25158.0 6850.0
25159.0 6848.0
25163.0 6846.0
25164.0 6842.0
25167.0 6837.0
25173.0 6835.0
25177.0 6832.0
25181.0 6827.0
25182.0 6822.0
25188.0 6821.0
25191.0 6817.0
25197.0 6816.0
25200.0 6813.0
25201.0 6812.0
25202.0 6810.0
25203.0 6806.0
25206.0 6802.0
25212.0 6801.0
25216.0 6799.0
25218.0 6798.0
25224.0 6794.0
25230.0 6793.0
25232.0 6792.0
25234.0 6789.0
25237.0 6785.0
25240.0 6782.0
25243.0 6779.0
25246.0 6778.0
25252.0 6777.0
25253.0 6776.0
25255.0 6775.0
25258.0 6774.0
25264.0 6771.0
25268.0 6768.0
25273.0 6766.0
25274.0 6763.0
25276.0 6762.0
25277.0 6759.0
25280.0 6758.0
25285.0 6756.0
25286.0 6751.0
25289.0 6750.0
25291.0 6749.0
25292.0 6744.0
25294.0 6743.0
25297.0 6738.0
25302.0 6736.0
25303.0 6731.0
25309.0 6728.0
25311.0 6727.0
25313.0 6726.0
25314.0 6722.0
25319.0 6719.0
25320.0 6715.0
25327.0 6713.0
25331.0 6708.0
25332.0 6706.0
25336.0 6704.0
25338.0 6702.0
25342.0 6699.0
25345.0 6695.0
25348.0 6692.0
25351.0 6691.0
25357.0 6690.0
25359.0 6688.0
25362.0 6687.0
25368.0 6683.0
25369.0 6680.0
25374.0 6678.0
25378.0 6675.0
25379.0 6671.0
25385.0 6667.0
25399.0 6666.0
25404.0 6664.0
25408.0 6661.0
25409.0 6657.0
25413.0 6655.0
25415.0 6653.0
25416.0 6652.0
25423.0 6651.0
25428.0 6650.0
25431.0 6649.0
25432.0 6645.0
25433.0 6643.0
25437.0 6642.0
25441.0 6640.0
25444.0 6637.0
25446.0 6635.0
25450.0 6633.0
25451.0 6628.0
25464.0 6627.0
25467.0 6623.0
25469.0 6620.0
25473.0 6616.0
25477.0 6615.0
25482.0 6612.0
25486.0 6610.0
25487.0 6605.0
25496.0 6600.0
25507.0 6599.0
25508.0 6594.0
25515.0 6593.0
25518.0 6590.0
25524.0 6588.0
25527.0 6585.0
25539.0 6580.0
25545.0 6578.0
25547.0 6577.0
25549.0 6576.0
25554.0 6575.0
25555.0 6573.0
25558.0 6571.0
25562.0 6569.0
25565.0 6567.0
25571.0 6564.0
25572.0 6563.0
25573.0 6561.0
25586.0 6559.0
25588.0 6556.0
25590.0 6555.0
25596.0 6554.0
25597.0 6551.0
25598.0 6549.0
25610.0 6547.0
25615.0 6545.0
25621.0 6544.0
25623.0 6542.0
25627.0 6540.0
25629.0 6539.0
25632.0 6538.0
25638.0 6533.0
25640.0 6532.0
25651.0 6531.0
25652.0 6530.0
25653.0 6526.0
25656.0 6525.0
25662.0 6524.0
25663.0 6523.0
25664.0 6519.0
25672.0 6518.0
25674.0 6517.0
25681.0 6515.0
25687.0 6511.0
25690.0 6510.0
25696.0 6509.0
25697.0 6508.0
25698.0 6504.0
25712.0 6501.0
25715.0 6500.0
25721.0 6499.0
25725.0 6498.0
25729.0 6497.0
25735.0 6495.0
25741.0 6492.0
25742.0 6490.0
25744.0 6489.0
25750.0 6488.0
25755.0 6482.0
25767.0 6480.0
25769.0 6479.0
25780.0 6472.0
25806.0 6470.0
25808.0 6466.0
25827.0 6465.0
25834.0 6462.0
25843.0 6461.0
25849.0 6459.0
25853.0 6456.0
25857.0 6455.0
25858.0 6454.0
25867.0 6453.0
25868.0 6451.0
25871.0 6448.0
25877.0 6446.0
25880.0 6443.0
25887.0 6441.0
25889.0 6440.0
25892.0 6437.0
25901.0 6436.0
25903.0 6435.0
25906.0 6434.0
25908.0 6431.0
25918.0 6428.0
25920.0 6425.0
25924.0 6424.0
25933.0 6423.0
25935.0 6420.0
25936.0 6418.0
25943.0 6413.0
25951.0 6412.0
25955.0 6407.0
25959.0 6406.0
25967.0 6405.0
25971.0 6400.0
25986.0 6394.0
25990.0 6393.0
26002.0 6387.0
26018.0 6382.0
26022.0 6381.0
26034.0 6375.0
26050.0 6372.0
26054.0 6371.0
26056.0 6369.0
26066.0 6365.0
26082.0 6360.0
26086.0 6359.0
26095.0 6358.0
26098.0 6353.0
26116.0 6352.0
26120.0 6347.0
26135.0 6346.0
26153.0 6345.0
26156.0 6341.0
26157.0 6340.0
26174.0 6338.0
26175.0 6337.0
26177.0 6335.0
26191.0 6334.0
26195.0 6332.0
26196.0 6331.0
26203.0 6329.0
26214.0 6328.0
26221.0 6326.0
26222.0 6325.0
26235.0 6323.0
26236.0 6321.0
26250.0 6319.0
26254.0 6318.0
26255.0 6317.0
26257.0 6315.0
26271.0 6313.0
26275.0 6312.0
26276.0 6311.0
26289.0 6310.0
26290.0 6309.0
26294.0 6308.0
26308.0 6306.0
26326.0 6304.0
26341.0 6302.0
26355.0 6300.0
26359.0 6299.0
26373.0 6297.0
26378.0 6296.0
26391.0 6295.0
26392.0 6294.0
26407.0 6293.0
26428.0 6292.0
26438.0 6291.0
26441.0 6290.0
26455.0 6288.0
26470.0 6287.0
26491.0 6286.0
26494.0 6285.0
26510.0 6284.0
26519.0 6283.0
26533.0 6281.0
26569.0 6279.0
26673.0 6277.0
26685.0 6276.0
26691.0 6274.0
26694.0 6273.0
26696.0 6270.0
26708.0 6269.0
26709.0 6268.0
26719.0 6265.0
26730.0 6264.0
26732.0 6261.0
26750.0 6260.0
26755.0 6256.0
26776.0 6255.0
26778.0 6254.0
26792.0 6252.0
26795.0 6251.0
26799.0 6250.0
26801.0 6249.0
26815.0 6246.0
26832.0 6245.0
26837.0 6241.0
26859.0 6240.0
26861.0 6239.0
26878.0 6238.0
26881.0 6235.0
26883.0 6234.0
26905.0 6233.0
26922.0 6232.0
26925.0 6229.0
26927.0 6228.0
