29706.0 11563.0
29710.0 11550.0
29714.0 11539.0
29717.0 11516.0
29719.0 11508.0
29724.0 11505.0
29725.0 11488.0
29730.0 11485.0
29731.0 11483.0
29732.0 11478.0
29735.0 11473.0
29736.0 11452.0
29737.0 11444.0
29740.0 11441.0
29745.0 11438.0
29746.0 11423.0
29748.0 11420.0
29749.0 11412.0
29751.0 11409.0
29753.0 11398.0
29755.0 11395.0
29762.0 11380.0
29764.0 11377.0
29768.0 11375.0
29769.0 11371.0
29771.0 11364.0
29775.0 11362.0
29776.0 11361.0
29778.0 11355.0
29780.0 11353.0
29781.0 11351.0
29783.0 11348.0
29784.0 11340.0
29786.0 11285.0
29789.0 11278.0
29790.0 11271.0
29794.0 11263.0
29795.0 11258.0
29796.0 11205.0
29802.0 11157.0
29809.0 11137.0
29814.0 11126.0
29824.0 11106.0
29825.0 11105.0
29831.0 11101.0
29836.0 11096.0
29837.0 11094.0
29838.0 11092.0
29839.0 11083.0
29841.0 11082.0
29843.0 11081.0
29844.0 11076.0
29845.0 11072.0
29847.0 11069.0
29848.0 11062.0
29850.0 11061.0
29852.0 11060.0
29853.0 11058.0
29854.0 11051.0
29858.0 11046.0
29859.0 11040.0
29862.0 11039.0
29863.0 11035.0
29864.0 11033.0
29865.0 11026.0
29867.0 11025.0
29869.0 11020.0
29870.0 11015.0
29872.0 11014.0
29873.0 11012.0
29874.0 11005.0
29878.0 11001.0
29879.0 10994.0
29884.0 10989.0
29885.0 10986.0
29890.0 10975.0
29898.0 10967.0
29904.0 10965.0
29905.0 10962.0
29909.0 10957.0
29910.0 10951.0
29917.0 10945.0
29918.0 10943.0
29919.0 10942.0
29922.0 10940.0
29929.0 10933.0
29931.0 10930.0
29934.0 10928.0
29937.0 10921.0
29939.0 10918.0
29942.0 10916.0
29949.0 10915.0
29952.0 10906.0
29957.0 10903.0
29965.0 10898.0
29967.0 10895.0
29970.0 10893.0
29973.0 10886.0
29975.0 10883.0
29978.0 10881.0
29985.0 10880.0
29988.0 10871.0
29993.0 10868.0
30001.0 10866.0
30005.0 10860.0
30009.0 10858.0
30010.0 10857.0
30011.0 10855.0
30014.0 10853.0
30021.0 10850.0
30022.0 10847.0
30024.0 10843.0
30029.0 10840.0
30033.0 10837.0
30034.0 10834.0
30038.0 10832.0
30042.0 10830.0
30044.0 10824.0
30045.0 10823.0
30047.0 10820.0
30050.0 10818.0
30053.0 10816.0
30056.0 10814.0
30060.0 10808.0
30065.0 10805.0
30066.0 10804.0
30071.0 10801.0
30074.0 10794.0
30076.0 10791.0
30079.0 10789.0
30086.0 10787.0
30088.0 10786.0
30089.0 10779.0
30094.0 10776.0
30099.0 10775.0
30103.0 10774.0
30104.0 10772.0
30105.0 10767.0
30107.0 10764.0
30110.0 10762.0
30115.0 10760.0
30118.0 10758.0
30120.0 10752.0
30125.0 10750.0
30129.0 10749.0
30130.0 10748.0
30131.0 10746.0
30133.0 10745.0
30134.0 10744.0
30136.0 10741.0
30137.0 10739.0
30138.0 10738.0
30139.0 10736.0
30141.0 10733.0
30144.0 10731.0
30148.0 10727.0
30150.0 10724.0
30154.0 10721.0
30160.0 10719.0
30162.0 10716.0
30163.0 10715.0
30165.0 10712.0
30167.0 10709.0
30170.0 10707.0
30175.0 10704.0
30178.0 10700.0
30180.0 10697.0
30184.0 10695.0
30185.0 10693.0
30186.0 10692.0
30190.0 10691.0
30191.0 10689.0
30192.0 10688.0
30193.0 10686.0
30194.0 10684.0
30195.0 10683.0
30198.0 10681.0
30199.0 10679.0
30200.0 10678.0
30201.0 10676.0
30202.0 10674.0
30203.0 10673.0
30204.0 10671.0
30205.0 10670.0
30207.0 10669.0
30208.0 10668.0
30211.0 10667.0
30212.0 10666.0
30214.0 10664.0
30215.0 10663.0
30216.0 10661.0
30217.0 10659.0
30218.0 10658.0
30219.0 10657.0
30220.0 10656.0
30222.0 10653.0
30225.0 10651.0
30228.0 10648.0
30229.0 10647.0
30231.0 10644.0
30235.0 10641.0
30237.0 10640.0
30238.0 10638.0
30241.0 10637.0
30243.0 10635.0
30244.0 10634.0
30245.0 10633.0
30246.0 10632.0
30248.0 10629.0
30251.0 10627.0
30253.0 10626.0
30254.0 10625.0
30255.0 10623.0
30258.0 10621.0
30259.0 10620.0
30261.0 10617.0
30265.0 10616.0
30266.0 10614.0
30267.0 10613.0
30268.0 10611.0
30277.0 10610.0
30278.0 10608.0
30280.0 10605.0
30282.0 10603.0
30286.0 10601.0
30288.0 10599.0
30291.0 10597.0
30294.0 10595.0
30296.0 10594.0
30297.0 10593.0
30299.0 10590.0
30301.0 10587.0
30305.0 10586.0
30307.0 10583.0
30312.0 10582.0
30315.0 10580.0
30319.0 10577.0
30321.0 10576.0
30323.0 10573.0
30325.0 10570.0
30330.0 10568.0
30333.0 10566.0
30336.0 10565.0
30338.0 10563.0
30341.0 10559.0
30343.0 10556.0
30350.0 10555.0
30352.0 10552.0
30355.0 10550.0
30359.0 10547.0
30361.0 10546.0
30362.0 10544.0
30363.0 10543.0
30365.0 10540.0
30370.0 10538.0
30373.0 10536.0
30378.0 10533.0
30381.0 10529.0
30383.0 10526.0
30392.0 10525.0
30394.0 10522.0
30399.0 10520.0
30402.0 10518.0
30407.0 10515.0
30412.0 10508.0
30424.0 10507.0
30426.0 10505.0
30428.0 10500.0
30431.0 10498.0
30432.0 10497.0
30434.0 10496.0
30435.0 10495.0
30438.0 10493.0
30441.0 10491.0
30444.0 10489.0
30445.0 10488.0
30446.0 10484.0
30447.0 10483.0
30449.0 10482.0
30450.0 10481.0
30451.0 10480.0
30453.0 10479.0
30454.0 10478.0
30459.0 10477.0
30460.0 10474.0
30462.0 10469.0
30465.0 10467.0
30466.0 10466.0
30468.0 10465.0
30469.0 10464.0
30472.0 10462.0
30477.0 10460.0
30480.0 10458.0
30481.0 10452.0
30484.0 10450.0
30485.0 10449.0
30488.0 10447.0
30498.0 10446.0
30499.0 10445.0
30501.0 10444.0
30502.0 10443.0
30505.0 10441.0
30506.0 10440.0
30508.0 10438.0
30509.0 10435.0
30512.0 10433.0
30513.0 10432.0
30514.0 10431.0
30516.0 10430.0
30517.0 10429.0
30518.0 10428.0
30521.0 10426.0
30524.0 10425.0
30526.0 10424.0
30527.0 10423.0
30530.0 10421.0
30531.0 10420.0
30533.0 10418.0
30535.0 10417.0
30536.0 10416.0
30537.0 10415.0
30539.0 10411.0
30542.0 10409.0
30543.0 10408.0
30546.0 10406.0
30557.0 10405.0
30558.0 10404.0
30559.0 10403.0
30561.0 10401.0
30563.0 10400.0
30564.0 10399.0
30565.0 10398.0
30567.0 10394.0
30570.0 10392.0
30571.0 10391.0
30574.0 10389.0
30579.0 10387.0
30582.0 10385.0
30583.0 10384.0
30586.0 10382.0
30589.0 10381.0
30590.0 10380.0
30591.0 10379.0
30593.0 10375.0
30597.0 10373.0
30602.0 10370.0
30606.0 10367.0
30608.0 10366.0
30610.0 10363.0
30612.0 10362.0
30614.0 10361.0
30615.0 10360.0
30616.0 10359.0
30619.0 10357.0
30621.0 10354.0
30623.0 10353.0
30625.0 10350.0
30630.0 10348.0
30631.0 10346.0
30633.0 10343.0
30636.0 10342.0
30637.0 10341.0
30638.0 10339.0
30640.0 10336.0
30645.0 10334.0
30648.0 10332.0
30651.0 10331.0
30652.0 10329.0
30653.0 10328.0
30654.0 10327.0
30657.0 10324.0
30661.0 10319.0
30663.0 10316.0
30668.0 10314.0
30673.0 10313.0
30676.0 10310.0
30680.0 10305.0
30682.0 10302.0
30687.0 10300.0
30689.0 10297.0
30691.0 10295.0
30696.0 10293.0
30701.0 10292.0
30703.0 10290.0
30704.0 10289.0
30708.0 10284.0
30710.0 10281.0
30715.0 10279.0
30717.0 10276.0
30722.0 10274.0
30727.0 10272.0
30732.0 10270.0
30734.0 10267.0
30735.0 10266.0
30739.0 10265.0
30740.0 10264.0
30742.0 10261.0
30747.0 10259.0
30752.0 10257.0
30757.0 10255.0
30759.0 10252.0
30764.0 10250.0
30770.0 10249.0
30772.0 10246.0
30777.0 10244.0
30782.0 10242.0
30787.0 10240.0
30789.0 10237.0
30794.0 10235.0
30800.0 10234.0
30804.0 10232.0
30805.0 10231.0
30809.0 10230.0
30810.0 10229.0
30814.0 10228.0
30815.0 10227.0
30819.0 10226.0
30820.0 10225.0
30821.0 10223.0
30822.0 10222.0
30826.0 10221.0
30827.0 10220.0
30831.0 10219.0
30837.0 10217.0
30839.0 10216.0
30842.0 10215.0
30844.0 10214.0
30847.0 10213.0
30850.0 10212.0
30852.0 10211.0
30854.0 10208.0
30858.0 10207.0
30859.0 10206.0
30863.0 10205.0
30867.0 10203.0
30871.0 10202.0
30873.0 10201.0
30874.0 10200.0
30876.0 10199.0
30880.0 10198.0
30881.0 10197.0
30886.0 10196.0
30887.0 10195.0
30889.0 10194.0
30893.0 10193.0
30894.0 10189.0
30895.0 10188.0
30899.0 10187.0
30900.0 10186.0
30905.0 10181.0
30906.0 10180.0
30911.0 10179.0
30916.0 10178.0
30917.0 10177.0
30918.0 10176.0
30919.0 10175.0
30924.0 10174.0
30929.0 10173.0
30930.0 10172.0
30935.0 10171.0
30939.0 10168.0
30940.0 10167.0
30945.0 10166.0
30950.0 10165.0
30951.0 10164.0
30952.0 10163.0
30953.0 10162.0
30958.0 10161.0
30963.0 10160.0
30964.0 10159.0
30969.0 10158.0
30975.0 10156.0
30980.0 10155.0
30985.0 10152.0
30988.0 10150.0
30990.0 10148.0
30994.0 10145.0
30996.0 10143.0
30999.0 10141.0
31002.0 10139.0
31005.0 10138.0
31006.0 10137.0
31008.0 10134.0
31010.0 10133.0
31011.0 10132.0
31013.0 10130.0
31016.0 10128.0
31020.0 10127.0
31021.0 10126.0
31022.0 10123.0
31025.0 10121.0
31027.0 10120.0
31031.0 10118.0
31032.0 10117.0
31035.0 10115.0
31036.0 10113.0
31039.0 10110.0
31045.0 10108.0
31046.0 10107.0
31048.0 10105.0
31049.0 10104.0
31053.0 10100.0
31061.0 10099.0
31062.0 10095.0
31063.0 10094.0
31070.0 10091.0
31074.0 10090.0
31075.0 10088.0
31078.0 10086.0
31079.0 10084.0
31084.0 10081.0
31088.0 10080.0
31089.0 10078.0
31093.0 10076.0
31094.0 10075.0
31098.0 10073.0
31101.0 10072.0
31105.0 10071.0
31106.0 10069.0
31107.0 10068.0
31109.0 10067.0
31110.0 10065.0
31112.0 10063.0
31115.0 10062.0
31119.0 10061.0
31120.0 10059.0
31122.0 10058.0
31124.0 10055.0
31128.0 10054.0
31129.0 10052.0
31134.0 10049.0
31138.0 10048.0
31139.0 10046.0
31143.0 10044.0
31146.0 10043.0
31150.0 10041.0
31151.0 10040.0
31153.0 10039.0
31155.0 10036.0
31159.0 10035.0
31160.0 10033.0
31165.0 10030.0
31169.0 10029.0
31170.0 10027.0
31176.0 10026.0
31177.0 10024.0
31185.0 10023.0
31187.0 10021.0
31188.0 10020.0
31192.0 10018.0
31193.0 10017.0
31196.0 10016.0
31199.0 10015.0
31203.0 10011.0
31206.0 10010.0
31210.0 10009.0
31212.0 10007.0
31215.0 10006.0
31218.0 10003.0
31221.0 10002.0
31222.0 10000.0
31225.0 9999.0
31228.0 9997.0
31231.0 9996.0
31236.0 9994.0
31239.0 9993.0
31243.0 9992.0
31244.0 9991.0
31247.0 9990.0
31250.0 9988.0
31253.0 9987.0
31258.0 9984.0
31261.0 9983.0
31262.0 9982.0
31265.0 9981.0
31268.0 9978.0
31271.0 9977.0
31277.0 9976.0
31280.0 9975.0
31283.0 9974.0
31284.0 9970.0
31287.0 9969.0
31293.0 9968.0
31297.0 9967.0
31298.0 9964.0
31301.0 9963.0
31308.0 9962.0
31311.0 9961.0
31312.0 9960.0
31315.0 9959.0
31316.0 9958.0
31319.0 9957.0
31322.0 9953.0
31325.0 9952.0
31333.0 9951.0
31336.0 9947.0
31339.0 9946.0
31351.0 9944.0
31354.0 9943.0
31357.0 9941.0
31358.0 9940.0
31361.0 9939.0
31369.0 9938.0
31372.0 9934.0
31375.0 9933.0
31383.0 9932.0
31386.0 9931.0
31389.0 9930.0
31390.0 9929.0
31393.0 9928.0
31400.0 9925.0
31403.0 9924.0
31404.0 9923.0
31407.0 9922.0
31414.0 9921.0
31416.0 9920.0
31418.0 9919.0
31421.0 9918.0
31424.0 9914.0
31427.0 9913.0
31435.0 9912.0
31438.0 9908.0
31441.0 9907.0
31453.0 9905.0
31456.0 9904.0
31468.0 9900.0
31471.0 9899.0
31479.0 9898.0
31480.0 9896.0
31482.0 9894.0
31485.0 9893.0
31494.0 9890.0
31497.0 9889.0
31509.0 9887.0
31512.0 9886.0
31517.0 9885.0
31524.0 9882.0
31527.0 9881.0
31533.0 9880.0
31538.0 9876.0
31541.0 9875.0
31562.0 9872.0
31573.0 9870.0
31577.0 9868.0
31584.0 9866.0
31588.0 9863.0
31591.0 9862.0
31604.0 9861.0
31606.0 9860.0
31610.0 9857.0
31617.0 9855.0
31623.0 9854.0
31626.0 9853.0
31627.0 9852.0
31637.0 9849.0
31641.0 9846.0
31652.0 9842.0
31656.0 9839.0
31670.0 9838.0
31672.0 9837.0
31674.0 9836.0
31678.0 9833.0
31685.0 9831.0
31706.0 9830.0
31708.0 9829.0
31710.0 9827.0
31717.0 9825.0
31733.0 9823.0
31741.0 9822.0
31744.0 9821.0
31745.0 9819.0
31761.0 9817.0
31763.0 9816.0
31767.0 9813.0
31774.0 9811.0
31792.0 9810.0
31795.0 9809.0
31797.0 9808.0
31798.0 9807.0
31807.0 9805.0
31808.0 9802.0
31815.0 9800.0
31820.0 9798.0
31824.0 9796.0
31828.0 9795.0
31829.0 9794.0
31830.0 9792.0
31833.0 9789.0
31838.0 9787.0
31842.0 9785.0
31846.0 9784.0
31847.0 9783.0
31849.0 9781.0
31854.0 9779.0
31855.0 9778.0
31858.0 9777.0
31860.0 9776.0
31863.0 9775.0
31865.0 9774.0
31868.0 9773.0
31871.0 9772.0
31873.0 9771.0
31874.0 9770.0
31877.0 9768.0
31882.0 9766.0
31887.0 9765.0
31890.0 9762.0
31893.0 9760.0
31896.0 9759.0
31898.0 9758.0
31901.0 9757.0
31906.0 9755.0
31909.0 9754.0
31911.0 9753.0
31913.0 9752.0
31918.0 9749.0
31926.0 9747.0
31928.0 9746.0
31931.0 9744.0
31934.0 9741.0
31944.0 9739.0
31947.0 9736.0
31962.0 9734.0
31965.0 9732.0
31968.0 9731.0
31970.0 9729.0
31971.0 9728.0
31978.0 9727.0
31981.0 9726.0
31983.0 9724.0
31984.0 9723.0
31994.0 9722.0
31996.0 9721.0
32000.0 9720.0
32001.0 9719.0
32002.0 9718.0
32005.0 9715.0
32013.0 9714.0
32014.0 9713.0
32017.0 9712.0
32018.0 9710.0
32021.0 9707.0
32029.0 9706.0
32030.0 9705.0
32037.0 9703.0
32039.0 9702.0
32040.0 9700.0
32045.0 9699.0
32048.0 9697.0
32051.0 9696.0
32054.0 9695.0
32055.0 9694.0
32061.0 9691.0
32064.0 9689.0
32072.0 9687.0
32073.0 9686.0
32077.0 9684.0
32085.0 9681.0
32088.0 9679.0
32089.0 9678.0
32096.0 9676.0
32104.0 9674.0
32105.0 9673.0
32107.0 9672.0
32110.0 9670.0
32115.0 9669.0
32117.0 9668.0
32120.0 9666.0
32121.0 9665.0
32128.0 9663.0
32131.0 9661.0
32140.0 9658.0
32145.0 9655.0
32153.0 9653.0
32156.0 9650.0
32174.0 9649.0
32179.0 9648.0
32182.0 9646.0
32187.0 9643.0
32195.0 9641.0
32198.0 9638.0
32217.0 9637.0
32221.0 9636.0
32235.0 9635.0
32237.0 9633.0
32238.0 9632.0
32255.0 9629.0
32261.0 9628.0
32263.0 9627.0
32266.0 9624.0
32285.0 9623.0
32289.0 9622.0
32292.0 9620.0
32305.0 9619.0
32306.0 9618.0
32323.0 9617.0
32326.0 9615.0
32329.0 9614.0
32334.0 9613.0
32336.0 9611.0
32342.0 9610.0
32347.0 9608.0
32352.0 9606.0
32360.0 9605.0
32365.0 9603.0
32376.0 9602.0
32377.0 9600.0
32382.0 9598.0
32390.0 9597.0
32395.0 9595.0
32406.0 9594.0
32411.0 9593.0
32419.0 9591.0
32435.0 9589.0
32464.0 9588.0
32468.0 9586.0
32498.0 9585.0
32504.0 9582.0
32524.0 9580.0
32528.0 9578.0
32550.0 9577.0
32551.0 9576.0
32559.0 9574.0
32563.0 9572.0
32596.0 9571.0
32604.0 9569.0
32608.0 9568.0
32627.0 9566.0
32631.0 9565.0
32648.0 9564.0
32652.0 9561.0
32655.0 9558.0
32674.0 9557.0
32676.0 9556.0
32678.0 9554.0
32681.0 9551.0
32703.0 9549.0
32707.0 9546.0
32710.0 9543.0
32735.0 9542.0
32738.0 9539.0
32753.0 9537.0
32778.0 9536.0
32781.0 9533.0
