325.0 1259.0
326.0 1242.0
327.0 1189.0
329.0 1130.0
331.0 1094.0
333.0 1076.0
335.0 1069.0
336.0 1062.0
337.0 1058.0
338.0 1045.0
339.0 1043.0
340.0 1028.0
342.0 1024.0
343.0 1013.0
344.0 1010.0
346.0 1000.0
347.0 995.0
350.0 982.0
353.0 977.0
354.0 974.0
355.0 968.0
356.0 964.0
357.0 961.0
358.0 955.0
359.0 952.0
361.0 949.0
362.0 947.0
363.0 944.0
365.0 941.0
366.0 930.0
368.0 918.0
369.0 916.0
370.0 904.0
373.0 897.0
374.0 888.0
376.0 884.0
378.0 874.0
380.0 873.0
382.0 867.0
384.0 866.0
385.0 862.0
386.0 853.0
391.0 849.0
392.0 843.0
393.0 837.0
398.0 835.0
399.0 829.0
400.0 828.0
404.0 827.0
405.0 826.0
406.0 820.0
415.0 818.0
418.0 812.0
