444.0 1122.0
445.0 1071.0
446.0 1066.0
447.0 1060.0
448.0 1055.0
449.0 1048.0
450.0 1043.0
451.0 1034.0
452.0 1024.0
453.0 1017.0
454.0 1007.0
457.0 1003.0
458.0 994.0
461.0 990.0
462.0 988.0
463.0 987.0
464.0 981.0
465.0 977.0
467.0 970.0
469.0 964.0
470.0 959.0
471.0 957.0
472.0 952.0
474.0 950.0
475.0 948.0
476.0 946.0
477.0 942.0
478.0 937.0
480.0 935.0
481.0 932.0
483.0 928.0
485.0 921.0
487.0 918.0
489.0 913.0
490.0 911.0
491.0 910.0
492.0 908.0
494.0 903.0
496.0 899.0
498.0 896.0
499.0 894.0
501.0 889.0
503.0 886.0
505.0 884.0
507.0 882.0
508.0 881.0
509.0 880.0
510.0 876.0
511.0 875.0
514.0 869.0
519.0 865.0
523.0 861.0
531.0 860.0
533.0 857.0
