102.0 1185.0
103.0 1102.0
104.0 1086.0
105.0 1074.0
106.0 1061.0
107.0 1051.0
108.0 1050.0
109.0 1043.0
110.0 1040.0
111.0 1015.0
112.0 1014.0
113.0 999.0
114.0 984.0
115.0 983.0
116.0 974.0
117.0 970.0
118.0 968.0
119.0 960.0
120.0 959.0
121.0 954.0
122.0 951.0
123.0 947.0
124.0 944.0
125.0 941.0
126.0 936.0
127.0 933.0
128.0 930.0
129.0 927.0
130.0 922.0
131.0 918.0
132.0 914.0
133.0 910.0
135.0 907.0
136.0 902.0
138.0 892.0
140.0 886.0
142.0 883.0
147.0 881.0
149.0 877.0
151.0 869.0
153.0 866.0
156.0 864.0
158.0 861.0
