527.0 1392.0
528.0 1368.0
529.0 1346.0
530.0 1338.0
531.0 1326.0
532.0 1318.0
533.0 1313.0
534.0 1303.0
535.0 1276.0
536.0 1263.0
537.0 1259.0
538.0 1247.0
539.0 1241.0
540.0 1231.0
541.0 1225.0
542.0 1223.0
543.0 1219.0
545.0 1212.0
546.0 1204.0
548.0 1196.0
549.0 1193.0
550.0 1190.0
551.0 1189.0
552.0 1185.0
553.0 1180.0
554.0 1176.0
555.0 1174.0
556.0 1173.0
557.0 1169.0
558.0 1165.0
559.0 1163.0
561.0 1158.0
562.0 1156.0
564.0 1152.0
565.0 1148.0
566.0 1146.0
567.0 1145.0
568.0 1143.0
569.0 1136.0
571.0 1135.0
572.0 1132.0
575.0 1127.0
578.0 1123.0
580.0 1121.0
581.0 1118.0
582.0 1114.0
583.0 1113.0
584.0 1107.0
586.0 1103.0
587.0 1099.0
590.0 1097.0
593.0 1094.0
596.0 1092.0
605.0 1089.0
607.0 1086.0
612.0 1081.0
614.0 1079.0
616.0 1077.0
617.0 1074.0
619.0 1071.0
621.0 1069.0
624.0 1067.0
626.0 1065.0
629.0 1063.0
633.0 1061.0
636.0 1059.0
