24785.0 7794.0
24788.0 7774.0
24791.0 7765.0
24793.0 7759.0
24794.0 7755.0
24795.0 7739.0
24796.0 7703.0
24797.0 7690.0
24799.0 7681.0
24800.0 7670.0
24802.0 7661.0
24805.0 7655.0
24807.0 7646.0
24810.0 7470.0
24811.0 7387.0
24819.0 7381.0
24820.0 7365.0
24822.0 7364.0
24825.0 7348.0
24830.0 7342.0
24832.0 7341.0
24834.0 7326.0
24836.0 7325.0
24841.0 7320.0
24842.0 7318.0
24844.0 7303.0
24846.0 7302.0
24852.0 7301.0
24854.0 7297.0
24855.0 7296.0
24856.0 7295.0
24858.0 7288.0
24860.0 7287.0
24862.0 7275.0
24863.0 7274.0
24865.0 7273.0
24866.0 7272.0
24868.0 7265.0
24870.0 7264.0
24874.0 7251.0
24878.0 7250.0
24881.0 7246.0
24883.0 7245.0
24884.0 7243.0
24887.0 7234.0
24889.0 7233.0
24892.0 7229.0
24893.0 7226.0
24895.0 7222.0
24897.0 7221.0
24900.0 7217.0
24902.0 7212.0
24904.0 7208.0
24906.0 7205.0
24908.0 7204.0
24911.0 7202.0
24913.0 7199.0
24917.0 7190.0
24925.0 7189.0
24928.0 7185.0
24930.0 7178.0
24934.0 7175.0
24937.0 7174.0
24938.0 7173.0
24939.0 7170.0
24940.0 7168.0
24941.0 7161.0
24942.0 7159.0
24945.0 7158.0
24946.0 7156.0
24947.0 7153.0
24951.0 7150.0
24952.0 7149.0
24953.0 7142.0
24957.0 7139.0
24959.0 7134.0
24962.0 7133.0
24963.0 7129.0
24964.0 7127.0
24965.0 7124.0
24966.0 7120.0
24968.0 7119.0
24970.0 7117.0
24971.0 7116.0
24974.0 7113.0
24975.0 7110.0
24976.0 7106.0
24978.0 7101.0
24980.0 7100.0
24982.0 7098.0
24984.0 7097.0
24987.0 7093.0
24988.0 7087.0
24990.0 7083.0
24992.0 7082.0
24994.0 7080.0
24996.0 7079.0
24999.0 7075.0
25000.0 7069.0
25002.0 7068.0
25004.0 7066.0
25006.0 7065.0
25009.0 7061.0
25011.0 7060.0
25012.0 7056.0
25014.0 7055.0
25016.0 7053.0
25017.0 7050.0
25019.0 7049.0
25021.0 7047.0
25022.0 7045.0
25024.0 7042.0
25027.0 7040.0
25029.0 7032.0
25031.0 7031.0
25033.0 7029.0
25035.0 7028.0
25037.0 7026.0
25038.0 7024.0
25039.0 7022.0
25041.0 7021.0
25043.0 7019.0
25045.0 7018.0
25046.0 7017.0
25048.0 7014.0
25049.0 7008.0
25051.0 7007.0
25053.0 7005.0
25055.0 7004.0
25058.0 7000.0
25059.0 6999.0
25062.0 6997.0
25063.0 6994.0
25064.0 6993.0
25065.0 6988.0
25066.0 6984.0
25068.0 6983.0
25069.0 6981.0
25070.0 6977.0
25071.0 6975.0
25072.0 6974.0
25073.0 6971.0
25075.0 6970.0
25076.0 6964.0
25078.0 6958.0
25083.0 6951.0
25085.0 6945.0
25092.0 6944.0
25093.0 6941.0
25094.0 6936.0
25095.0 6932.0
25100.0 6928.0
25101.0 6922.0
25102.0 6919.0
25108.0 6909.0
25113.0 6907.0
25115.0 6903.0
25116.0 6898.0
25117.0 6894.0
25122.0 6890.0
25123.0 6884.0
25124.0 6881.0
25130.0 6871.0
25137.0 6869.0
25139.0 6864.0
25143.0 6859.0
25145.0 6855.0
25146.0 6852.0
25147.0 6848.0
25148.0 6844.0
25151.0 6836.0
25153.0 6835.0
25155.0 6829.0
25158.0 6827.0
25160.0 6825.0
25161.0 6823.0
25162.0 6819.0
25164.0 6818.0
25166.0 6812.0
25169.0 6810.0
25170.0 6807.0
25173.0 6803.0
25177.0 6797.0
25179.0 6796.0
25181.0 6790.0
25184.0 6788.0
25186.0 6787.0
25188.0 6781.0
25194.0 6779.0
25197.0 6778.0
25201.0 6774.0
25203.0 6773.0
25204.0 6771.0
25205.0 6767.0
25208.0 6764.0
25212.0 6760.0
25214.0 6759.0
25216.0 6753.0
25225.0 6750.0
25229.0 6749.0
25230.0 6747.0
25234.0 6741.0
25243.0 6738.0
25247.0 6737.0
25248.0 6735.0
25256.0 6732.0
25258.0 6731.0
25260.0 6725.0
25268.0 6721.0
25270.0 6719.0
25277.0 6715.0
25278.0 6713.0
25281.0 6708.0
25288.0 6707.0
25289.0 6706.0
25294.0 6704.0
25295.0 6703.0
25299.0 6696.0
25312.0 6692.0
25317.0 6689.0
25318.0 6688.0
25319.0 6687.0
25320.0 6685.0
25321.0 6684.0
25323.0 6678.0
25324.0 6677.0
25329.0 6675.0
25330.0 6674.0
25337.0 6673.0
25340.0 6672.0
25341.0 6671.0
25343.0 6670.0
25345.0 6666.0
25346.0 6665.0
25347.0 6664.0
25351.0 6663.0
25352.0 6662.0
25354.0 6659.0
25355.0 6658.0
25363.0 6656.0
25364.0 6655.0
25368.0 6653.0
25369.0 6652.0
25372.0 6649.0
25373.0 6648.0
25375.0 6647.0
25376.0 6646.0
25380.0 6644.0
25381.0 6643.0
25389.0 6640.0
25390.0 6639.0
25393.0 6638.0
25394.0 6637.0
25395.0 6636.0
25403.0 6635.0
25405.0 6634.0
25407.0 6630.0
25408.0 6629.0
25417.0 6627.0
25418.0 6626.0
25420.0 6625.0
25424.0 6622.0
25425.0 6621.0
25431.0 6620.0
25432.0 6619.0
25435.0 6618.0
25439.0 6616.0
25440.0 6615.0
25448.0 6614.0
25449.0 6613.0
25450.0 6612.0
25452.0 6610.0
25456.0 6608.0
25457.0 6607.0
25461.0 6606.0
25462.0 6605.0
25468.0 6601.0
25469.0 6600.0
25484.0 6599.0
25487.0 6598.0
25488.0 6596.0
25489.0 6594.0
25493.0 6592.0
25494.0 6591.0
25496.0 6589.0
25500.0 6587.0
25501.0 6586.0
25522.0 6585.0
25525.0 6583.0
25532.0 6578.0
25556.0 6576.0
25560.0 6574.0
25565.0 6572.0
25573.0 6570.0
25574.0 6568.0
25586.0 6567.0
25589.0 6565.0
25595.0 6564.0
25597.0 6561.0
25598.0 6560.0
25606.0 6558.0
25611.0 6557.0
25618.0 6552.0
25622.0 6545.0
25635.0 6544.0
25637.0 6541.0
25646.0 6540.0
25658.0 6533.0
25676.0 6532.0
25677.0 6531.0
25680.0 6529.0
25687.0 6527.0
25690.0 6525.0
25706.0 6520.0
25718.0 6519.0
25730.0 6518.0
25732.0 6517.0
25738.0 6515.0
25743.0 6513.0
25750.0 6511.0
25759.0 6508.0
25766.0 6505.0
25768.0 6503.0
25775.0 6502.0
25778.0 6499.0
25782.0 6497.0
25786.0 6495.0
25793.0 6491.0
25794.0 6486.0
25802.0 6485.0
25803.0 6484.0
25804.0 6479.0
25812.0 6478.0
25814.0 6477.0
25822.0 6472.0
25832.0 6471.0
25844.0 6470.0
25845.0 6468.0
25846.0 6466.0
25849.0 6463.0
25851.0 6461.0
25855.0 6460.0
25856.0 6459.0
25859.0 6456.0
25861.0 6454.0
25865.0 6453.0
25873.0 6451.0
25891.0 6446.0
25899.0 6445.0
25902.0 6443.0
25906.0 6442.0
25909.0 6439.0
25915.0 6438.0
25922.0 6433.0
25932.0 6432.0
25933.0 6431.0
25934.0 6430.0
25938.0 6429.0
25941.0 6427.0
25945.0 6426.0
25946.0 6425.0
25948.0 6423.0
25949.0 6422.0
25950.0 6421.0
25951.0 6420.0
25955.0 6419.0
25958.0 6416.0
25960.0 6414.0
25964.0 6413.0
25967.0 6411.0
25971.0 6410.0
25973.0 6408.0
25975.0 6406.0
25977.0 6404.0
25981.0 6403.0
25988.0 6400.0
25990.0 6398.0
25994.0 6397.0
26002.0 6395.0
26020.0 6394.0
26024.0 6390.0
26026.0 6388.0
26030.0 6387.0
26038.0 6385.0
26049.0 6383.0
26053.0 6382.0
26061.0 6380.0
26068.0 6379.0
26072.0 6378.0
26073.0 6377.0
26077.0 6376.0
26084.0 6375.0
26085.0 6374.0
26093.0 6371.0
26095.0 6369.0
26099.0 6368.0
26107.0 6366.0
26123.0 6364.0
26126.0 6363.0
26133.0 6362.0
26134.0 6361.0
26141.0 6360.0
26149.0 6358.0
26150.0 6357.0
26157.0 6356.0
26158.0 6355.0
26170.0 6354.0
26172.0 6349.0
26180.0 6347.0
26201.0 6344.0
26210.0 6343.0
26224.0 6342.0
26227.0 6340.0
26235.0 6338.0
26237.0 6336.0
26239.0 6335.0
26248.0 6334.0
26257.0 6333.0
26265.0 6332.0
26273.0 6330.0
26277.0 6329.0
26280.0 6328.0
26292.0 6327.0
26300.0 6325.0
26315.0 6323.0
26318.0 6322.0
26325.0 6321.0
26326.0 6320.0
26341.0 6317.0
26360.0 6316.0
26378.0 6313.0
26393.0 6311.0
26447.0 6308.0
26469.0 6306.0
26491.0 6302.0
26496.0 6301.0
26507.0 6300.0
26516.0 6299.0
26518.0 6297.0
26529.0 6296.0
26541.0 6295.0
26559.0 6291.0
26571.0 6290.0
26584.0 6288.0
26586.0 6286.0
26597.0 6285.0
26609.0 6284.0
26627.0 6282.0
26632.0 6281.0
26643.0 6280.0
26668.0 6279.0
26673.0 6277.0
27104.0 6276.0
27108.0 6275.0
