57.0 61.0
48.0 67.0
42.0 85.0
42.0 85.0
57.0 61.0
42.0 85.0
48.0 67.0
48.0 67.0
57.0 61.0
48.0 67.0
55.0 63.0
55.0 63.0
57.0 61.0
44.0 75.0
44.0 75.0
42.0 85.0
57.0 61.0
57.0 61.0
55.0 63.0
42.0 85.0
44.0 75.0
55.0 63.0
48.0 67.0
43.0 79.0
45.0 72.0
41.0 87.0
43.0 79.0
41.0 87.0
43.0 79.0
57.0 61.0
57.0 61.0
41.0 87.0
41.0 87.0
43.0 79.0
44.0 75.0
46.0 68.0
48.0 67.0
44.0 75.0
43.0 79.0
55.0 63.0
46.0 68.0
43.0 79.0
45.0 72.0
42.0 85.0
46.0 68.0
46.0 68.0
52.0 66.0
45.0 72.0
43.0 79.0
42.0 85.0
44.0 75.0
45.0 72.0
44.0 75.0
57.0 61.0
52.0 66.0
48.0 67.0
46.0 68.0
45.0 72.0
46.0 68.0
52.0 66.0
46.0 68.0
41.0 87.0
45.0 72.0
41.0 87.0
44.0 75.0
41.0 87.0
52.0 66.0
42.0 85.0
48.0 67.0
55.0 63.0
41.0 87.0
55.0 63.0
52.0 66.0
52.0 66.0
48.0 67.0
41.0 87.0
41.0 87.0
52.0 66.0
52.0 66.0
42.0 85.0
43.0 79.0
46.0 68.0
48.0 67.0
44.0 75.0
44.0 75.0
55.0 63.0
46.0 68.0
45.0 72.0
45.0 72.0
52.0 66.0
57.0 61.0
43.0 79.0
55.0 63.0
42.0 85.0
52.0 66.0
55.0 63.0
43.0 79.0
45.0 72.0
46.0 68.0
45.0 72.0
