77.0 93.0
78.0 92.0
78.0 92.0
77.0 93.0
77.0 93.0
77.0 93.0
79.0 91.0
70.0 106.0
78.0 92.0
70.0 106.0
79.0 91.0
79.0 91.0
79.0 91.0
78.0 92.0
70.0 106.0
75.0 99.0
68.0 123.0
70.0 106.0
68.0 123.0
66.0 138.0
67.0 130.0
72.0 104.0
72.0 104.0
68.0 123.0
66.0 138.0
68.0 123.0
66.0 138.0
75.0 99.0
66.0 138.0
72.0 104.0
73.0 101.0
77.0 93.0
73.0 101.0
78.0 92.0
67.0 130.0
72.0 104.0
66.0 138.0
77.0 93.0
70.0 106.0
73.0 101.0
78.0 92.0
75.0 99.0
75.0 99.0
68.0 123.0
66.0 138.0
72.0 104.0
66.0 138.0
66.0 138.0
68.0 123.0
75.0 99.0
72.0 104.0
66.0 138.0
68.0 123.0
67.0 130.0
72.0 104.0
79.0 91.0
75.0 99.0
79.0 91.0
69.0 113.0
73.0 101.0
75.0 99.0
77.0 93.0
69.0 113.0
79.0 91.0
77.0 93.0
69.0 113.0
69.0 113.0
78.0 92.0
73.0 101.0
67.0 130.0
73.0 101.0
78.0 92.0
70.0 106.0
67.0 130.0
70.0 106.0
68.0 123.0
73.0 101.0
73.0 101.0
67.0 130.0
72.0 104.0
72.0 104.0
68.0 123.0
67.0 130.0
78.0 92.0
79.0 91.0
75.0 99.0
69.0 113.0
75.0 99.0
79.0 91.0
67.0 130.0
69.0 113.0
67.0 130.0
69.0 113.0
66.0 138.0
69.0 113.0
69.0 113.0
70.0 106.0
70.0 106.0
77.0 93.0
73.0 101.0
