363.0 698.0
363.0 698.0
374.0 678.0
374.0 678.0
359.0 709.0
364.0 697.0
374.0 678.0
359.0 709.0
378.0 674.0
360.0 704.0
364.0 697.0
355.0 727.0
360.0 704.0
360.0 704.0
359.0 709.0
359.0 709.0
357.0 712.0
378.0 674.0
355.0 727.0
368.0 689.0
360.0 704.0
373.0 680.0
363.0 698.0
372.0 685.0
370.0 687.0
360.0 704.0
355.0 727.0
373.0 680.0
366.0 690.0
364.0 697.0
356.0 713.0
362.0 699.0
378.0 674.0
366.0 690.0
357.0 712.0
357.0 712.0
356.0 713.0
362.0 699.0
362.0 699.0
376.0 676.0
363.0 698.0
373.0 680.0
356.0 713.0
370.0 687.0
360.0 704.0
378.0 674.0
370.0 687.0
362.0 699.0
370.0 687.0
359.0 709.0
368.0 689.0
356.0 713.0
355.0 727.0
365.0 695.0
364.0 697.0
359.0 709.0
355.0 727.0
356.0 713.0
372.0 685.0
364.0 697.0
374.0 678.0
363.0 698.0
365.0 695.0
360.0 704.0
355.0 727.0
362.0 699.0
374.0 678.0
366.0 690.0
356.0 713.0
357.0 712.0
378.0 674.0
355.0 727.0
373.0 680.0
366.0 690.0
365.0 695.0
368.0 689.0
365.0 695.0
373.0 680.0
365.0 695.0
368.0 689.0
359.0 709.0
373.0 680.0
357.0 712.0
364.0 697.0
368.0 689.0
372.0 685.0
357.0 712.0
363.0 698.0
372.0 685.0
366.0 690.0
368.0 689.0
374.0 678.0
365.0 695.0
366.0 690.0
362.0 699.0
370.0 687.0
372.0 685.0
370.0 687.0
372.0 685.0
378.0 674.0
