454.0 1102.0
454.0 1102.0
456.0 1086.0
465.0 990.0
465.0 990.0
514.0 908.0
457.0 1080.0
465.0 990.0
455.0 1094.0
505.0 922.0
514.0 908.0
456.0 1086.0
459.0 1034.0
467.0 984.0
471.0 976.0
496.0 929.0
459.0 1034.0
521.0 902.0
469.0 981.0
453.0 1105.0
521.0 902.0
522.0 897.0
496.0 929.0
453.0 1105.0
456.0 1086.0
505.0 922.0
493.0 931.0
506.0 910.0
472.0 974.0
518.0 904.0
521.0 902.0
522.0 897.0
467.0 984.0
482.0 948.0
460.0 1033.0
472.0 974.0
455.0 1094.0
484.0 945.0
493.0 931.0
518.0 904.0
485.0 942.0
490.0 933.0
502.0 924.0
499.0 926.0
488.0 936.0
487.0 939.0
480.0 951.0
487.0 939.0
496.0 929.0
516.0 907.0
470.0 978.0
485.0 942.0
499.0 926.0
469.0 981.0
476.0 958.0
499.0 926.0
488.0 936.0
473.0 964.0
473.0 964.0
479.0 954.0
518.0 904.0
467.0 984.0
480.0 951.0
471.0 976.0
531.0 894.0
455.0 1094.0
484.0 945.0
531.0 894.0
482.0 948.0
473.0 964.0
476.0 958.0
452.0 1113.0
460.0 1033.0
477.0 957.0
470.0 978.0
502.0 924.0
452.0 1113.0
505.0 922.0
516.0 907.0
461.0 1008.0
475.0 961.0
475.0 961.0
470.0 978.0
452.0 1113.0
531.0 894.0
490.0 933.0
475.0 961.0
488.0 936.0
479.0 954.0
490.0 933.0
487.0 939.0
482.0 948.0
478.0 955.0
478.0 955.0
493.0 931.0
469.0 981.0
506.0 910.0
522.0 897.0
477.0 957.0
516.0 907.0
