158.0 901.0
145.0 907.0
159.0 899.0
158.0 901.0
134.0 944.0
116.0 1043.0
117.0 1027.0
108.0 1132.0
159.0 899.0
143.0 908.0
116.0 1043.0
110.0 1115.0
141.0 920.0
126.0 972.0
107.0 1140.0
108.0 1132.0
128.0 956.0
138.0 927.0
110.0 1115.0
134.0 944.0
109.0 1121.0
123.0 982.0
109.0 1121.0
138.0 927.0
105.0 1186.0
116.0 1043.0
109.0 1121.0
139.0 924.0
125.0 976.0
119.0 1004.0
141.0 920.0
122.0 984.0
107.0 1140.0
127.0 970.0
125.0 976.0
159.0 899.0
110.0 1115.0
118.0 1010.0
105.0 1186.0
107.0 1140.0
105.0 1186.0
127.0 970.0
123.0 982.0
123.0 982.0
113.0 1063.0
146.0 903.0
135.0 939.0
160.0 896.0
122.0 984.0
139.0 924.0
141.0 920.0
120.0 990.0
135.0 939.0
118.0 1010.0
134.0 944.0
119.0 1004.0
136.0 930.0
113.0 1063.0
139.0 924.0
135.0 939.0
128.0 956.0
160.0 896.0
119.0 1004.0
115.0 1049.0
114.0 1057.0
125.0 976.0
118.0 1010.0
136.0 930.0
113.0 1063.0
115.0 1049.0
114.0 1057.0
111.0 1079.0
117.0 1027.0
108.0 1132.0
136.0 930.0
143.0 908.0
143.0 908.0
105.0 1186.0
117.0 1027.0
120.0 990.0
117.0 1027.0
145.0 907.0
145.0 907.0
115.0 1049.0
112.0 1077.0
127.0 970.0
112.0 1077.0
160.0 896.0
120.0 990.0
108.0 1132.0
132.0 946.0
113.0 1063.0
114.0 1057.0
110.0 1115.0
138.0 927.0
107.0 1140.0
112.0 1077.0
122.0 984.0
116.0 1043.0
120.0 990.0
