1328.0 260.0
1328.0 260.0
1328.0 260.0
1266.0 311.0
1266.0 311.0
1406.0 250.0
1266.0 311.0
1406.0 250.0
1406.0 250.0
1411.0 248.0
1411.0 248.0
1270.0 278.0
1270.0 278.0
1411.0 248.0
1316.0 265.0
1270.0 278.0
1328.0 260.0
1316.0 265.0
1411.0 248.0
1406.0 250.0
1266.0 311.0
1406.0 250.0
1406.0 250.0
1406.0 250.0
1316.0 265.0
1270.0 278.0
1316.0 265.0
1317.0 263.0
1314.0 266.0
1354.0 256.0
1316.0 265.0
1289.0 271.0
1289.0 271.0
1341.0 258.0
1411.0 248.0
1341.0 258.0
1354.0 256.0
1314.0 266.0
1289.0 271.0
1314.0 266.0
1341.0 258.0
1296.0 267.0
1363.0 252.0
1317.0 263.0
1314.0 266.0
1317.0 263.0
1289.0 271.0
1363.0 252.0
1363.0 252.0
1266.0 311.0
1296.0 267.0
1289.0 271.0
1341.0 258.0
1296.0 267.0
1363.0 252.0
1289.0 271.0
1317.0 263.0
1354.0 256.0
1341.0 258.0
1354.0 256.0
1317.0 263.0
1296.0 267.0
1317.0 263.0
1289.0 271.0
1363.0 252.0
1354.0 256.0
1341.0 258.0
1270.0 278.0
1314.0 266.0
1266.0 311.0
1317.0 263.0
1354.0 256.0
1411.0 248.0
1266.0 311.0
1354.0 256.0
1411.0 248.0
1363.0 252.0
1317.0 263.0
1314.0 266.0
1289.0 271.0
1363.0 252.0
1341.0 258.0
1314.0 266.0
1406.0 250.0
1328.0 260.0
1270.0 278.0
1316.0 265.0
1296.0 267.0
1314.0 266.0
1316.0 265.0
1354.0 256.0
1411.0 248.0
1296.0 267.0
1296.0 267.0
1341.0 258.0
1296.0 267.0
1270.0 278.0
1270.0 278.0
1266.0 311.0
1363.0 252.0
