10127.0 1716.0
10193.0 1657.0
10454.0 1510.0
10438.0 1518.0
10247.0 1609.0
10206.0 1639.0
10172.0 1668.0
10222.0 1629.0
10442.0 1513.0
10198.0 1654.0
10154.0 1686.0
10318.0 1568.0
10176.0 1666.0
10099.0 1740.0
10194.0 1656.0
10206.0 1639.0
10126.0 1717.0
10146.0 1694.0
10130.0 1710.0
10188.0 1658.0
10165.0 1675.0
10403.0 1531.0
10341.0 1551.0
10153.0 1693.0
10138.0 1705.0
10104.0 1739.0
10281.0 1589.0
10110.0 1727.0
10158.0 1679.0
10307.0 1573.0
10335.0 1556.0
10170.0 1671.0
10099.0 1740.0
10433.0 1521.0
10093.0 1743.0
10254.0 1596.0
10307.0 1573.0
10154.0 1686.0
10335.0 1556.0
10247.0 1609.0
10078.0 1758.0
10318.0 1568.0
10274.0 1593.0
10186.0 1664.0
10107.0 1730.0
10145.0 1703.0
10328.0 1559.0
10442.0 1513.0
10403.0 1531.0
10292.0 1578.0
10203.0 1649.0
10093.0 1743.0
10345.0 1546.0
10088.0 1744.0
10085.0 1754.0
10427.0 1529.0
10122.0 1721.0
10292.0 1578.0
10146.0 1694.0
10235.0 1617.0
10160.0 1676.0
10432.0 1526.0
10105.0 1733.0
10235.0 1617.0
10285.0 1584.0
10322.0 1563.0
10153.0 1693.0
10393.0 1540.0
10345.0 1546.0
10117.0 1723.0
10134.0 1707.0
10145.0 1703.0
10128.0 1714.0
10454.0 1510.0
10112.0 1724.0
10427.0 1529.0
10181.0 1665.0
10351.0 1542.0
10186.0 1664.0
10297.0 1576.0
10393.0 1540.0
10351.0 1542.0
10397.0 1535.0
10397.0 1535.0
10085.0 1754.0
10203.0 1649.0
10282.0 1588.0
10341.0 1551.0
10218.0 1631.0
10298.0 1574.0
10086.0 1747.0
10328.0 1559.0
10226.0 1618.0
10226.0 1618.0
10122.0 1721.0
10276.0 1592.0
10238.0 1610.0
10322.0 1563.0
10238.0 1610.0
10080.0 1755.0
