130.0 142.0
130.0 142.0
130.0 142.0
130.0 142.0
122.0 164.0
122.0 164.0
118.0 184.0
116.0 200.0
116.0 200.0
120.0 172.0
130.0 142.0
120.0 172.0
120.0 172.0
116.0 200.0
120.0 172.0
118.0 184.0
125.0 152.0
120.0 172.0
122.0 164.0
116.0 200.0
125.0 152.0
125.0 152.0
130.0 142.0
115.0 203.0
123.0 156.0
120.0 172.0
114.0 214.0
118.0 184.0
117.0 190.0
122.0 164.0
117.0 190.0
130.0 142.0
119.0 180.0
123.0 156.0
117.0 190.0
115.0 203.0
120.0 172.0
117.0 190.0
118.0 184.0
116.0 200.0
119.0 180.0
116.0 200.0
118.0 184.0
123.0 156.0
126.0 144.0
130.0 142.0
126.0 144.0
114.0 214.0
120.0 172.0
114.0 214.0
125.0 152.0
117.0 190.0
117.0 190.0
118.0 184.0
126.0 144.0
117.0 190.0
116.0 200.0
119.0 180.0
122.0 164.0
125.0 152.0
115.0 203.0
119.0 180.0
122.0 164.0
114.0 214.0
126.0 144.0
118.0 184.0
122.0 164.0
125.0 152.0
126.0 144.0
118.0 184.0
122.0 164.0
115.0 203.0
123.0 156.0
115.0 203.0
126.0 144.0
125.0 152.0
117.0 190.0
119.0 180.0
117.0 190.0
119.0 180.0
126.0 144.0
114.0 214.0
123.0 156.0
119.0 180.0
123.0 156.0
116.0 200.0
123.0 156.0
115.0 203.0
114.0 214.0
115.0 203.0
126.0 144.0
123.0 156.0
122.0 164.0
119.0 180.0
120.0 172.0
114.0 214.0
114.0 214.0
125.0 152.0
114.0 214.0
115.0 203.0
