55.0 1201.0
56.0 1165.0
55.0 1201.0
64.0 1099.0
78.0 1018.0
78.0 1018.0
65.0 1084.0
68.0 1069.0
64.0 1099.0
78.0 1018.0
55.0 1201.0
78.0 1018.0
68.0 1069.0
80.0 1011.0
55.0 1201.0
68.0 1069.0
65.0 1084.0
73.0 1039.0
80.0 1011.0
67.0 1073.0
67.0 1073.0
65.0 1084.0
65.0 1084.0
75.0 1023.0
72.0 1040.0
65.0 1084.0
71.0 1047.0
72.0 1040.0
75.0 1023.0
78.0 1018.0
80.0 1011.0
71.0 1047.0
64.0 1099.0
80.0 1011.0
59.0 1116.0
75.0 1023.0
69.0 1063.0
71.0 1047.0
77.0 1019.0
75.0 1023.0
67.0 1073.0
73.0 1039.0
77.0 1019.0
74.0 1024.0
60.0 1111.0
75.0 1023.0
67.0 1073.0
77.0 1019.0
73.0 1039.0
66.0 1078.0
74.0 1024.0
68.0 1069.0
70.0 1048.0
68.0 1069.0
77.0 1019.0
83.0 1006.0
75.0 1023.0
72.0 1040.0
73.0 1039.0
78.0 1018.0
72.0 1040.0
80.0 1011.0
65.0 1084.0
74.0 1024.0
64.0 1099.0
66.0 1078.0
73.0 1039.0
66.0 1078.0
71.0 1047.0
66.0 1078.0
55.0 1201.0
67.0 1073.0
69.0 1063.0
80.0 1011.0
74.0 1024.0
66.0 1078.0
67.0 1073.0
69.0 1063.0
64.0 1099.0
71.0 1047.0
69.0 1063.0
68.0 1069.0
64.0 1099.0
66.0 1078.0
69.0 1063.0
74.0 1024.0
71.0 1047.0
77.0 1019.0
77.0 1019.0
55.0 1201.0
70.0 1048.0
72.0 1040.0
70.0 1048.0
73.0 1039.0
70.0 1048.0
70.0 1048.0
70.0 1048.0
69.0 1063.0
74.0 1024.0
72.0 1040.0
