765.0 839.0
734.0 993.0
765.0 839.0
776.0 831.0
775.0 832.0
776.0 831.0
735.0 981.0
731.0 1024.0
731.0 1024.0
776.0 831.0
731.0 1024.0
772.0 838.0
772.0 838.0
751.0 895.0
749.0 912.0
751.0 895.0
741.0 945.0
741.0 945.0
775.0 832.0
764.0 842.0
749.0 912.0
737.0 966.0
763.0 849.0
753.0 886.0
741.0 945.0
739.0 955.0
765.0 839.0
732.0 1012.0
759.0 862.0
738.0 958.0
772.0 838.0
759.0 862.0
764.0 842.0
746.0 924.0
757.0 874.0
754.0 883.0
737.0 966.0
740.0 948.0
744.0 932.0
753.0 886.0
732.0 1012.0
759.0 862.0
737.0 966.0
733.0 1002.0
747.0 920.0
762.0 852.0
762.0 852.0
747.0 920.0
749.0 912.0
740.0 948.0
739.0 955.0
764.0 842.0
744.0 932.0
746.0 924.0
735.0 981.0
744.0 932.0
735.0 981.0
743.0 936.0
732.0 1012.0
758.0 865.0
763.0 849.0
742.0 939.0
756.0 877.0
743.0 936.0
742.0 939.0
748.0 915.0
742.0 939.0
763.0 849.0
743.0 936.0
736.0 969.0
757.0 874.0
757.0 874.0
745.0 927.0
745.0 927.0
756.0 877.0
733.0 1002.0
736.0 969.0
748.0 915.0
751.0 895.0
738.0 958.0
750.0 898.0
746.0 924.0
750.0 898.0
745.0 927.0
754.0 883.0
740.0 948.0
762.0 852.0
739.0 955.0
775.0 832.0
736.0 969.0
738.0 958.0
748.0 915.0
756.0 877.0
754.0 883.0
750.0 898.0
747.0 920.0
753.0 886.0
758.0 865.0
758.0 865.0
733.0 1002.0
