459.0 1058.0
459.0 1058.0
464.0 1032.0
484.0 967.0
458.0 1061.0
466.0 1021.0
507.0 933.0
460.0 1047.0
469.0 1012.0
464.0 1032.0
479.0 992.0
518.0 916.0
485.0 963.0
469.0 1012.0
518.0 916.0
499.0 946.0
518.0 916.0
484.0 967.0
506.0 934.0
474.0 1005.0
485.0 963.0
474.0 1005.0
475.0 1000.0
496.0 949.0
460.0 1047.0
511.0 926.0
470.0 1010.0
463.0 1035.0
462.0 1041.0
481.0 979.0
523.0 914.0
463.0 1035.0
513.0 922.0
523.0 914.0
499.0 946.0
512.0 923.0
504.0 940.0
474.0 1005.0
465.0 1022.0
481.0 979.0
487.0 957.0
487.0 957.0
522.0 915.0
460.0 1047.0
504.0 940.0
471.0 1006.0
509.0 929.0
467.0 1016.0
463.0 1035.0
461.0 1044.0
458.0 1061.0
459.0 1058.0
462.0 1041.0
505.0 939.0
485.0 963.0
458.0 1061.0
471.0 1006.0
505.0 939.0
475.0 1000.0
501.0 942.0
465.0 1022.0
470.0 1010.0
501.0 942.0
495.0 950.0
499.0 946.0
462.0 1041.0
524.0 911.0
514.0 919.0
496.0 949.0
522.0 915.0
511.0 926.0
475.0 1000.0
481.0 979.0
461.0 1044.0
507.0 933.0
514.0 919.0
509.0 929.0
524.0 911.0
509.0 929.0
467.0 1016.0
466.0 1021.0
503.0 941.0
512.0 923.0
480.0 983.0
464.0 1032.0
508.0 932.0
487.0 957.0
524.0 911.0
495.0 950.0
511.0 926.0
477.0 993.0
513.0 922.0
508.0 932.0
467.0 1016.0
506.0 934.0
480.0 983.0
514.0 919.0
480.0 983.0
484.0 967.0
503.0 941.0
