115.0 1025.0
115.0 1025.0
117.0 1005.0
130.0 930.0
140.0 908.0
117.0 1005.0
154.0 880.0
142.0 904.0
140.0 908.0
142.0 904.0
149.0 887.0
145.0 896.0
149.0 887.0
152.0 884.0
153.0 881.0
141.0 907.0
152.0 884.0
134.0 923.0
154.0 880.0
129.0 933.0
129.0 933.0
145.0 896.0
154.0 880.0
138.0 911.0
131.0 929.0
133.0 925.0
133.0 925.0
148.0 888.0
117.0 1005.0
144.0 897.0
135.0 921.0
123.0 963.0
147.0 891.0
146.0 893.0
119.0 987.0
132.0 927.0
130.0 930.0
121.0 983.0
152.0 884.0
136.0 915.0
123.0 963.0
134.0 923.0
135.0 921.0
151.0 885.0
138.0 911.0
144.0 897.0
151.0 885.0
132.0 927.0
132.0 927.0
125.0 945.0
139.0 909.0
121.0 983.0
135.0 921.0
150.0 886.0
119.0 987.0
141.0 907.0
136.0 915.0
115.0 1025.0
136.0 915.0
151.0 885.0
139.0 909.0
137.0 913.0
147.0 891.0
137.0 913.0
125.0 945.0
122.0 982.0
129.0 933.0
134.0 923.0
147.0 891.0
150.0 886.0
122.0 982.0
137.0 913.0
127.0 941.0
141.0 907.0
127.0 941.0
142.0 904.0
127.0 941.0
138.0 911.0
133.0 925.0
146.0 893.0
153.0 881.0
139.0 909.0
150.0 886.0
145.0 896.0
146.0 893.0
140.0 908.0
121.0 983.0
153.0 881.0
143.0 903.0
119.0 987.0
130.0 930.0
131.0 929.0
122.0 982.0
144.0 897.0
149.0 887.0
131.0 929.0
143.0 903.0
125.0 945.0
143.0 903.0
123.0 963.0
