4628.0 368.0
4669.0 363.0
4628.0 368.0
4595.0 401.0
4669.0 363.0
4784.0 345.0
4595.0 401.0
4601.0 395.0
4784.0 345.0
4669.0 363.0
4784.0 345.0
4784.0 345.0
4601.0 395.0
4669.0 363.0
4601.0 395.0
4705.0 358.0
4601.0 395.0
4763.0 349.0
4784.0 345.0
4705.0 358.0
4772.0 347.0
4772.0 347.0
4763.0 349.0
4660.0 365.0
4595.0 401.0
4847.0 340.0
4732.0 350.0
4847.0 340.0
4699.0 361.0
4601.0 395.0
4705.0 358.0
4772.0 347.0
4772.0 347.0
4763.0 349.0
4772.0 347.0
4595.0 401.0
4847.0 340.0
4789.0 344.0
4601.0 395.0
4784.0 345.0
4732.0 350.0
4699.0 361.0
4847.0 340.0
4699.0 361.0
4669.0 363.0
4732.0 350.0
4732.0 350.0
4763.0 349.0
4763.0 349.0
4784.0 345.0
4789.0 344.0
4601.0 395.0
4772.0 347.0
4726.0 356.0
4699.0 361.0
4705.0 358.0
4732.0 350.0
4847.0 340.0
4790.0 342.0
4784.0 345.0
4790.0 342.0
4772.0 347.0
4789.0 344.0
4628.0 368.0
4763.0 349.0
4595.0 401.0
4847.0 340.0
4669.0 363.0
4595.0 401.0
4705.0 358.0
4790.0 342.0
4595.0 401.0
4789.0 344.0
4699.0 361.0
4732.0 350.0
4669.0 363.0
4732.0 350.0
4790.0 342.0
4732.0 350.0
4595.0 401.0
4789.0 344.0
4705.0 358.0
4790.0 342.0
4669.0 363.0
4705.0 358.0
4847.0 340.0
4699.0 361.0
4847.0 340.0
4699.0 361.0
4772.0 347.0
4789.0 344.0
4699.0 361.0
4790.0 342.0
4726.0 356.0
4763.0 349.0
4763.0 349.0
4705.0 358.0
4789.0 344.0
4790.0 342.0
4601.0 395.0
