2690.0 191.0
2690.0 191.0
2637.0 234.0
2738.0 176.0
2637.0 234.0
2721.0 181.0
2665.0 198.0
2738.0 176.0
2637.0 234.0
2690.0 191.0
2721.0 181.0
2738.0 176.0
2665.0 198.0
2747.0 174.0
2721.0 181.0
2665.0 198.0
2639.0 211.0
2721.0 181.0
2639.0 211.0
2698.0 186.0
2665.0 198.0
2707.0 184.0
2690.0 191.0
2747.0 174.0
2721.0 181.0
2665.0 198.0
2639.0 211.0
2639.0 211.0
2637.0 234.0
2721.0 181.0
2707.0 184.0
2721.0 181.0
2654.0 202.0
2654.0 202.0
2654.0 202.0
2738.0 176.0
2681.0 192.0
2652.0 204.0
2738.0 176.0
2712.0 183.0
2698.0 186.0
2712.0 183.0
2681.0 192.0
2712.0 183.0
2712.0 183.0
2652.0 204.0
2681.0 192.0
2681.0 192.0
2698.0 186.0
2738.0 176.0
2698.0 186.0
2637.0 234.0
2652.0 204.0
2707.0 184.0
2690.0 191.0
2721.0 181.0
2654.0 202.0
2712.0 183.0
2665.0 198.0
2707.0 184.0
2654.0 202.0
2747.0 174.0
2747.0 174.0
2639.0 211.0
2698.0 186.0
2747.0 174.0
2665.0 198.0
2747.0 174.0
2738.0 176.0
2712.0 183.0
2637.0 234.0
2652.0 204.0
2652.0 204.0
2681.0 192.0
2654.0 202.0
2698.0 186.0
2747.0 174.0
2637.0 234.0
2698.0 186.0
2690.0 191.0
2681.0 192.0
2654.0 202.0
2639.0 211.0
2637.0 234.0
2690.0 191.0
2639.0 211.0
2665.0 198.0
2707.0 184.0
2681.0 192.0
2690.0 191.0
2738.0 176.0
2707.0 184.0
2698.0 186.0
2681.0 192.0
2639.0 211.0
2712.0 183.0
2747.0 174.0
2707.0 184.0
2652.0 204.0
2652.0 204.0
