5562.0 566.0
5658.0 561.0
5419.0 665.0
5427.0 649.0
5427.0 649.0
5419.0 665.0
5449.0 622.0
5487.0 609.0
5419.0 665.0
5427.0 649.0
5500.0 602.0
5487.0 609.0
5449.0 622.0
5449.0 622.0
5419.0 665.0
5449.0 622.0
5487.0 609.0
5491.0 604.0
5539.0 568.0
5500.0 602.0
5443.0 625.0
5515.0 580.0
5515.0 580.0
5515.0 580.0
5443.0 625.0
5419.0 665.0
5443.0 625.0
5467.0 613.0
5515.0 580.0
5515.0 580.0
5539.0 568.0
5467.0 613.0
5427.0 649.0
5535.0 573.0
5467.0 613.0
5427.0 649.0
5487.0 609.0
5500.0 602.0
5443.0 625.0
5500.0 602.0
5491.0 604.0
5427.0 649.0
5635.0 563.0
5535.0 573.0
5449.0 622.0
5427.0 649.0
5473.0 610.0
5533.0 577.0
5535.0 573.0
5473.0 610.0
5515.0 580.0
5533.0 577.0
5535.0 573.0
5511.0 585.0
5491.0 604.0
5511.0 585.0
5511.0 585.0
5467.0 613.0
5449.0 622.0
5500.0 602.0
5535.0 573.0
5443.0 625.0
5533.0 577.0
5487.0 609.0
5511.0 585.0
5533.0 577.0
5419.0 665.0
5500.0 602.0
5509.0 589.0
5535.0 573.0
5467.0 613.0
5509.0 589.0
5533.0 577.0
5562.0 566.0
5491.0 604.0
5511.0 585.0
5539.0 568.0
5509.0 589.0
5473.0 610.0
5419.0 665.0
5449.0 622.0
5487.0 609.0
5539.0 568.0
5491.0 604.0
5509.0 589.0
5491.0 604.0
5539.0 568.0
5509.0 589.0
5443.0 625.0
5500.0 602.0
5473.0 610.0
5539.0 568.0
5533.0 577.0
5467.0 613.0
5443.0 625.0
5511.0 585.0
5473.0 610.0
5509.0 589.0
5473.0 610.0
5467.0 613.0
