846.0 1028.0
847.0 1010.0
848.0 999.0
849.0 962.0
850.0 955.0
851.0 945.0
852.0 932.0
853.0 925.0
854.0 915.0
855.0 900.0
856.0 893.0
857.0 890.0
858.0 881.0
859.0 867.0
860.0 863.0
861.0 853.0
862.0 845.0
863.0 843.0
864.0 840.0
865.0 838.0
866.0 833.0
867.0 831.0
868.0 823.0
869.0 816.0
870.0 811.0
871.0 806.0
872.0 804.0
874.0 799.0
875.0 794.0
876.0 792.0
880.0 785.0
881.0 780.0
883.0 776.0
885.0 774.0
887.0 764.0
891.0 761.0
892.0 759.0
893.0 756.0
894.0 754.0
895.0 753.0
896.0 751.0
898.0 750.0
