416.0 1238.0
417.0 1229.0
418.0 1223.0
419.0 1214.0
420.0 1209.0
421.0 1204.0
422.0 1194.0
423.0 1189.0
424.0 1179.0
425.0 1174.0
426.0 1166.0
427.0 1163.0
429.0 1157.0
430.0 1148.0
434.0 1142.0
435.0 1139.0
437.0 1132.0
440.0 1131.0
441.0 1126.0
442.0 1121.0
443.0 1120.0
444.0 1118.0
445.0 1108.0
447.0 1100.0
449.0 1096.0
450.0 1094.0
452.0 1086.0
454.0 1085.0
456.0 1077.0
459.0 1069.0
462.0 1068.0
464.0 1066.0
465.0 1061.0
467.0 1059.0
468.0 1053.0
470.0 1048.0
473.0 1043.0
475.0 1041.0
477.0 1039.0
478.0 1036.0
479.0 1033.0
482.0 1032.0
484.0 1030.0
485.0 1027.0
487.0 1025.0
490.0 1020.0
491.0 1019.0
493.0 1016.0
494.0 1015.0
496.0 1012.0
498.0 1009.0
500.0 1007.0
502.0 1005.0
504.0 1004.0
506.0 1001.0
508.0 997.0
511.0 995.0
532.0 991.0
536.0 987.0
541.0 984.0
