9938.0 1877.0
9942.0 1857.0
9944.0 1845.0
9949.0 1835.0
9951.0 1830.0
9954.0 1824.0
9958.0 1822.0
9960.0 1819.0
9966.0 1818.0
9967.0 1811.0
9972.0 1808.0
9976.0 1804.0
9979.0 1801.0
9984.0 1798.0
9985.0 1797.0
9993.0 1793.0
9996.0 1790.0
10001.0 1787.0
10003.0 1781.0
10004.0 1780.0
10007.0 1774.0
10015.0 1770.0
10020.0 1767.0
10022.0 1760.0
10034.0 1750.0
10046.0 1741.0
10054.0 1731.0
10060.0 1730.0
10063.0 1719.0
10071.0 1718.0
10077.0 1713.0
10078.0 1711.0
10080.0 1706.0
10085.0 1702.0
10089.0 1699.0
10092.0 1688.0
10098.0 1682.0
10106.0 1681.0
10112.0 1676.0
10114.0 1675.0
10122.0 1670.0
10124.0 1666.0
10130.0 1660.0
10138.0 1659.0
10144.0 1654.0
10146.0 1653.0
10154.0 1652.0
10158.0 1648.0
10166.0 1647.0
10169.0 1643.0
10170.0 1641.0
10178.0 1640.0
10179.0 1638.0
10185.0 1636.0
10186.0 1634.0
10194.0 1633.0
10195.0 1631.0
10203.0 1630.0
10208.0 1629.0
10209.0 1627.0
10217.0 1626.0
10218.0 1624.0
10226.0 1623.0
10230.0 1622.0
10235.0 1615.0
10242.0 1614.0
10243.0 1611.0
10244.0 1610.0
10248.0 1604.0
10254.0 1602.0
10256.0 1598.0
10262.0 1593.0
10266.0 1590.0
10268.0 1587.0
10270.0 1586.0
10273.0 1582.0
10275.0 1580.0
10276.0 1576.0
10280.0 1575.0
10281.0 1574.0
10285.0 1573.0
10286.0 1569.0
10288.0 1564.0
10293.0 1562.0
10298.0 1557.0
10304.0 1555.0
10309.0 1550.0
10319.0 1547.0
10324.0 1543.0
10329.0 1540.0
10337.0 1537.0
10338.0 1536.0
10339.0 1534.0
10344.0 1532.0
10347.0 1531.0
10349.0 1527.0
10357.0 1524.0
10376.0 1523.0
10378.0 1522.0
10381.0 1520.0
10385.0 1519.0
10390.0 1516.0
10391.0 1514.0
10396.0 1512.0
10401.0 1507.0
10419.0 1506.0
10422.0 1505.0
10426.0 1500.0
10427.0 1499.0
10439.0 1497.0
10441.0 1496.0
10446.0 1494.0
10458.0 1492.0
10477.0 1487.0
10481.0 1485.0
10493.0 1483.0
10518.0 1481.0
10540.0 1479.0
10559.0 1477.0
10567.0 1474.0
10579.0 1471.0
10586.0 1470.0
10595.0 1469.0
10602.0 1468.0
10606.0 1467.0
10613.0 1465.0
10618.0 1464.0
10625.0 1463.0
10649.0 1461.0
10652.0 1458.0
10659.0 1457.0
10714.0 1455.0
10716.0 1454.0
10766.0 1452.0
10780.0 1451.0
10796.0 1448.0
