21.0 180.0
21.0 180.0
21.0 180.0
21.0 180.0
21.0 180.0
27.0 154.0
31.0 152.0
22.0 171.0
21.0 180.0
33.0 146.0
27.0 154.0
21.0 180.0
33.0 146.0
23.0 162.0
21.0 180.0
22.0 171.0
21.0 180.0
27.0 154.0
31.0 152.0
31.0 152.0
21.0 180.0
31.0 152.0
27.0 154.0
22.0 171.0
22.0 171.0
22.0 171.0
22.0 171.0
22.0 171.0
23.0 162.0
31.0 152.0
25.0 160.0
23.0 162.0
21.0 180.0
25.0 160.0
25.0 160.0
22.0 171.0
27.0 154.0
25.0 160.0
23.0 162.0
25.0 160.0
27.0 154.0
22.0 171.0
33.0 146.0
23.0 162.0
31.0 152.0
23.0 162.0
31.0 152.0
21.0 180.0
25.0 160.0
23.0 162.0
22.0 171.0
33.0 146.0
27.0 154.0
27.0 154.0
31.0 152.0
33.0 146.0
21.0 180.0
33.0 146.0
23.0 162.0
25.0 160.0
31.0 152.0
33.0 146.0
25.0 160.0
23.0 162.0
23.0 162.0
25.0 160.0
31.0 152.0
33.0 146.0
31.0 152.0
27.0 154.0
21.0 180.0
33.0 146.0
23.0 162.0
31.0 152.0
22.0 171.0
22.0 171.0
25.0 160.0
33.0 146.0
22.0 171.0
31.0 152.0
27.0 154.0
27.0 154.0
25.0 160.0
22.0 171.0
22.0 171.0
33.0 146.0
27.0 154.0
23.0 162.0
33.0 146.0
31.0 152.0
25.0 160.0
25.0 160.0
33.0 146.0
27.0 154.0
23.0 162.0
25.0 160.0
23.0 162.0
21.0 180.0
33.0 146.0
27.0 154.0
