118.0 188.0
118.0 188.0
118.0 188.0
119.0 181.0
133.0 142.0
119.0 181.0
133.0 142.0
120.0 176.0
119.0 181.0
119.0 181.0
128.0 146.0
128.0 146.0
120.0 176.0
128.0 146.0
116.0 200.0
119.0 181.0
120.0 176.0
128.0 146.0
117.0 194.0
136.0 139.0
133.0 142.0
136.0 139.0
118.0 188.0
120.0 176.0
117.0 194.0
128.0 146.0
136.0 139.0
120.0 176.0
133.0 142.0
116.0 200.0
133.0 142.0
117.0 194.0
118.0 188.0
130.0 145.0
124.0 153.0
130.0 145.0
133.0 142.0
124.0 153.0
118.0 188.0
132.0 143.0
132.0 143.0
119.0 181.0
116.0 200.0
124.0 153.0
119.0 181.0
130.0 145.0
120.0 176.0
128.0 146.0
125.0 149.0
132.0 143.0
130.0 145.0
123.0 159.0
124.0 153.0
125.0 149.0
116.0 200.0
118.0 188.0
117.0 194.0
125.0 149.0
136.0 139.0
121.0 169.0
123.0 159.0
120.0 176.0
123.0 159.0
121.0 169.0
117.0 194.0
124.0 153.0
121.0 169.0
136.0 139.0
132.0 143.0
121.0 169.0
136.0 139.0
130.0 145.0
123.0 159.0
123.0 159.0
125.0 149.0
121.0 169.0
130.0 145.0
132.0 143.0
128.0 146.0
130.0 145.0
116.0 200.0
123.0 159.0
121.0 169.0
117.0 194.0
123.0 159.0
116.0 200.0
117.0 194.0
121.0 169.0
116.0 200.0
136.0 139.0
125.0 149.0
133.0 142.0
121.0 169.0
132.0 143.0
116.0 200.0
132.0 143.0
125.0 149.0
124.0 153.0
125.0 149.0
124.0 153.0
