491.0 673.0
463.0 787.0
463.0 787.0
463.0 787.0
468.0 747.0
464.0 780.0
475.0 698.0
464.0 780.0
475.0 698.0
464.0 780.0
468.0 747.0
468.0 747.0
465.0 759.0
475.0 698.0
464.0 780.0
475.0 698.0
473.0 703.0
477.0 675.0
473.0 703.0
468.0 747.0
468.0 747.0
477.0 675.0
464.0 780.0
473.0 703.0
477.0 675.0
463.0 787.0
473.0 703.0
473.0 703.0
491.0 673.0
475.0 698.0
463.0 787.0
477.0 675.0
473.0 703.0
471.0 710.0
493.0 667.0
493.0 667.0
477.0 675.0
468.0 747.0
477.0 675.0
463.0 787.0
475.0 698.0
493.0 667.0
493.0 667.0
493.0 667.0
469.0 737.0
468.0 747.0
491.0 673.0
469.0 737.0
468.0 747.0
463.0 787.0
475.0 698.0
464.0 780.0
472.0 707.0
469.0 737.0
468.0 747.0
469.0 737.0
493.0 667.0
471.0 710.0
472.0 707.0
477.0 675.0
472.0 707.0
472.0 707.0
470.0 731.0
469.0 737.0
470.0 731.0
472.0 707.0
470.0 731.0
470.0 731.0
464.0 780.0
464.0 780.0
473.0 703.0
471.0 710.0
468.0 747.0
472.0 707.0
470.0 731.0
470.0 731.0
472.0 707.0
493.0 667.0
493.0 667.0
470.0 731.0
473.0 703.0
465.0 759.0
477.0 675.0
469.0 737.0
469.0 737.0
470.0 731.0
477.0 675.0
491.0 673.0
475.0 698.0
470.0 731.0
469.0 737.0
464.0 780.0
469.0 737.0
472.0 707.0
464.0 780.0
473.0 703.0
493.0 667.0
475.0 698.0
477.0 675.0
472.0 707.0
