124.0 952.0
154.0 891.0
144.0 894.0
128.0 932.0
118.0 1033.0
128.0 932.0
154.0 891.0
116.0 1038.0
116.0 1038.0
118.0 1033.0
116.0 1038.0
118.0 1033.0
144.0 894.0
116.0 1038.0
128.0 932.0
140.0 906.0
119.0 1024.0
147.0 893.0
119.0 1024.0
120.0 990.0
112.0 1089.0
132.0 923.0
128.0 932.0
110.0 1095.0
119.0 1024.0
140.0 906.0
110.0 1095.0
112.0 1089.0
132.0 923.0
119.0 1024.0
144.0 894.0
132.0 923.0
130.0 927.0
116.0 1038.0
132.0 923.0
138.0 908.0
138.0 908.0
136.0 912.0
128.0 932.0
130.0 927.0
112.0 1089.0
135.0 915.0
118.0 1033.0
126.0 948.0
144.0 894.0
134.0 917.0
110.0 1095.0
134.0 917.0
110.0 1095.0
118.0 1033.0
114.0 1044.0
136.0 912.0
130.0 927.0
116.0 1038.0
134.0 917.0
140.0 906.0
142.0 898.0
130.0 927.0
140.0 906.0
114.0 1044.0
138.0 908.0
119.0 1024.0
132.0 923.0
112.0 1089.0
156.0 885.0
114.0 1044.0
136.0 912.0
138.0 908.0
134.0 917.0
136.0 912.0
114.0 1044.0
156.0 885.0
132.0 923.0
154.0 891.0
138.0 908.0
134.0 917.0
114.0 1044.0
156.0 885.0
110.0 1095.0
136.0 912.0
136.0 912.0
156.0 885.0
128.0 932.0
130.0 927.0
133.0 919.0
118.0 1033.0
110.0 1095.0
112.0 1089.0
134.0 917.0
130.0 927.0
144.0 894.0
138.0 908.0
140.0 906.0
119.0 1024.0
140.0 906.0
112.0 1089.0
156.0 885.0
114.0 1044.0
156.0 885.0
144.0 894.0
