2888.0 539.0
2888.0 539.0
2888.0 539.0
2944.0 529.0
2804.0 560.0
2944.0 529.0
2944.0 529.0
2760.0 574.0
2804.0 560.0
2778.0 570.0
2804.0 560.0
2760.0 574.0
2858.0 545.0
2952.0 523.0
2768.0 573.0
2778.0 570.0
2888.0 539.0
2822.0 558.0
2740.0 582.0
2822.0 558.0
2830.0 556.0
2740.0 582.0
2944.0 529.0
2724.0 587.0
2822.0 558.0
2760.0 574.0
2830.0 556.0
2768.0 573.0
2842.0 548.0
2804.0 560.0
2804.0 560.0
2748.0 576.0
2740.0 582.0
2778.0 570.0
2778.0 570.0
2792.0 562.0
2858.0 545.0
2842.0 548.0
2714.0 592.0
2792.0 562.0
2760.0 574.0
2852.0 547.0
2748.0 576.0
2852.0 547.0
2952.0 523.0
2740.0 582.0
2952.0 523.0
2686.0 600.0
2830.0 556.0
2748.0 576.0
2792.0 562.0
2714.0 592.0
2792.0 562.0
2686.0 600.0
2814.0 559.0
2822.0 558.0
2730.0 586.0
2768.0 573.0
2786.0 564.0
2952.0 523.0
2842.0 548.0
2784.0 568.0
2724.0 587.0
2730.0 586.0
2842.0 548.0
2852.0 547.0
2830.0 556.0
2730.0 586.0
2686.0 600.0
2852.0 547.0
2814.0 559.0
2768.0 573.0
2784.0 568.0
2896.0 533.0
2784.0 568.0
2748.0 576.0
2858.0 545.0
2896.0 533.0
2686.0 600.0
2842.0 548.0
2714.0 592.0
2944.0 529.0
2730.0 586.0
2952.0 523.0
2858.0 545.0
2714.0 592.0
2786.0 564.0
2814.0 559.0
2786.0 564.0
2714.0 592.0
2786.0 564.0
2724.0 587.0
2896.0 533.0
2896.0 533.0
2814.0 559.0
2748.0 576.0
2784.0 568.0
2686.0 600.0
2896.0 533.0
2724.0 587.0
