5462.0 627.0
5494.0 608.0
5494.0 608.0
5480.0 610.0
5494.0 608.0
5707.0 571.0
5462.0 627.0
5579.0 589.0
5579.0 589.0
5480.0 610.0
5494.0 608.0
5579.0 589.0
5480.0 610.0
5601.0 588.0
5601.0 588.0
5579.0 589.0
5440.0 665.0
5468.0 615.0
5468.0 615.0
5494.0 608.0
5601.0 588.0
5480.0 610.0
5579.0 589.0
5440.0 665.0
5462.0 627.0
5468.0 615.0
5537.0 596.0
5468.0 615.0
5509.0 602.0
5440.0 665.0
5509.0 602.0
5527.0 597.0
5494.0 608.0
5499.0 603.0
5440.0 665.0
5601.0 588.0
5470.0 611.0
5499.0 603.0
5480.0 610.0
5470.0 611.0
5523.0 600.0
5527.0 597.0
5470.0 611.0
5509.0 602.0
5523.0 600.0
5509.0 602.0
5527.0 597.0
5527.0 597.0
5499.0 603.0
5527.0 597.0
5498.0 605.0
5523.0 600.0
5629.0 577.0
5484.0 609.0
5462.0 627.0
5629.0 577.0
5452.0 628.0
5537.0 596.0
5537.0 596.0
5509.0 602.0
5470.0 611.0
5484.0 609.0
5601.0 588.0
5527.0 597.0
5601.0 588.0
5513.0 601.0
5579.0 589.0
5629.0 577.0
5498.0 605.0
5523.0 600.0
5484.0 609.0
5629.0 577.0
5553.0 595.0
5629.0 577.0
5513.0 601.0
5537.0 596.0
5468.0 615.0
5537.0 596.0
5498.0 605.0
5707.0 571.0
5498.0 605.0
5523.0 600.0
5462.0 627.0
5498.0 605.0
5499.0 603.0
5513.0 601.0
5509.0 602.0
5440.0 665.0
5537.0 596.0
5484.0 609.0
5470.0 611.0
5440.0 665.0
5484.0 609.0
5513.0 601.0
5513.0 601.0
5629.0 577.0
5470.0 611.0
5523.0 600.0
5499.0 603.0
5468.0 615.0
