8120.0 1122.0
8279.0 1013.0
8067.0 1148.0
8378.0 967.0
8275.0 1015.0
8123.0 1119.0
8080.0 1129.0
8113.0 1124.0
8119.0 1123.0
8056.0 1160.0
8283.0 1006.0
8067.0 1148.0
8131.0 1117.0
8135.0 1113.0
8056.0 1160.0
8131.0 1117.0
8046.0 1165.0
8029.0 1197.0
8220.0 1029.0
8355.0 973.0
8351.0 982.0
8019.0 1215.0
8320.0 987.0
8378.0 967.0
8019.0 1215.0
8220.0 1029.0
8167.0 1059.0
8247.0 1022.0
8448.0 960.0
8144.0 1098.0
8320.0 987.0
8079.0 1141.0
8351.0 982.0
8448.0 960.0
8038.0 1186.0
8043.0 1181.0
8203.0 1037.0
8199.0 1046.0
8264.0 1018.0
8289.0 1001.0
8258.0 1019.0
8297.0 993.0
8037.0 1189.0
8289.0 1001.0
8173.0 1054.0
8108.0 1128.0
8032.0 1192.0
8226.0 1027.0
8060.0 1155.0
8161.0 1081.0
8032.0 1192.0
8179.0 1052.0
8355.0 973.0
8179.0 1052.0
8144.0 1098.0
8039.0 1184.0
8406.0 963.0
8232.0 1026.0
8150.0 1093.0
8238.0 1024.0
8238.0 1024.0
8270.0 1016.0
8113.0 1124.0
8243.0 1023.0
8226.0 1027.0
8203.0 1037.0
8510.0 952.0
8166.0 1079.0
8470.0 956.0
8045.0 1180.0
8150.0 1093.0
8060.0 1155.0
8173.0 1054.0
8339.0 983.0
8332.0 984.0
8156.0 1091.0
8209.0 1032.0
8046.0 1165.0
8166.0 1079.0
8232.0 1026.0
8297.0 993.0
8156.0 1091.0
8243.0 1023.0
8279.0 1013.0
8332.0 984.0
8209.0 1032.0
8339.0 983.0
8215.0 1030.0
8193.0 1050.0
8079.0 1141.0
8264.0 1018.0
8135.0 1113.0
8275.0 1015.0
8215.0 1030.0
8255.0 1021.0
8510.0 952.0
8247.0 1022.0
8470.0 956.0
8196.0 1048.0
8270.0 1016.0
