10105.0 1733.0
10162.0 1683.0
10139.0 1713.0
10119.0 1720.0
10287.0 1592.0
10471.0 1504.0
10162.0 1683.0
10297.0 1586.0
10262.0 1610.0
10466.0 1507.0
10330.0 1564.0
10142.0 1705.0
10279.0 1593.0
10302.0 1582.0
10114.0 1732.0
10197.0 1658.0
10377.0 1536.0
10389.0 1534.0
10262.0 1610.0
10311.0 1579.0
10274.0 1598.0
10313.0 1572.0
10139.0 1713.0
10323.0 1569.0
10541.0 1493.0
10377.0 1536.0
10152.0 1699.0
10255.0 1619.0
10272.0 1604.0
10367.0 1543.0
10156.0 1692.0
10485.0 1501.0
10313.0 1572.0
10395.0 1531.0
10408.0 1523.0
10200.0 1651.0
10186.0 1665.0
10176.0 1666.0
10104.0 1739.0
10462.0 1511.0
10413.0 1518.0
10505.0 1498.0
10408.0 1523.0
10186.0 1665.0
10152.0 1699.0
10115.0 1727.0
10323.0 1569.0
10359.0 1546.0
10104.0 1739.0
10279.0 1593.0
10129.0 1714.0
10220.0 1643.0
10193.0 1660.0
10118.0 1726.0
10392.0 1533.0
10248.0 1620.0
10220.0 1643.0
10505.0 1498.0
10367.0 1543.0
10129.0 1714.0
10228.0 1631.0
10467.0 1506.0
10225.0 1638.0
10094.0 1745.0
10413.0 1518.0
10431.0 1513.0
10448.0 1512.0
10235.0 1627.0
10349.0 1548.0
10485.0 1501.0
10359.0 1546.0
10541.0 1493.0
10156.0 1692.0
10166.0 1672.0
10431.0 1513.0
10407.0 1529.0
10301.0 1584.0
10210.0 1645.0
10200.0 1651.0
10225.0 1638.0
10094.0 1745.0
10238.0 1625.0
10210.0 1645.0
10349.0 1548.0
10448.0 1512.0
10338.0 1554.0
10341.0 1551.0
10142.0 1705.0
10228.0 1631.0
10257.0 1618.0
10259.0 1617.0
10407.0 1529.0
10272.0 1604.0
10166.0 1672.0
10330.0 1564.0
10296.0 1587.0
10243.0 1621.0
10307.0 1581.0
10287.0 1592.0
10176.0 1666.0
