13295.0 2923.0
13530.0 2759.0
13527.0 2761.0
13524.0 2762.0
13372.0 2854.0
13307.0 2902.0
13284.0 2939.0
13638.0 2736.0
13179.0 3142.0
13148.0 3207.0
13445.0 2809.0
13207.0 3082.0
13228.0 3052.0
13486.0 2772.0
13471.0 2784.0
13537.0 2749.0
13469.0 2790.0
13231.0 3028.0
13402.0 2834.0
13450.0 2798.0
13297.0 2922.0
13437.0 2814.0
13185.0 3137.0
13168.0 3154.0
13393.0 2836.0
13535.0 2757.0
13268.0 2972.0
13474.0 2778.0
13503.0 2767.0
13368.0 2856.0
13200.0 3098.0
13333.0 2873.0
13157.0 3174.0
13447.0 2804.0
13466.0 2792.0
13190.0 3122.0
13253.0 2989.0
13272.0 2970.0
13416.0 2825.0
13410.0 2832.0
13228.0 3052.0
13511.0 2765.0
13387.0 2842.0
13461.0 2794.0
13299.0 2918.0
13453.0 2796.0
13265.0 2982.0
13149.0 3195.0
13287.0 2933.0
13626.0 2737.0
13279.0 2947.0
13318.0 2893.0
13147.0 3223.0
13202.0 3097.0
13330.0 2879.0
13260.0 2987.0
13278.0 2952.0
13336.0 2871.0
13261.0 2984.0
13424.0 2823.0
13477.0 2776.0
13379.0 2844.0
13152.0 3189.0
13327.0 2890.0
13273.0 2957.0
13236.0 3013.0
13298.0 2921.0
13195.0 3113.0
13163.0 3169.0
13360.0 2858.0
13304.0 2904.0
13243.0 3001.0
13558.0 2744.0
13280.0 2943.0
13337.0 2868.0
13154.0 3180.0
13289.0 2924.0
13345.0 2866.0
13192.0 3118.0
13489.0 2770.0
13392.0 2839.0
13147.0 3223.0
13350.0 2863.0
13347.0 2865.0
13328.0 2887.0
13388.0 2841.0
13322.0 2891.0
13208.0 3066.0
13570.0 2743.0
13430.0 2817.0
13316.0 2897.0
13412.0 2828.0
13301.0 2910.0
13250.0 2999.0
13374.0 2849.0
13351.0 2860.0
13178.0 3149.0
13308.0 2899.0
13426.0 2820.0
13378.0 2847.0
