115.0 212.0
133.0 140.0
133.0 140.0
115.0 212.0
129.0 142.0
116.0 200.0
125.0 151.0
126.0 144.0
117.0 194.0
118.0 184.0
123.0 156.0
118.0 184.0
119.0 175.0
119.0 175.0
120.0 167.0
116.0 200.0
122.0 162.0
117.0 194.0
123.0 156.0
128.0 143.0
125.0 151.0
121.0 165.0
122.0 162.0
129.0 142.0
120.0 167.0
121.0 165.0
126.0 144.0
128.0 143.0
115.0 212.0
133.0 140.0
118.0 184.0
119.0 175.0
116.0 200.0
117.0 194.0
123.0 156.0
125.0 151.0
122.0 162.0
129.0 142.0
120.0 167.0
121.0 165.0
126.0 144.0
128.0 143.0
133.0 140.0
115.0 212.0
118.0 184.0
119.0 175.0
116.0 200.0
117.0 194.0
123.0 156.0
125.0 151.0
122.0 162.0
129.0 142.0
120.0 167.0
121.0 165.0
126.0 144.0
128.0 143.0
133.0 140.0
115.0 212.0
118.0 184.0
119.0 175.0
116.0 200.0
117.0 194.0
123.0 156.0
125.0 151.0
122.0 162.0
129.0 142.0
120.0 167.0
121.0 165.0
126.0 144.0
128.0 143.0
133.0 140.0
115.0 212.0
118.0 184.0
119.0 175.0
116.0 200.0
117.0 194.0
123.0 156.0
125.0 151.0
122.0 162.0
129.0 142.0
120.0 167.0
121.0 165.0
126.0 144.0
128.0 143.0
133.0 140.0
115.0 212.0
118.0 184.0
119.0 175.0
116.0 200.0
117.0 194.0
123.0 156.0
125.0 151.0
122.0 162.0
129.0 142.0
120.0 167.0
121.0 165.0
126.0 144.0
128.0 143.0
115.0 212.0
133.0 140.0
