33.0 146.0
21.0 170.0
33.0 146.0
21.0 170.0
27.0 154.0
23.0 161.0
27.0 154.0
25.0 158.0
23.0 161.0
25.0 158.0
33.0 146.0
21.0 170.0
27.0 154.0
23.0 161.0
25.0 158.0
21.0 170.0
33.0 146.0
27.0 154.0
23.0 161.0
25.0 158.0
21.0 170.0
33.0 146.0
27.0 154.0
23.0 161.0
25.0 158.0
33.0 146.0
21.0 170.0
27.0 154.0
23.0 161.0
25.0 158.0
33.0 146.0
21.0 170.0
27.0 154.0
23.0 161.0
25.0 158.0
33.0 146.0
21.0 170.0
27.0 154.0
23.0 161.0
25.0 158.0
21.0 170.0
33.0 146.0
27.0 154.0
23.0 161.0
25.0 158.0
21.0 170.0
33.0 146.0
27.0 154.0
23.0 161.0
25.0 158.0
33.0 146.0
21.0 170.0
27.0 154.0
23.0 161.0
25.0 158.0
33.0 146.0
21.0 170.0
27.0 154.0
23.0 161.0
25.0 158.0
21.0 170.0
33.0 146.0
27.0 154.0
23.0 161.0
25.0 158.0
33.0 146.0
21.0 170.0
27.0 154.0
23.0 161.0
25.0 158.0
33.0 146.0
21.0 170.0
27.0 154.0
23.0 161.0
25.0 158.0
21.0 170.0
33.0 146.0
27.0 154.0
23.0 161.0
25.0 158.0
21.0 170.0
33.0 146.0
27.0 154.0
23.0 161.0
25.0 158.0
33.0 146.0
21.0 170.0
27.0 154.0
23.0 161.0
25.0 158.0
21.0 170.0
33.0 146.0
27.0 154.0
23.0 161.0
25.0 158.0
33.0 146.0
21.0 170.0
27.0 154.0
23.0 161.0
25.0 158.0
