185.0 399.0
151.0 528.0
185.0 399.0
151.0 528.0
152.0 499.0
152.0 499.0
153.0 489.0
182.0 408.0
173.0 427.0
170.0 429.0
157.0 471.0
158.0 462.0
165.0 444.0
155.0 484.0
156.0 476.0
184.0 402.0
179.0 413.0
177.0 419.0
180.0 410.0
165.0 444.0
177.0 419.0
161.0 457.0
167.0 438.0
162.0 451.0
179.0 413.0
184.0 402.0
167.0 438.0
182.0 408.0
156.0 476.0
164.0 449.0
168.0 436.0
169.0 431.0
157.0 471.0
153.0 489.0
154.0 485.0
176.0 422.0
159.0 461.0
160.0 458.0
170.0 429.0
180.0 410.0
169.0 431.0
175.0 424.0
168.0 436.0
174.0 425.0
173.0 427.0
176.0 422.0
158.0 462.0
162.0 451.0
154.0 485.0
160.0 458.0
174.0 425.0
163.0 450.0
175.0 424.0
155.0 484.0
163.0 450.0
159.0 461.0
164.0 449.0
161.0 457.0
185.0 399.0
151.0 528.0
152.0 499.0
165.0 444.0
177.0 419.0
179.0 413.0
184.0 402.0
167.0 438.0
182.0 408.0
156.0 476.0
157.0 471.0
153.0 489.0
170.0 429.0
180.0 410.0
169.0 431.0
173.0 427.0
176.0 422.0
168.0 436.0
158.0 462.0
162.0 451.0
154.0 485.0
160.0 458.0
174.0 425.0
155.0 484.0
175.0 424.0
161.0 457.0
163.0 450.0
159.0 461.0
164.0 449.0
151.0 528.0
185.0 399.0
152.0 499.0
165.0 444.0
177.0 419.0
184.0 402.0
179.0 413.0
167.0 438.0
182.0 408.0
156.0 476.0
157.0 471.0
153.0 489.0
170.0 429.0
