113.0 655.0
158.0 481.0
113.0 655.0
158.0 481.0
155.0 500.0
115.0 637.0
116.0 617.0
115.0 637.0
151.0 503.0
132.0 556.0
135.0 546.0
120.0 587.0
122.0 579.0
139.0 532.0
155.0 500.0
116.0 617.0
119.0 597.0
117.0 607.0
141.0 528.0
149.0 507.0
126.0 568.0
130.0 558.0
135.0 546.0
132.0 556.0
137.0 544.0
120.0 587.0
141.0 528.0
138.0 539.0
151.0 503.0
122.0 579.0
143.0 522.0
148.0 513.0
129.0 564.0
125.0 574.0
118.0 603.0
119.0 597.0
143.0 522.0
124.0 576.0
128.0 566.0
138.0 539.0
139.0 532.0
117.0 607.0
149.0 507.0
118.0 603.0
145.0 518.0
146.0 515.0
124.0 576.0
144.0 519.0
130.0 558.0
126.0 568.0
128.0 566.0
129.0 564.0
125.0 574.0
137.0 544.0
144.0 519.0
146.0 515.0
147.0 514.0
145.0 518.0
147.0 514.0
148.0 513.0
113.0 655.0
158.0 481.0
115.0 637.0
155.0 500.0
116.0 617.0
135.0 546.0
132.0 556.0
120.0 587.0
141.0 528.0
151.0 503.0
122.0 579.0
143.0 522.0
119.0 597.0
138.0 539.0
139.0 532.0
117.0 607.0
149.0 507.0
118.0 603.0
124.0 576.0
130.0 558.0
126.0 568.0
129.0 564.0
137.0 544.0
125.0 574.0
128.0 566.0
146.0 515.0
144.0 519.0
145.0 518.0
148.0 513.0
147.0 514.0
113.0 655.0
158.0 481.0
115.0 637.0
155.0 500.0
116.0 617.0
135.0 546.0
132.0 556.0
120.0 587.0
141.0 528.0
151.0 503.0
