347.0 769.0
381.0 654.0
381.0 654.0
347.0 769.0
349.0 749.0
357.0 703.0
358.0 688.0
376.0 655.0
352.0 739.0
353.0 726.0
349.0 749.0
372.0 661.0
373.0 656.0
362.0 678.0
369.0 662.0
362.0 678.0
356.0 713.0
357.0 703.0
359.0 685.0
351.0 740.0
376.0 655.0
364.0 674.0
366.0 670.0
364.0 674.0
367.0 666.0
359.0 685.0
355.0 720.0
356.0 713.0
369.0 662.0
351.0 740.0
353.0 726.0
367.0 666.0
366.0 670.0
354.0 722.0
358.0 688.0
354.0 722.0
355.0 720.0
373.0 656.0
372.0 661.0
352.0 739.0
381.0 654.0
347.0 769.0
349.0 749.0
362.0 678.0
357.0 703.0
376.0 655.0
364.0 674.0
359.0 685.0
356.0 713.0
369.0 662.0
351.0 740.0
353.0 726.0
367.0 666.0
366.0 670.0
358.0 688.0
354.0 722.0
355.0 720.0
373.0 656.0
372.0 661.0
352.0 739.0
347.0 769.0
381.0 654.0
349.0 749.0
362.0 678.0
357.0 703.0
376.0 655.0
364.0 674.0
359.0 685.0
356.0 713.0
369.0 662.0
351.0 740.0
353.0 726.0
367.0 666.0
366.0 670.0
358.0 688.0
354.0 722.0
355.0 720.0
373.0 656.0
372.0 661.0
352.0 739.0
381.0 654.0
347.0 769.0
349.0 749.0
362.0 678.0
357.0 703.0
376.0 655.0
364.0 674.0
359.0 685.0
356.0 713.0
369.0 662.0
351.0 740.0
353.0 726.0
367.0 666.0
366.0 670.0
358.0 688.0
354.0 722.0
355.0 720.0
373.0 656.0
352.0 739.0
372.0 661.0
