104.0 989.0
51.0 1179.0
104.0 989.0
51.0 1179.0
92.0 992.0
57.0 1115.0
54.0 1152.0
52.0 1168.0
54.0 1152.0
56.0 1130.0
55.0 1137.0
52.0 1168.0
60.0 1110.0
86.0 1000.0
90.0 998.0
70.0 1063.0
71.0 1052.0
71.0 1052.0
72.0 1043.0
81.0 1018.0
63.0 1091.0
64.0 1083.0
55.0 1137.0
73.0 1040.0
61.0 1103.0
56.0 1130.0
62.0 1096.0
61.0 1103.0
75.0 1033.0
75.0 1033.0
79.0 1019.0
73.0 1040.0
57.0 1115.0
62.0 1096.0
76.0 1030.0
91.0 997.0
63.0 1091.0
82.0 1013.0
77.0 1025.0
60.0 1110.0
64.0 1083.0
84.0 1007.0
67.0 1073.0
69.0 1067.0
85.0 1003.0
65.0 1079.0
68.0 1069.0
70.0 1063.0
92.0 992.0
72.0 1043.0
82.0 1013.0
77.0 1025.0
65.0 1079.0
85.0 1003.0
66.0 1076.0
83.0 1010.0
78.0 1022.0
84.0 1007.0
76.0 1030.0
66.0 1076.0
83.0 1010.0
78.0 1022.0
67.0 1073.0
86.0 1000.0
68.0 1069.0
69.0 1067.0
90.0 998.0
79.0 1019.0
81.0 1018.0
91.0 997.0
104.0 989.0
51.0 1179.0
54.0 1152.0
52.0 1168.0
71.0 1052.0
55.0 1137.0
61.0 1103.0
56.0 1130.0
75.0 1033.0
73.0 1040.0
57.0 1115.0
62.0 1096.0
63.0 1091.0
60.0 1110.0
64.0 1083.0
70.0 1063.0
92.0 992.0
72.0 1043.0
82.0 1013.0
77.0 1025.0
85.0 1003.0
65.0 1079.0
76.0 1030.0
66.0 1076.0
78.0 1022.0
67.0 1073.0
83.0 1010.0
84.0 1007.0
86.0 1000.0
68.0 1069.0
