4556.0 401.0
4854.0 328.0
4556.0 401.0
4854.0 328.0
4588.0 364.0
4755.0 334.0
4744.0 340.0
4655.0 351.0
4579.0 373.0
4607.0 360.0
4818.0 330.0
4558.0 394.0
4705.0 346.0
4723.0 343.0
4571.0 385.0
4846.0 329.0
4783.0 333.0
4818.0 330.0
4791.0 332.0
4723.0 343.0
4681.0 348.0
4573.0 379.0
4655.0 351.0
4641.0 355.0
4563.0 390.0
4588.0 364.0
4628.0 359.0
4684.0 347.0
4563.0 390.0
4744.0 340.0
4607.0 360.0
4571.0 385.0
4705.0 346.0
4641.0 355.0
4636.0 358.0
4558.0 394.0
4573.0 379.0
4578.0 375.0
4579.0 373.0
4791.0 332.0
4681.0 348.0
4755.0 334.0
4578.0 375.0
4783.0 333.0
4628.0 359.0
4846.0 329.0
4636.0 358.0
4684.0 347.0
4556.0 401.0
4854.0 328.0
4818.0 330.0
4723.0 343.0
4655.0 351.0
4588.0 364.0
4563.0 390.0
4744.0 340.0
4607.0 360.0
4571.0 385.0
4705.0 346.0
4641.0 355.0
4558.0 394.0
4573.0 379.0
4579.0 373.0
4791.0 332.0
4681.0 348.0
4755.0 334.0
4578.0 375.0
4628.0 359.0
4846.0 329.0
4783.0 333.0
4636.0 358.0
4684.0 347.0
4854.0 328.0
4556.0 401.0
4818.0 330.0
4723.0 343.0
4655.0 351.0
4588.0 364.0
4563.0 390.0
4744.0 340.0
4607.0 360.0
4571.0 385.0
4705.0 346.0
4641.0 355.0
4558.0 394.0
4573.0 379.0
4579.0 373.0
4791.0 332.0
4681.0 348.0
4755.0 334.0
4578.0 375.0
4846.0 329.0
4628.0 359.0
4783.0 333.0
4636.0 358.0
4684.0 347.0
4854.0 328.0
4556.0 401.0
4818.0 330.0
4723.0 343.0
