20743.0 4819.0
19568.0 5650.0
20743.0 4819.0
19568.0 5650.0
19897.0 5165.0
19634.0 5467.0
20014.0 5081.0
19570.0 5604.0
19727.0 5302.0
19848.0 5204.0
20472.0 4884.0
19569.0 5649.0
20282.0 4939.0
20402.0 4898.0
20383.0 4911.0
20214.0 4961.0
19915.0 5143.0
20057.0 5060.0
19790.0 5245.0
19615.0 5492.0
20141.0 5001.0
19674.0 5377.0
20445.0 4886.0
19668.0 5395.0
19873.0 5170.0
19579.0 5586.0
19641.0 5456.0
20618.0 4839.0
19585.0 5553.0
20564.0 4852.0
19937.0 5125.0
19655.0 5414.0
20300.0 4927.0
19786.0 5261.0
19766.0 5264.0
19692.0 5368.0
19923.0 5137.0
20667.0 4833.0
19967.0 5105.0
19869.0 5186.0
20658.0 4837.0
19610.0 5495.0
20166.0 4999.0
20034.0 5063.0
19823.0 5216.0
19990.0 5095.0
20521.0 4864.0
20495.0 4873.0
19600.0 5517.0
19602.0 5515.0
19698.0 5348.0
19954.0 5122.0
19805.0 5229.0
20079.0 5049.0
20590.0 4849.0
19656.0 5407.0
19762.0 5280.0
19852.0 5188.0
20257.0 4944.0
20334.0 4918.0
19645.0 5436.0
20334.0 4918.0
19990.0 5095.0
20427.0 4895.0
19712.0 5318.0
20550.0 4858.0
20196.0 4973.0
20495.0 4873.0
20124.0 5014.0
20179.0 4986.0
19592.0 5537.0
20235.0 4954.0
19645.0 5436.0
19823.0 5216.0
19745.0 5292.0
20521.0 4864.0
20691.0 4827.0
19694.0 5356.0
20196.0 4973.0
20111.0 5027.0
19805.0 5229.0
20096.0 5036.0
20079.0 5049.0
20590.0 4849.0
20032.0 5073.0
20235.0 4954.0
20360.0 4915.0
20717.0 4823.0
20717.0 4823.0
19579.0 5586.0
20124.0 5014.0
20179.0 4986.0
19745.0 5292.0
20618.0 4839.0
20300.0 4927.0
19712.0 5318.0
19592.0 5537.0
20096.0 5036.0
20691.0 4827.0
20257.0 4944.0
