326.0 1233.0
327.0 1210.0
328.0 1100.0
329.0 1094.0
330.0 1093.0
331.0 1079.0
333.0 1077.0
334.0 1069.0
336.0 1067.0
337.0 1054.0
338.0 1037.0
340.0 1035.0
341.0 1031.0
342.0 1024.0
344.0 1007.0
346.0 998.0
348.0 991.0
350.0 987.0
351.0 981.0
353.0 974.0
355.0 971.0
356.0 970.0
357.0 964.0
358.0 959.0
360.0 952.0
362.0 943.0
364.0 933.0
365.0 929.0
366.0 920.0
368.0 915.0
370.0 909.0
372.0 904.0
373.0 900.0
374.0 897.0
375.0 894.0
376.0 892.0
377.0 889.0
379.0 884.0
380.0 881.0
381.0 878.0
384.0 873.0
385.0 870.0
388.0 869.0
389.0 866.0
391.0 863.0
393.0 859.0
395.0 856.0
396.0 852.0
398.0 846.0
399.0 844.0
400.0 840.0
401.0 837.0
402.0 834.0
404.0 828.0
406.0 826.0
408.0 824.0
410.0 820.0
413.0 819.0
426.0 816.0
431.0 814.0
