440.0 1091.0
441.0 1081.0
444.0 1072.0
445.0 1067.0
446.0 1063.0
447.0 1061.0
448.0 1056.0
449.0 1050.0
451.0 1038.0
452.0 1031.0
453.0 1030.0
454.0 1025.0
455.0 1021.0
456.0 1018.0
457.0 1014.0
458.0 1012.0
459.0 1008.0
460.0 1007.0
461.0 1000.0
463.0 994.0
464.0 991.0
465.0 987.0
466.0 986.0
467.0 980.0
468.0 979.0
469.0 974.0
470.0 973.0
471.0 968.0
472.0 965.0
473.0 961.0
474.0 957.0
475.0 954.0
476.0 949.0
477.0 948.0
478.0 944.0
479.0 939.0
481.0 936.0
482.0 932.0
483.0 927.0
484.0 926.0
485.0 925.0
486.0 924.0
487.0 919.0
488.0 914.0
490.0 912.0
492.0 910.0
494.0 906.0
495.0 905.0
496.0 904.0
498.0 896.0
499.0 895.0
502.0 889.0
503.0 888.0
509.0 886.0
510.0 883.0
514.0 882.0
516.0 881.0
517.0 880.0
520.0 878.0
521.0 877.0
522.0 876.0
527.0 871.0
528.0 870.0
530.0 869.0
531.0 867.0
532.0 865.0
537.0 861.0
538.0 859.0
543.0 857.0
544.0 856.0
545.0 854.0
561.0 853.0
564.0 852.0
566.0 851.0
569.0 850.0
575.0 849.0
