29780.0 12029.0
29781.0 12028.0
29782.0 11979.0
29783.0 11978.0
29785.0 11962.0
29787.0 11943.0
29788.0 11942.0
29789.0 11911.0
29790.0 11910.0
29791.0 11700.0
29793.0 11676.0
29794.0 11421.0
29795.0 11417.0
29796.0 11399.0
29797.0 11395.0
29798.0 11389.0
29799.0 11373.0
29800.0 11369.0
29801.0 11357.0
29802.0 11353.0
29803.0 11347.0
29804.0 11343.0
29805.0 11336.0
29806.0 11332.0
29807.0 11326.0
29808.0 11322.0
29809.0 11320.0
29810.0 11316.0
29811.0 11310.0
29812.0 11306.0
29815.0 11300.0
29816.0 11296.0
29818.0 11292.0
29819.0 11288.0
29822.0 11276.0
29823.0 11272.0
29826.0 11266.0
29827.0 11262.0
29831.0 11255.0
29834.0 11247.0
29837.0 11240.0
29838.0 11231.0
29842.0 11221.0
29845.0 11220.0
29847.0 11213.0
29848.0 11210.0
29849.0 11203.0
29851.0 11199.0
29852.0 11194.0
29853.0 11193.0
29854.0 11184.0
29855.0 11183.0
29856.0 11180.0
29857.0 11177.0
29858.0 11174.0
29860.0 11164.0
29862.0 11160.0
29864.0 11156.0
29865.0 11154.0
29866.0 11151.0
29868.0 11150.0
29869.0 11148.0
29870.0 11141.0
29871.0 11138.0
29873.0 11137.0
29874.0 11133.0
29876.0 11130.0
29878.0 11126.0
29879.0 11125.0
29880.0 11122.0
29882.0 11121.0
29883.0 11118.0
29884.0 11112.0
29885.0 11109.0
29887.0 11108.0
29888.0 11106.0
29889.0 11103.0
29890.0 11101.0
29892.0 11097.0
29894.0 11095.0
29896.0 11091.0
29897.0 11089.0
29898.0 11087.0
29899.0 11084.0
29901.0 11083.0
29902.0 11081.0
29903.0 11079.0
29904.0 11076.0
29906.0 11072.0
29908.0 11071.0
29910.0 11068.0
29911.0 11064.0
29913.0 11063.0
29915.0 11060.0
29916.0 11056.0
29918.0 11053.0
29920.0 11052.0
29921.0 11048.0
29923.0 11045.0
29925.0 11044.0
29927.0 11041.0
29929.0 11040.0
29933.0 11038.0
29935.0 11035.0
29937.0 11034.0
29938.0 11032.0
29939.0 11031.0
29941.0 11030.0
29942.0 11028.0
29943.0 11027.0
29945.0 11026.0
29946.0 11022.0
29947.0 11020.0
29948.0 11019.0
29949.0 11017.0
29951.0 11016.0
29952.0 11010.0
29955.0 11006.0
29958.0 10998.0
29965.0 10992.0
29968.0 10987.0
29971.0 10983.0
29972.0 10971.0
29981.0 10969.0
29983.0 10968.0
29984.0 10961.0
29985.0 10952.0
29990.0 10947.0
29997.0 10942.0
30000.0 10935.0
30003.0 10928.0
30012.0 10925.0
30014.0 10923.0
30015.0 10918.0
30018.0 10911.0
30022.0 10909.0
30023.0 10908.0
30027.0 10906.0
30030.0 10900.0
30034.0 10899.0
30035.0 10895.0
30036.0 10889.0
30040.0 10887.0
30046.0 10884.0
30048.0 10876.0
30059.0 10873.0
30060.0 10866.0
30064.0 10863.0
30065.0 10861.0
30069.0 10859.0
30072.0 10854.0
30077.0 10851.0
30080.0 10848.0
30081.0 10847.0
30082.0 10841.0
30086.0 10839.0
30093.0 10838.0
30094.0 10828.0
30101.0 10825.0
30105.0 10823.0
30107.0 10819.0
30110.0 10817.0
30111.0 10813.0
30114.0 10810.0
30115.0 10805.0
30122.0 10798.0
30125.0 10796.0
30126.0 10794.0
30128.0 10793.0
30131.0 10792.0
30132.0 10780.0
30137.0 10778.0
30141.0 10775.0
30148.0 10773.0
30152.0 10770.0
30154.0 10769.0
30155.0 10764.0
30156.0 10760.0
30161.0 10758.0
30162.0 10752.0
30167.0 10750.0
30171.0 10747.0
30178.0 10745.0
30179.0 10744.0
30183.0 10743.0
30184.0 10741.0
30185.0 10736.0
30186.0 10732.0
30191.0 10730.0
30193.0 10729.0
30195.0 10727.0
30202.0 10724.0
30205.0 10719.0
30209.0 10716.0
30211.0 10714.0
30213.0 10706.0
30217.0 10705.0
30219.0 10704.0
30221.0 10702.0
30222.0 10698.0
30223.0 10691.0
30231.0 10678.0
30237.0 10672.0
30241.0 10667.0
30243.0 10659.0
30249.0 10657.0
30251.0 10656.0
30255.0 10645.0
30263.0 10638.0
30265.0 10637.0
30267.0 10634.0
30269.0 10626.0
30275.0 10624.0
30277.0 10623.0
30279.0 10621.0
30281.0 10612.0
30283.0 10609.0
30291.0 10599.0
30295.0 10597.0
30301.0 10595.0
30303.0 10594.0
30305.0 10588.0
30307.0 10583.0
30309.0 10582.0
30315.0 10580.0
30318.0 10578.0
30319.0 10577.0
30322.0 10575.0
30324.0 10572.0
30325.0 10571.0
30327.0 10568.0
30328.0 10563.0
30330.0 10560.0
30331.0 10559.0
30336.0 10555.0
30339.0 10549.0
30343.0 10541.0
30351.0 10536.0
30354.0 10534.0
30355.0 10533.0
30356.0 10531.0
30358.0 10530.0
30361.0 10517.0
30373.0 10512.0
30375.0 10507.0
30380.0 10505.0
30381.0 10502.0
30383.0 10501.0
30385.0 10498.0
30389.0 10496.0
30393.0 10493.0
30396.0 10492.0
30397.0 10491.0
30399.0 10489.0
30401.0 10488.0
30403.0 10486.0
30405.0 10485.0
30408.0 10479.0
30412.0 10476.0
30414.0 10467.0
30417.0 10464.0
30425.0 10462.0
30426.0 10460.0
30439.0 10458.0
30440.0 10449.0
30446.0 10446.0
30451.0 10445.0
30453.0 10440.0
30460.0 10437.0
30467.0 10436.0
30473.0 10434.0
30474.0 10431.0
30477.0 10428.0
30480.0 10426.0
30483.0 10423.0
30489.0 10420.0
30492.0 10419.0
30495.0 10415.0
30500.0 10413.0
30503.0 10411.0
30506.0 10408.0
30507.0 10407.0
30509.0 10406.0
30512.0 10405.0
30513.0 10403.0
30515.0 10402.0
30517.0 10400.0
30519.0 10393.0
30521.0 10392.0
30526.0 10390.0
30527.0 10385.0
30529.0 10384.0
30533.0 10381.0
30535.0 10380.0
30541.0 10373.0
30543.0 10372.0
30546.0 10368.0
30548.0 10367.0
30552.0 10366.0
30553.0 10361.0
30554.0 10360.0
30556.0 10359.0
30558.0 10355.0
30560.0 10354.0
30563.0 10353.0
30565.0 10351.0
30567.0 10350.0
30568.0 10349.0
30570.0 10348.0
30571.0 10345.0
30573.0 10338.0
30575.0 10337.0
30577.0 10335.0
30579.0 10334.0
30581.0 10330.0
30583.0 10323.0
30585.0 10322.0
30587.0 10321.0
30589.0 10320.0
30593.0 10319.0
30595.0 10318.0
30597.0 10316.0
30598.0 10312.0
30600.0 10311.0
30603.0 10309.0
30605.0 10308.0
30607.0 10306.0
30609.0 10305.0
30610.0 10304.0
30612.0 10303.0
30614.0 10302.0
30615.0 10298.0
30616.0 10288.0
30618.0 10287.0
30623.0 10281.0
30625.0 10280.0
30628.0 10274.0
30630.0 10273.0
30639.0 10272.0
30642.0 10267.0
30644.0 10266.0
30647.0 10262.0
30649.0 10261.0
30651.0 10254.0
30653.0 10253.0
30656.0 10247.0
30658.0 10246.0
30666.0 10245.0
30668.0 10244.0
30670.0 10242.0
30672.0 10229.0
30674.0 10228.0
30683.0 10227.0
30689.0 10224.0
30691.0 10217.0
30693.0 10216.0
30701.0 10214.0
30702.0 10213.0
30704.0 10212.0
30713.0 10211.0
30715.0 10209.0
30716.0 10208.0
30717.0 10196.0
30719.0 10195.0
30728.0 10193.0
30734.0 10191.0
30735.0 10189.0
30736.0 10184.0
30738.0 10183.0
30742.0 10182.0
30747.0 10180.0
30749.0 10179.0
30750.0 10178.0
30758.0 10175.0
30763.0 10166.0
30765.0 10165.0
30767.0 10164.0
30774.0 10160.0
30776.0 10159.0
30777.0 10157.0
30779.0 10156.0
30782.0 10154.0
30784.0 10153.0
30785.0 10150.0
30787.0 10149.0
30796.0 10148.0
30797.0 10146.0
30803.0 10145.0
30804.0 10144.0
30806.0 10143.0
30807.0 10141.0
30809.0 10140.0
30812.0 10138.0
30814.0 10137.0
30815.0 10134.0
30817.0 10133.0
30824.0 10132.0
30825.0 10130.0
30827.0 10129.0
30830.0 10128.0
30832.0 10127.0
30834.0 10125.0
30837.0 10122.0
30845.0 10119.0
30848.0 10112.0
30850.0 10110.0
30853.0 10105.0
30858.0 10102.0
30868.0 10099.0
30869.0 10096.0
30870.0 10090.0
30872.0 10089.0
30880.0 10083.0
30890.0 10080.0
30895.0 10077.0
30899.0 10071.0
30907.0 10065.0
30909.0 10064.0
30917.0 10058.0
30929.0 10057.0
30931.0 10054.0
30933.0 10053.0
30941.0 10047.0
30948.0 10045.0
30959.0 10042.0
30964.0 10039.0
30972.0 10038.0
30978.0 10037.0
30984.0 10036.0
30988.0 10028.0
31002.0 10026.0
31006.0 10023.0
31014.0 10022.0
31021.0 10020.0
31025.0 10018.0
31032.0 10017.0
31036.0 10013.0
31047.0 10011.0
31050.0 10010.0
31051.0 10009.0
31053.0 10007.0
31059.0 10005.0
31061.0 10003.0
31065.0 10001.0
31070.0 10000.0
31075.0 9998.0
31077.0 9997.0
31081.0 9996.0
31085.0 9992.0
31089.0 9990.0
31094.0 9989.0
31096.0 9988.0
31100.0 9986.0
31104.0 9984.0
31109.0 9983.0
31111.0 9981.0
31116.0 9980.0
31118.0 9979.0
31125.0 9977.0
31126.0 9975.0
31143.0 9973.0
31147.0 9971.0
31152.0 9970.0
31154.0 9968.0
31159.0 9967.0
31161.0 9966.0
31166.0 9965.0
31168.0 9964.0
31169.0 9962.0
31178.0 9961.0
31187.0 9958.0
31188.0 9956.0
31205.0 9954.0
31209.0 9952.0
31212.0 9950.0
31221.0 9948.0
31230.0 9945.0
31231.0 9943.0
31242.0 9942.0
31255.0 9939.0
31262.0 9937.0
31264.0 9934.0
31274.0 9931.0
31283.0 9928.0
31299.0 9927.0
31302.0 9926.0
31305.0 9924.0
31306.0 9920.0
31326.0 9915.0
31341.0 9913.0
31352.0 9912.0
31357.0 9910.0
31361.0 9908.0
31374.0 9907.0
31377.0 9905.0
31394.0 9902.0
31412.0 9900.0
31420.0 9898.0
31436.0 9895.0
31454.0 9893.0
31467.0 9892.0
31471.0 9890.0
31484.0 9889.0
31487.0 9887.0
31504.0 9884.0
31522.0 9882.0
31530.0 9880.0
31546.0 9877.0
31564.0 9875.0
31574.0 9871.0
31584.0 9868.0
31596.0 9861.0
31600.0 9859.0
31605.0 9857.0
31610.0 9854.0
31611.0 9853.0
31615.0 9850.0
31620.0 9848.0
31624.0 9846.0
31630.0 9845.0
31633.0 9842.0
31638.0 9841.0
31639.0 9837.0
31646.0 9836.0
31647.0 9835.0
31652.0 9831.0
31659.0 9830.0
31661.0 9827.0
31668.0 9826.0
31670.0 9824.0
31675.0 9823.0
31676.0 9821.0
31679.0 9819.0
31683.0 9817.0
31689.0 9813.0
31693.0 9812.0
31698.0 9808.0
31705.0 9807.0
31710.0 9805.0
31717.0 9803.0
31719.0 9800.0
31732.0 9796.0
31738.0 9795.0
31744.0 9793.0
31753.0 9788.0
31765.0 9787.0
31768.0 9785.0
31772.0 9783.0
31781.0 9782.0
31785.0 9780.0
31789.0 9777.0
31792.0 9775.0
31796.0 9773.0
31799.0 9771.0
31803.0 9769.0
31805.0 9767.0
31809.0 9765.0
31814.0 9762.0
31818.0 9760.0
31831.0 9759.0
31833.0 9757.0
31837.0 9755.0
31843.0 9753.0
31848.0 9750.0
31852.0 9748.0
31871.0 9746.0
31876.0 9743.0
31880.0 9741.0
31891.0 9738.0
31895.0 9736.0
31901.0 9734.0
31905.0 9730.0
31909.0 9728.0
31926.0 9727.0
31930.0 9723.0
31934.0 9721.0
31948.0 9719.0
31952.0 9717.0
31965.0 9716.0
31973.0 9712.0
31977.0 9710.0
31990.0 9709.0
32008.0 9705.0
32029.0 9702.0
32033.0 9698.0
32058.0 9694.0
32060.0 9693.0
32068.0 9691.0
32081.0 9689.0
32088.0 9686.0
32093.0 9684.0
32106.0 9682.0
32113.0 9679.0
32124.0 9678.0
32138.0 9677.0
32145.0 9675.0
32148.0 9674.0
32150.0 9672.0
32157.0 9671.0
32159.0 9669.0
32165.0 9668.0
32172.0 9667.0
32178.0 9665.0
32184.0 9662.0
32190.0 9661.0
32197.0 9660.0
32199.0 9658.0
32212.0 9655.0
32224.0 9651.0
32237.0 9649.0
32253.0 9648.0
32256.0 9647.0
32266.0 9645.0
32278.0 9641.0
32291.0 9639.0
32310.0 9637.0
32323.0 9635.0
32338.0 9633.0
32346.0 9631.0
32370.0 9629.0
32378.0 9627.0
32412.0 9625.0
32445.0 9623.0
