99.0 1162.0
100.0 1148.0
101.0 1137.0
102.0 1121.0
103.0 1105.0
104.0 1095.0
105.0 1083.0
106.0 1077.0
107.0 1069.0
108.0 1052.0
110.0 1034.0
111.0 1030.0
112.0 1018.0
113.0 1013.0
114.0 1003.0
116.0 988.0
118.0 979.0
119.0 973.0
120.0 965.0
122.0 951.0
123.0 946.0
124.0 944.0
125.0 941.0
126.0 937.0
127.0 926.0
128.0 925.0
130.0 921.0
131.0 915.0
132.0 910.0
133.0 909.0
134.0 906.0
136.0 901.0
138.0 894.0
140.0 890.0
141.0 888.0
142.0 878.0
144.0 872.0
145.0 870.0
146.0 868.0
147.0 866.0
149.0 864.0
150.0 862.0
151.0 860.0
153.0 858.0
154.0 856.0
155.0 854.0
158.0 853.0
160.0 851.0
