415.0 1400.0
416.0 1379.0
417.0 1365.0
418.0 1221.0
420.0 1197.0
422.0 1182.0
424.0 1170.0
425.0 1167.0
426.0 1162.0
427.0 1155.0
428.0 1150.0
430.0 1141.0
432.0 1137.0
433.0 1136.0
434.0 1133.0
435.0 1130.0
436.0 1127.0
437.0 1126.0
438.0 1122.0
439.0 1118.0
440.0 1113.0
441.0 1112.0
442.0 1109.0
443.0 1108.0
444.0 1095.0
445.0 1094.0
446.0 1093.0
447.0 1089.0
448.0 1088.0
449.0 1085.0
450.0 1084.0
451.0 1077.0
453.0 1075.0
454.0 1072.0
455.0 1071.0
456.0 1070.0
457.0 1067.0
458.0 1065.0
460.0 1060.0
462.0 1058.0
463.0 1057.0
465.0 1055.0
467.0 1052.0
468.0 1051.0
469.0 1044.0
471.0 1042.0
472.0 1039.0
474.0 1037.0
475.0 1034.0
477.0 1032.0
479.0 1031.0
481.0 1029.0
483.0 1028.0
485.0 1025.0
486.0 1022.0
489.0 1021.0
490.0 1017.0
491.0 1016.0
494.0 1012.0
496.0 1011.0
497.0 1010.0
498.0 1007.0
499.0 1006.0
502.0 1004.0
503.0 1003.0
504.0 1001.0
505.0 1000.0
508.0 998.0
516.0 996.0
517.0 994.0
518.0 991.0
519.0 990.0
521.0 985.0
523.0 984.0
525.0 983.0
527.0 981.0
529.0 980.0
531.0 979.0
