442.0 1132.0
443.0 1105.0
444.0 1090.0
445.0 1070.0
446.0 1069.0
447.0 1068.0
448.0 1048.0
449.0 1040.0
451.0 1032.0
453.0 1018.0
455.0 1014.0
456.0 997.0
460.0 993.0
462.0 981.0
466.0 975.0
467.0 974.0
469.0 957.0
471.0 949.0
473.0 946.0
474.0 943.0
475.0 937.0
478.0 932.0
479.0 926.0
482.0 924.0
485.0 923.0
487.0 918.0
488.0 917.0
491.0 912.0
493.0 911.0
495.0 910.0
496.0 906.0
499.0 905.0
501.0 902.0
502.0 900.0
504.0 898.0
505.0 896.0
506.0 895.0
507.0 893.0
508.0 891.0
510.0 889.0
515.0 883.0
517.0 877.0
519.0 872.0
521.0 865.0
523.0 860.0
526.0 854.0
528.0 851.0
531.0 850.0
535.0 849.0
538.0 848.0
541.0 844.0
544.0 843.0
