46.0 1320.0
47.0 1311.0
48.0 1297.0
49.0 1288.0
50.0 1267.0
51.0 1209.0
52.0 1157.0
53.0 1148.0
54.0 1117.0
55.0 1115.0
57.0 1102.0
58.0 1090.0
59.0 1074.0
60.0 1072.0
61.0 1066.0
62.0 1064.0
63.0 1062.0
64.0 1060.0
65.0 1054.0
66.0 1042.0
68.0 1029.0
70.0 1021.0
72.0 1013.0
74.0 1011.0
75.0 1009.0
76.0 1005.0
77.0 1003.0
79.0 1000.0
80.0 997.0
81.0 993.0
83.0 991.0
84.0 989.0
85.0 985.0
86.0 982.0
89.0 977.0
90.0 974.0
93.0 973.0
94.0 972.0
95.0 970.0
96.0 966.0
97.0 962.0
98.0 959.0
99.0 958.0
100.0 955.0
102.0 954.0
103.0 951.0
104.0 950.0
105.0 947.0
109.0 946.0
