710.0 1144.0
711.0 1129.0
712.0 1124.0
713.0 1109.0
714.0 1107.0
716.0 1077.0
717.0 1055.0
719.0 1041.0
720.0 1030.0
721.0 1023.0
722.0 1020.0
723.0 1011.0
725.0 1000.0
726.0 993.0
727.0 986.0
728.0 975.0
729.0 968.0
730.0 962.0
731.0 952.0
732.0 949.0
733.0 940.0
734.0 933.0
735.0 930.0
736.0 923.0
737.0 917.0
738.0 914.0
739.0 907.0
741.0 904.0
742.0 900.0
743.0 897.0
744.0 890.0
745.0 889.0
746.0 882.0
747.0 875.0
748.0 870.0
750.0 864.0
751.0 857.0
752.0 852.0
754.0 850.0
755.0 846.0
757.0 839.0
758.0 838.0
760.0 833.0
761.0 832.0
762.0 829.0
763.0 828.0
764.0 825.0
765.0 823.0
766.0 822.0
767.0 819.0
769.0 815.0
770.0 811.0
771.0 810.0
772.0 803.0
774.0 799.0
775.0 795.0
776.0 791.0
782.0 787.0
789.0 783.0
