9468.0 645.0
9470.0 640.0
9480.0 639.0
9482.0 634.0
9490.0 627.0
9492.0 622.0
9496.0 608.0
9498.0 603.0
9502.0 600.0
9505.0 591.0
9507.0 586.0
9511.0 583.0
9515.0 581.0
9521.0 579.0
9523.0 574.0
9527.0 572.0
9540.0 568.0
9554.0 566.0
9559.0 565.0
9561.0 560.0
9568.0 559.0
9574.0 558.0
9583.0 556.0
9587.0 554.0
9588.0 552.0
9597.0 550.0
9599.0 545.0
9604.0 544.0
9611.0 543.0
9616.0 541.0
9618.0 533.0
9625.0 527.0
9632.0 526.0
9673.0 525.0
9676.0 524.0
9681.0 519.0
9688.0 513.0
9695.0 512.0
9739.0 510.0
9763.0 507.0
9770.0 506.0
9896.0 504.0
9916.0 503.0
9918.0 501.0
9928.0 498.0
9982.0 497.0
