7939.0 1281.0
7946.0 1251.0
7953.0 1244.0
7954.0 1233.0
7955.0 1225.0
7960.0 1221.0
7964.0 1218.0
7967.0 1211.0
7970.0 1206.0
7971.0 1205.0
7975.0 1202.0
7976.0 1201.0
7978.0 1200.0
7980.0 1198.0
7981.0 1190.0
7984.0 1183.0
7989.0 1179.0
7996.0 1176.0
8001.0 1172.0
8007.0 1171.0
8012.0 1170.0
8013.0 1166.0
8018.0 1162.0
8023.0 1161.0
8025.0 1159.0
8028.0 1157.0
8030.0 1155.0
8035.0 1154.0
8038.0 1152.0
8040.0 1146.0
8047.0 1131.0
8060.0 1118.0
8066.0 1114.0
8071.0 1113.0
8076.0 1106.0
8087.0 1100.0
8094.0 1095.0
8097.0 1089.0
8101.0 1083.0
8104.0 1079.0
8112.0 1077.0
8117.0 1075.0
8119.0 1069.0
8123.0 1063.0
8133.0 1060.0
8134.0 1057.0
8139.0 1055.0
8141.0 1050.0
8144.0 1041.0
8156.0 1040.0
8158.0 1039.0
8164.0 1031.0
8173.0 1022.0
8185.0 1021.0
8187.0 1020.0
8195.0 1016.0
8199.0 1015.0
8203.0 1012.0
8206.0 1011.0
8215.0 1002.0
8226.0 1000.0
8230.0 999.0
8234.0 995.0
8239.0 992.0
8245.0 991.0
8249.0 989.0
8251.0 982.0
8256.0 981.0
8260.0 979.0
8263.0 978.0
8274.0 976.0
8281.0 974.0
8286.0 970.0
8293.0 966.0
8304.0 964.0
8305.0 962.0
8312.0 960.0
8321.0 959.0
8333.0 957.0
8342.0 956.0
8358.0 955.0
8364.0 953.0
8374.0 952.0
8385.0 949.0
8396.0 946.0
8400.0 943.0
8404.0 942.0
8412.0 940.0
8421.0 937.0
8433.0 936.0
8439.0 934.0
8440.0 932.0
8456.0 930.0
8461.0 928.0
8475.0 926.0
8481.0 924.0
8496.0 922.0
8502.0 920.0
8510.0 918.0
8522.0 917.0
8531.0 914.0
8543.0 913.0
8556.0 910.0
8557.0 909.0
8578.0 905.0
8600.0 904.0
8602.0 903.0
