9958.0 1897.0
9959.0 1891.0
9965.0 1884.0
9966.0 1878.0
9967.0 1866.0
9968.0 1860.0
9975.0 1842.0
9978.0 1839.0
9985.0 1838.0
9986.0 1836.0
9987.0 1825.0
9990.0 1817.0
9991.0 1801.0
9994.0 1793.0
9998.0 1784.0
10002.0 1782.0
10005.0 1774.0
10010.0 1772.0
10012.0 1769.0
10013.0 1764.0
10018.0 1762.0
10019.0 1759.0
10021.0 1754.0
10027.0 1749.0
10029.0 1746.0
10031.0 1744.0
10033.0 1743.0
10038.0 1742.0
10039.0 1737.0
10045.0 1736.0
10047.0 1735.0
10053.0 1728.0
10057.0 1717.0
10063.0 1694.0
10074.0 1693.0
10076.0 1684.0
10080.0 1683.0
10083.0 1681.0
10089.0 1670.0
10100.0 1669.0
10102.0 1660.0
10106.0 1659.0
10109.0 1657.0
10117.0 1655.0
10119.0 1649.0
10126.0 1646.0
10134.0 1643.0
10139.0 1640.0
10145.0 1639.0
10146.0 1637.0
10147.0 1633.0
10154.0 1630.0
10162.0 1627.0
10167.0 1624.0
10174.0 1621.0
10182.0 1616.0
10189.0 1613.0
10197.0 1610.0
10202.0 1607.0
10208.0 1606.0
10209.0 1604.0
10210.0 1600.0
10217.0 1597.0
10225.0 1594.0
10230.0 1591.0
10237.0 1588.0
10246.0 1587.0
10254.0 1586.0
10256.0 1585.0
10259.0 1583.0
10261.0 1582.0
10271.0 1578.0
10273.0 1577.0
10282.0 1576.0
10290.0 1575.0
10293.0 1574.0
10294.0 1571.0
10296.0 1570.0
10298.0 1569.0
10312.0 1561.0
10322.0 1554.0
10330.0 1551.0
10340.0 1550.0
10342.0 1542.0
10356.0 1541.0
10360.0 1540.0
10366.0 1532.0
10382.0 1531.0
10384.0 1530.0
10394.0 1525.0
10406.0 1522.0
10416.0 1518.0
10431.0 1516.0
10434.0 1515.0
10437.0 1509.0
10442.0 1507.0
10454.0 1506.0
10461.0 1501.0
10466.0 1499.0
10479.0 1495.0
10484.0 1493.0
10496.0 1492.0
10498.0 1491.0
10500.0 1490.0
10503.0 1487.0
10508.0 1485.0
10516.0 1484.0
10517.0 1482.0
10522.0 1480.0
10533.0 1478.0
10537.0 1476.0
10542.0 1474.0
10543.0 1472.0
10548.0 1470.0
10563.0 1469.0
10564.0 1467.0
10569.0 1465.0
10588.0 1464.0
10610.0 1462.0
10618.0 1459.0
10631.0 1457.0
10639.0 1454.0
10665.0 1453.0
10678.0 1452.0
10686.0 1449.0
10712.0 1448.0
