847.0 1064.0
848.0 1047.0
849.0 1040.0
850.0 1030.0
851.0 971.0
852.0 961.0
853.0 948.0
854.0 915.0
855.0 902.0
856.0 889.0
857.0 877.0
858.0 870.0
859.0 864.0
860.0 858.0
861.0 854.0
862.0 850.0
863.0 844.0
864.0 838.0
865.0 832.0
866.0 828.0
867.0 826.0
868.0 825.0
869.0 820.0
870.0 815.0
871.0 809.0
872.0 808.0
874.0 803.0
875.0 802.0
877.0 797.0
878.0 796.0
879.0 794.0
881.0 793.0
882.0 792.0
883.0 788.0
886.0 786.0
888.0 784.0
889.0 778.0
890.0 773.0
892.0 769.0
893.0 768.0
895.0 765.0
899.0 761.0
