5694.0 765.0
5702.0 745.0
5706.0 738.0
5718.0 732.0
5722.0 719.0
5726.0 709.0
5734.0 695.0
5752.0 691.0
5758.0 689.0
5762.0 680.0
5776.0 670.0
5792.0 667.0
5794.0 666.0
5796.0 659.0
5812.0 658.0
5814.0 655.0
5820.0 640.0
5834.0 638.0
5838.0 635.0
5848.0 632.0
5850.0 620.0
5864.0 618.0
5866.0 616.0
5868.0 615.0
5874.0 610.0
5884.0 602.0
5894.0 601.0
5912.0 600.0
5918.0 595.0
5934.0 592.0
5938.0 590.0
5944.0 586.0
5950.0 579.0
5978.0 578.0
5994.0 573.0
6012.0 572.0
6020.0 566.0
6034.0 564.0
6036.0 563.0
6050.0 562.0
6062.0 561.0
6080.0 559.0
6094.0 558.0
6100.0 554.0
6146.0 553.0
6154.0 551.0
6174.0 546.0
6258.0 544.0
6274.0 541.0
6382.0 539.0
6390.0 538.0
6398.0 537.0
6408.0 536.0
6416.0 535.0
6424.0 534.0
6434.0 532.0
6442.0 531.0
6450.0 530.0
6458.0 529.0
6468.0 528.0
6476.0 527.0
6484.0 526.0
6496.0 525.0
6502.0 523.0
6528.0 520.0
6550.0 519.0
6566.0 517.0
6650.0 515.0
