1443.0 366.0
1444.0 344.0
1450.0 342.0
1451.0 340.0
1457.0 328.0
1476.0 318.0
1480.0 304.0
1487.0 299.0
1506.0 298.0
1508.0 296.0
1519.0 294.0
1524.0 292.0
1527.0 290.0
1530.0 288.0
1533.0 286.0
1550.0 282.0
1556.0 278.0
1561.0 274.0
1567.0 273.0
1569.0 269.0
1573.0 268.0
1587.0 266.0
1602.0 265.0
1608.0 263.0
1612.0 261.0
1618.0 260.0
1628.0 259.0
1629.0 258.0
1630.0 257.0
1643.0 255.0
1653.0 252.0
1670.0 251.0
1680.0 250.0
1684.0 248.0
1694.0 245.0
1714.0 244.0
1715.0 242.0
1730.0 239.0
1763.0 238.0
