9941.0 1958.0
9943.0 1852.0
9951.0 1848.0
9952.0 1846.0
9954.0 1841.0
9955.0 1829.0
9962.0 1827.0
9963.0 1825.0
9964.0 1820.0
9966.0 1792.0
9972.0 1790.0
9976.0 1788.0
9978.0 1784.0
9980.0 1769.0
9986.0 1767.0
9990.0 1765.0
9992.0 1761.0
9997.0 1753.0
10005.0 1749.0
10009.0 1744.0
10010.0 1742.0
10012.0 1740.0
10021.0 1736.0
10026.0 1728.0
10034.0 1724.0
10039.0 1717.0
10041.0 1715.0
10051.0 1714.0
10058.0 1713.0
10063.0 1706.0
10065.0 1704.0
10070.0 1703.0
10076.0 1702.0
10077.0 1697.0
10081.0 1696.0
10083.0 1694.0
10085.0 1689.0
10089.0 1688.0
10093.0 1684.0
10095.0 1679.0
10099.0 1678.0
10113.0 1677.0
10114.0 1676.0
10116.0 1675.0
10118.0 1670.0
10119.0 1668.0
10123.0 1667.0
10133.0 1664.0
10142.0 1659.0
10146.0 1657.0
10150.0 1656.0
10157.0 1653.0
10168.0 1650.0
10169.0 1649.0
10170.0 1647.0
10174.0 1646.0
10183.0 1644.0
10184.0 1643.0
10193.0 1638.0
10197.0 1636.0
10201.0 1635.0
10208.0 1632.0
10212.0 1631.0
10217.0 1628.0
10221.0 1627.0
10222.0 1621.0
10223.0 1617.0
10226.0 1616.0
10231.0 1614.0
10232.0 1610.0
10236.0 1609.0
10242.0 1603.0
10251.0 1598.0
10259.0 1597.0
10261.0 1594.0
10263.0 1593.0
10268.0 1592.0
10269.0 1590.0
10270.0 1589.0
10276.0 1588.0
10278.0 1585.0
10279.0 1577.0
10290.0 1576.0
10293.0 1575.0
10294.0 1573.0
10295.0 1572.0
10301.0 1568.0
10308.0 1567.0
10311.0 1565.0
10312.0 1563.0
10318.0 1562.0
10319.0 1560.0
10322.0 1557.0
10323.0 1555.0
10330.0 1553.0
10331.0 1552.0
10334.0 1548.0
10342.0 1544.0
10350.0 1543.0
10352.0 1541.0
10355.0 1537.0
10360.0 1534.0
10366.0 1529.0
10370.0 1528.0
10371.0 1526.0
10375.0 1525.0
10380.0 1519.0
10385.0 1516.0
10391.0 1511.0
10396.0 1508.0
10410.0 1506.0
10413.0 1504.0
10418.0 1501.0
10432.0 1499.0
10438.0 1497.0
10451.0 1496.0
10452.0 1495.0
10459.0 1493.0
10471.0 1492.0
10479.0 1489.0
10512.0 1485.0
10516.0 1484.0
10522.0 1483.0
10524.0 1481.0
10532.0 1479.0
10540.0 1476.0
10552.0 1473.0
10562.0 1471.0
10568.0 1470.0
10570.0 1468.0
10580.0 1467.0
10588.0 1465.0
10598.0 1462.0
10616.0 1459.0
10634.0 1458.0
10643.0 1456.0
10652.0 1455.0
10683.0 1454.0
