15267.0 4117.0
15271.0 4088.0
15275.0 4079.0
15279.0 4071.0
15280.0 4064.0
15284.0 4055.0
15285.0 4050.0
15288.0 4047.0
15289.0 4041.0
15292.0 4040.0
15293.0 4035.0
15294.0 4030.0
15295.0 4002.0
15297.0 3984.0
15300.0 3967.0
15303.0 3958.0
15306.0 3941.0
15312.0 3930.0
15316.0 3924.0
15317.0 3920.0
15318.0 3906.0
15324.0 3895.0
15328.0 3894.0
15329.0 3885.0
15332.0 3883.0
15334.0 3881.0
15336.0 3873.0
15338.0 3867.0
15342.0 3865.0
15343.0 3860.0
15346.0 3851.0
15348.0 3838.0
15356.0 3836.0
15359.0 3828.0
15361.0 3820.0
15365.0 3812.0
15367.0 3810.0
15372.0 3799.0
15375.0 3798.0
15378.0 3793.0
15381.0 3791.0
15382.0 3784.0
15384.0 3783.0
15386.0 3781.0
15388.0 3774.0
15394.0 3767.0
15396.0 3764.0
15400.0 3759.0
15403.0 3758.0
15404.0 3757.0
15405.0 3755.0
15406.0 3754.0
15407.0 3749.0
15410.0 3743.0
15413.0 3742.0
15415.0 3739.0
15416.0 3736.0
15418.0 3733.0
15420.0 3732.0
15425.0 3731.0
15426.0 3729.0
15427.0 3725.0
15430.0 3719.0
15433.0 3718.0
15435.0 3715.0
15436.0 3712.0
15438.0 3709.0
15440.0 3708.0
15446.0 3705.0
15449.0 3704.0
15451.0 3701.0
15452.0 3698.0
15454.0 3695.0
15456.0 3694.0
15459.0 3693.0
15460.0 3687.0
15462.0 3683.0
15464.0 3680.0
15466.0 3673.0
15469.0 3670.0
15471.0 3667.0
15473.0 3660.0
15480.0 3655.0
15485.0 3653.0
15487.0 3646.0
15494.0 3643.0
15498.0 3642.0
15499.0 3638.0
15501.0 3630.0
15508.0 3625.0
15509.0 3624.0
15515.0 3616.0
15523.0 3615.0
15524.0 3610.0
15528.0 3609.0
15530.0 3602.0
15534.0 3601.0
15535.0 3596.0
15538.0 3595.0
15541.0 3588.0
15543.0 3587.0
15545.0 3582.0
15548.0 3579.0
15550.0 3576.0
15552.0 3571.0
15554.0 3570.0
15556.0 3565.0
15559.0 3558.0
15563.0 3552.0
15570.0 3541.0
15573.0 3540.0
15576.0 3536.0
15579.0 3534.0
15580.0 3527.0
15583.0 3523.0
15586.0 3521.0
15594.0 3512.0
15603.0 3511.0
15604.0 3510.0
15607.0 3507.0
15608.0 3501.0
15611.0 3497.0
15614.0 3495.0
15622.0 3486.0
15625.0 3484.0
15633.0 3478.0
15636.0 3473.0
15645.0 3471.0
15646.0 3470.0
15647.0 3463.0
15656.0 3461.0
15658.0 3458.0
15660.0 3457.0
15661.0 3453.0
15670.0 3449.0
15671.0 3447.0
15672.0 3443.0
15681.0 3442.0
15685.0 3437.0
15687.0 3436.0
15691.0 3434.0
15694.0 3433.0
15696.0 3427.0
15700.0 3426.0
15701.0 3422.0
15707.0 3420.0
15708.0 3413.0
15716.0 3410.0
15717.0 3406.0
15719.0 3404.0
15724.0 3397.0
15728.0 3395.0
15732.0 3390.0
15736.0 3388.0
15737.0 3387.0
15743.0 3383.0
15747.0 3381.0
15749.0 3380.0
15750.0 3378.0
15754.0 3376.0
15756.0 3374.0
15761.0 3367.0
15766.0 3366.0
15769.0 3363.0
15773.0 3358.0
15774.0 3357.0
15780.0 3356.0
15782.0 3354.0
15784.0 3351.0
15786.0 3350.0
15789.0 3347.0
15791.0 3346.0
15792.0 3345.0
15796.0 3341.0
15798.0 3338.0
15803.0 3337.0
15805.0 3331.0
15811.0 3328.0
15814.0 3324.0
15823.0 3319.0
15826.0 3317.0
15832.0 3316.0
15833.0 3314.0
15835.0 3310.0
15836.0 3309.0
15842.0 3307.0
15844.0 3305.0
15845.0 3302.0
15853.0 3296.0
15862.0 3295.0
15863.0 3292.0
15865.0 3289.0
15871.0 3288.0
15872.0 3286.0
15874.0 3282.0
15875.0 3281.0
15881.0 3279.0
15884.0 3274.0
15900.0 3273.0
15902.0 3271.0
15903.0 3268.0
15910.0 3267.0
15913.0 3263.0
15921.0 3262.0
15927.0 3261.0
15930.0 3260.0
15933.0 3257.0
15938.0 3255.0
15941.0 3254.0
15952.0 3252.0
15953.0 3249.0
15958.0 3247.0
15971.0 3246.0
15972.0 3245.0
15986.0 3244.0
15987.0 3243.0
15992.0 3242.0
15994.0 3241.0
16006.0 3237.0
16008.0 3236.0
16018.0 3233.0
16019.0 3232.0
16022.0 3231.0
16028.0 3228.0
16030.0 3227.0
16033.0 3224.0
16037.0 3219.0
16048.0 3214.0
16060.0 3213.0
16064.0 3208.0
16078.0 3207.0
16085.0 3204.0
16099.0 3203.0
16105.0 3200.0
16118.0 3199.0
16126.0 3196.0
16139.0 3195.0
16141.0 3194.0
16146.0 3192.0
16155.0 3189.0
16167.0 3188.0
16176.0 3185.0
16182.0 3184.0
16191.0 3181.0
16203.0 3180.0
16207.0 3178.0
16212.0 3177.0
16257.0 3176.0
16280.0 3173.0
16308.0 3172.0
16312.0 3170.0
16317.0 3167.0
16322.0 3165.0
16330.0 3164.0
16331.0 3162.0
16339.0 3161.0
16347.0 3160.0
16348.0 3158.0
16353.0 3154.0
16361.0 3153.0
16370.0 3150.0
16374.0 3149.0
16382.0 3148.0
16383.0 3147.0
16391.0 3146.0
16396.0 3141.0
16404.0 3140.0
16422.0 3136.0
16430.0 3135.0
16444.0 3133.0
16452.0 3132.0
16470.0 3128.0
16478.0 3127.0
16501.0 3125.0
16509.0 3124.0
16514.0 3123.0
16523.0 3122.0
16528.0 3121.0
16545.0 3120.0
16559.0 3118.0
16573.0 3116.0
