412.0 1364.0
413.0 1354.0
414.0 1280.0
415.0 1271.0
416.0 1268.0
417.0 1260.0
418.0 1250.0
419.0 1241.0
420.0 1236.0
421.0 1222.0
422.0 1213.0
423.0 1208.0
424.0 1204.0
425.0 1192.0
426.0 1187.0
427.0 1186.0
428.0 1180.0
430.0 1173.0
431.0 1159.0
432.0 1151.0
433.0 1147.0
434.0 1144.0
435.0 1141.0
436.0 1133.0
437.0 1130.0
438.0 1128.0
439.0 1123.0
440.0 1117.0
441.0 1114.0
442.0 1110.0
443.0 1102.0
444.0 1095.0
446.0 1090.0
447.0 1087.0
448.0 1080.0
450.0 1073.0
451.0 1065.0
454.0 1064.0
456.0 1056.0
459.0 1055.0
461.0 1051.0
462.0 1050.0
463.0 1047.0
464.0 1043.0
467.0 1039.0
471.0 1037.0
472.0 1034.0
474.0 1033.0
475.0 1030.0
478.0 1024.0
479.0 1023.0
484.0 1019.0
486.0 1016.0
487.0 1015.0
490.0 1012.0
491.0 1011.0
494.0 1008.0
495.0 1006.0
496.0 1003.0
499.0 998.0
502.0 995.0
505.0 993.0
506.0 990.0
509.0 987.0
512.0 984.0
515.0 983.0
516.0 982.0
517.0 976.0
522.0 973.0
523.0 969.0
