9926.0 1998.0
9930.0 1980.0
9931.0 1952.0
9935.0 1934.0
9941.0 1867.0
9945.0 1854.0
9951.0 1848.0
9955.0 1835.0
9963.0 1831.0
9966.0 1820.0
9974.0 1816.0
9981.0 1804.0
9985.0 1798.0
9992.0 1797.0
9993.0 1779.0
10001.0 1774.0
10007.0 1756.0
10015.0 1751.0
10025.0 1750.0
10027.0 1742.0
10029.0 1738.0
10033.0 1732.0
10038.0 1731.0
10043.0 1725.0
10047.0 1722.0
10050.0 1721.0
10051.0 1720.0
10052.0 1708.0
10063.0 1704.0
10067.0 1695.0
10072.0 1694.0
10076.0 1684.0
10091.0 1677.0
10095.0 1674.0
10096.0 1671.0
10100.0 1666.0
10105.0 1660.0
10116.0 1659.0
10121.0 1656.0
10128.0 1655.0
10129.0 1653.0
10132.0 1650.0
10137.0 1644.0
10142.0 1641.0
10160.0 1636.0
10167.0 1630.0
10176.0 1627.0
10181.0 1621.0
10204.0 1620.0
10206.0 1617.0
10208.0 1615.0
10212.0 1614.0
10220.0 1611.0
10232.0 1605.0
10237.0 1601.0
10257.0 1594.0
10270.0 1592.0
10274.0 1589.0
10278.0 1585.0
10280.0 1584.0
10284.0 1577.0
10288.0 1576.0
10292.0 1569.0
10300.0 1564.0
10302.0 1561.0
10306.0 1554.0
10322.0 1550.0
10332.0 1546.0
10336.0 1539.0
10346.0 1537.0
10348.0 1536.0
10350.0 1530.0
10358.0 1529.0
10364.0 1523.0
10380.0 1519.0
10382.0 1518.0
10390.0 1517.0
10394.0 1512.0
10396.0 1511.0
10412.0 1510.0
10418.0 1507.0
10436.0 1504.0
10438.0 1503.0
10454.0 1499.0
10462.0 1498.0
10472.0 1495.0
10490.0 1492.0
10506.0 1491.0
10516.0 1485.0
10534.0 1482.0
10560.0 1479.0
10566.0 1478.0
10574.0 1474.0
10580.0 1473.0
10586.0 1471.0
10592.0 1470.0
10595.0 1465.0
10607.0 1464.0
10609.0 1460.0
10621.0 1457.0
10657.0 1453.0
10669.0 1450.0
