15300.0 4076.0
15301.0 4067.0
15302.0 4006.0
15303.0 3985.0
15304.0 3883.0
15305.0 3876.0
15310.0 3875.0
15311.0 3850.0
15316.0 3849.0
15317.0 3848.0
15320.0 3847.0
15321.0 3835.0
15326.0 3834.0
15327.0 3833.0
15329.0 3831.0
15332.0 3828.0
15337.0 3827.0
15338.0 3826.0
15339.0 3813.0
15344.0 3812.0
15347.0 3807.0
15349.0 3806.0
15352.0 3797.0
15357.0 3794.0
15361.0 3792.0
15362.0 3782.0
15368.0 3780.0
15370.0 3774.0
15373.0 3773.0
15380.0 3760.0
15383.0 3759.0
15384.0 3757.0
15388.0 3754.0
15390.0 3750.0
15393.0 3749.0
15396.0 3742.0
15399.0 3737.0
15400.0 3730.0
15403.0 3725.0
15404.0 3713.0
15408.0 3707.0
15413.0 3698.0
15420.0 3684.0
15424.0 3675.0
15432.0 3670.0
15436.0 3664.0
15437.0 3661.0
15441.0 3655.0
15444.0 3646.0
15448.0 3640.0
15453.0 3631.0
15460.0 3617.0
15479.0 3616.0
15482.0 3612.0
15486.0 3609.0
15490.0 3606.0
15494.0 3600.0
15497.0 3597.0
15504.0 3587.0
15506.0 3586.0
15508.0 3581.0
15509.0 3578.0
15511.0 3577.0
15512.0 3576.0
15513.0 3572.0
15517.0 3567.0
15525.0 3565.0
15526.0 3563.0
15528.0 3555.0
15533.0 3546.0
15541.0 3541.0
15549.0 3539.0
15550.0 3534.0
15554.0 3532.0
15555.0 3524.0
15563.0 3522.0
15567.0 3521.0
15569.0 3520.0
15571.0 3518.0
15572.0 3512.0
15580.0 3506.0
15581.0 3504.0
15588.0 3501.0
15593.0 3498.0
15597.0 3494.0
15598.0 3491.0
15603.0 3486.0
15611.0 3485.0
15613.0 3483.0
15614.0 3481.0
15615.0 3476.0
15620.0 3472.0
15621.0 3470.0
15628.0 3468.0
15629.0 3466.0
15632.0 3464.0
15637.0 3460.0
15638.0 3458.0
15645.0 3456.0
15646.0 3454.0
15652.0 3453.0
15657.0 3449.0
15658.0 3447.0
15665.0 3445.0
15666.0 3443.0
15674.0 3442.0
15675.0 3441.0
15679.0 3440.0
15680.0 3438.0
15686.0 3436.0
15687.0 3434.0
15693.0 3432.0
15694.0 3430.0
15700.0 3429.0
15701.0 3427.0
15705.0 3422.0
15707.0 3421.0
15711.0 3417.0
15716.0 3412.0
15722.0 3410.0
15724.0 3409.0
15727.0 3407.0
15728.0 3402.0
15733.0 3398.0
15734.0 3396.0
15741.0 3394.0
15742.0 3392.0
15748.0 3391.0
15753.0 3387.0
15754.0 3385.0
15761.0 3383.0
15762.0 3381.0
15769.0 3380.0
15771.0 3379.0
15777.0 3378.0
15778.0 3376.0
15780.0 3371.0
15789.0 3368.0
15794.0 3366.0
15801.0 3362.0
15802.0 3360.0
15807.0 3357.0
15810.0 3354.0
15811.0 3353.0
15814.0 3350.0
15819.0 3348.0
15821.0 3346.0
15823.0 3345.0
15825.0 3342.0
15828.0 3341.0
15831.0 3337.0
15834.0 3334.0
15835.0 3333.0
15838.0 3330.0
15845.0 3327.0
15847.0 3325.0
15850.0 3322.0
15858.0 3319.0
15859.0 3317.0
15862.0 3314.0
15863.0 3313.0
15865.0 3312.0
15866.0 3310.0
15871.0 3309.0
15874.0 3306.0
15875.0 3305.0
15877.0 3304.0
15878.0 3302.0
15885.0 3301.0
15886.0 3299.0
15890.0 3298.0
15891.0 3296.0
15894.0 3295.0
15898.0 3294.0
15900.0 3293.0
15901.0 3289.0
15904.0 3286.0
15908.0 3285.0
15912.0 3284.0
15913.0 3281.0
15915.0 3278.0
15918.0 3275.0
15925.0 3274.0
15927.0 3270.0
15930.0 3267.0
15937.0 3266.0
15938.0 3264.0
15943.0 3261.0
15950.0 3260.0
15953.0 3258.0
15955.0 3257.0
15956.0 3255.0
15957.0 3254.0
15964.0 3252.0
15968.0 3251.0
15969.0 3246.0
15976.0 3245.0
15977.0 3243.0
15982.0 3240.0
15989.0 3239.0
15995.0 3234.0
16002.0 3233.0
16003.0 3231.0
16008.0 3228.0
16015.0 3227.0
16021.0 3224.0
16022.0 3223.0
16028.0 3221.0
16029.0 3220.0
16034.0 3218.0
16037.0 3217.0
16042.0 3216.0
16048.0 3211.0
16056.0 3208.0
16068.0 3204.0
16076.0 3201.0
16099.0 3200.0
16104.0 3199.0
16108.0 3198.0
16109.0 3194.0
16113.0 3193.0
16118.0 3191.0
16123.0 3190.0
16125.0 3188.0
16130.0 3187.0
16136.0 3185.0
16141.0 3184.0
16143.0 3183.0
16144.0 3179.0
16149.0 3178.0
16151.0 3177.0
16159.0 3176.0
16162.0 3174.0
16170.0 3168.0
16185.0 3165.0
16194.0 3163.0
16208.0 3161.0
16209.0 3160.0
16216.0 3159.0
16221.0 3158.0
16224.0 3157.0
16232.0 3156.0
16233.0 3152.0
16242.0 3148.0
16261.0 3146.0
16268.0 3144.0
16286.0 3139.0
16295.0 3135.0
16314.0 3134.0
16324.0 3133.0
16343.0 3132.0
16360.0 3130.0
16369.0 3126.0
16388.0 3125.0
