181.0 419.0
154.0 529.0
154.0 529.0
181.0 419.0
164.0 464.0
164.0 464.0
159.0 480.0
174.0 437.0
168.0 445.0
161.0 478.0
157.0 509.0
181.0 419.0
188.0 407.0
162.0 469.0
166.0 455.0
181.0 419.0
157.0 509.0
159.0 480.0
162.0 469.0
168.0 445.0
157.0 509.0
196.0 398.0
166.0 455.0
166.0 455.0
196.0 398.0
166.0 455.0
164.0 464.0
196.0 398.0
170.0 444.0
181.0 419.0
170.0 444.0
161.0 478.0
164.0 464.0
196.0 398.0
195.0 401.0
197.0 397.0
197.0 397.0
155.0 514.0
166.0 455.0
161.0 478.0
161.0 478.0
188.0 407.0
197.0 397.0
166.0 455.0
164.0 464.0
168.0 445.0
195.0 401.0
197.0 397.0
194.0 402.0
174.0 437.0
195.0 401.0
195.0 401.0
155.0 514.0
155.0 514.0
154.0 529.0
159.0 480.0
177.0 432.0
154.0 529.0
157.0 509.0
159.0 480.0
168.0 445.0
196.0 398.0
194.0 402.0
166.0 455.0
161.0 478.0
155.0 514.0
155.0 514.0
164.0 464.0
154.0 529.0
154.0 529.0
181.0 419.0
177.0 432.0
195.0 401.0
197.0 397.0
157.0 509.0
159.0 480.0
174.0 437.0
155.0 514.0
194.0 402.0
174.0 437.0
177.0 432.0
154.0 529.0
157.0 509.0
174.0 437.0
168.0 445.0
196.0 398.0
177.0 432.0
177.0 432.0
194.0 402.0
197.0 397.0
194.0 402.0
174.0 437.0
194.0 402.0
170.0 444.0
195.0 401.0
161.0 478.0
177.0 432.0
177.0 432.0
159.0 480.0
168.0 445.0
