215.0 1157.0
225.0 1117.0
215.0 1157.0
213.0 1168.0
208.0 1192.0
216.0 1154.0
263.0 1040.0
263.0 1040.0
209.0 1189.0
232.0 1098.0
221.0 1133.0
214.0 1165.0
234.0 1089.0
208.0 1192.0
209.0 1189.0
210.0 1180.0
216.0 1154.0
234.0 1089.0
225.0 1117.0
221.0 1133.0
246.0 1054.0
207.0 1202.0
219.0 1135.0
233.0 1094.0
242.0 1062.0
223.0 1124.0
219.0 1135.0
221.0 1133.0
214.0 1165.0
212.0 1176.0
240.0 1063.0
263.0 1040.0
249.0 1048.0
227.0 1116.0
235.0 1085.0
245.0 1058.0
254.0 1042.0
207.0 1202.0
233.0 1094.0
240.0 1063.0
227.0 1116.0
235.0 1085.0
218.0 1146.0
213.0 1168.0
234.0 1089.0
232.0 1098.0
212.0 1176.0
270.0 1033.0
208.0 1192.0
239.0 1071.0
256.0 1041.0
228.0 1110.0
209.0 1189.0
219.0 1135.0
215.0 1157.0
249.0 1048.0
228.0 1110.0
243.0 1059.0
232.0 1098.0
242.0 1062.0
270.0 1033.0
228.0 1110.0
210.0 1180.0
254.0 1042.0
245.0 1058.0
268.0 1034.0
223.0 1124.0
246.0 1054.0
236.0 1075.0
256.0 1041.0
210.0 1180.0
213.0 1168.0
207.0 1202.0
233.0 1094.0
214.0 1165.0
223.0 1124.0
246.0 1054.0
243.0 1059.0
270.0 1033.0
218.0 1146.0
247.0 1049.0
231.0 1106.0
247.0 1049.0
239.0 1071.0
236.0 1075.0
253.0 1047.0
218.0 1146.0
267.0 1039.0
235.0 1085.0
253.0 1047.0
236.0 1075.0
268.0 1034.0
216.0 1154.0
217.0 1148.0
239.0 1071.0
267.0 1039.0
212.0 1176.0
217.0 1148.0
253.0 1047.0
267.0 1039.0
