68.0 1077.0
68.0 1077.0
88.0 1005.0
62.0 1131.0
83.0 1023.0
83.0 1023.0
78.0 1040.0
62.0 1131.0
78.0 1040.0
72.0 1067.0
66.0 1093.0
62.0 1131.0
67.0 1091.0
66.0 1093.0
85.0 1013.0
65.0 1102.0
72.0 1067.0
84.0 1022.0
84.0 1022.0
78.0 1040.0
78.0 1040.0
72.0 1067.0
63.0 1124.0
64.0 1115.0
83.0 1023.0
63.0 1124.0
64.0 1115.0
88.0 1005.0
67.0 1091.0
83.0 1023.0
72.0 1067.0
88.0 1005.0
62.0 1131.0
87.0 1010.0
86.0 1012.0
61.0 1140.0
85.0 1013.0
73.0 1060.0
87.0 1010.0
74.0 1058.0
74.0 1058.0
81.0 1028.0
70.0 1070.0
66.0 1093.0
68.0 1077.0
70.0 1070.0
85.0 1013.0
67.0 1091.0
66.0 1093.0
61.0 1140.0
63.0 1124.0
87.0 1010.0
86.0 1012.0
79.0 1037.0
70.0 1070.0
64.0 1115.0
73.0 1060.0
88.0 1005.0
76.0 1046.0
88.0 1005.0
76.0 1046.0
70.0 1070.0
84.0 1022.0
72.0 1067.0
67.0 1091.0
73.0 1060.0
77.0 1045.0
81.0 1028.0
86.0 1012.0
70.0 1070.0
64.0 1115.0
85.0 1013.0
76.0 1046.0
67.0 1091.0
61.0 1140.0
76.0 1046.0
84.0 1022.0
61.0 1140.0
74.0 1058.0
63.0 1124.0
77.0 1045.0
79.0 1037.0
87.0 1010.0
78.0 1040.0
77.0 1045.0
64.0 1115.0
79.0 1037.0
74.0 1058.0
79.0 1037.0
63.0 1124.0
62.0 1131.0
80.0 1029.0
79.0 1037.0
81.0 1028.0
61.0 1140.0
81.0 1028.0
86.0 1012.0
77.0 1045.0
73.0 1060.0
74.0 1058.0
