2856.0 177.0
2856.0 177.0
2932.0 161.0
2728.0 210.0
2814.0 182.0
2932.0 161.0
3066.0 149.0
2706.0 224.0
2918.0 166.0
3066.0 149.0
2918.0 166.0
2742.0 198.0
3022.0 151.0
2742.0 198.0
2840.0 178.0
2840.0 178.0
2714.0 213.0
2680.0 239.0
2706.0 224.0
2736.0 206.0
2780.0 184.0
2736.0 206.0
2682.0 235.0
2700.0 226.0
2956.0 159.0
2686.0 229.0
2962.0 158.0
2918.0 166.0
3066.0 149.0
2956.0 159.0
2840.0 178.0
2736.0 206.0
2962.0 158.0
2884.0 174.0
2902.0 167.0
3014.0 155.0
2902.0 167.0
2762.0 190.0
2884.0 174.0
2708.0 222.0
2856.0 177.0
2858.0 175.0
2780.0 184.0
2712.0 217.0
2708.0 222.0
3066.0 149.0
2700.0 226.0
2758.0 194.0
2728.0 210.0
3022.0 151.0
2738.0 202.0
2708.0 222.0
2700.0 226.0
2728.0 210.0
2738.0 202.0
2884.0 174.0
2932.0 161.0
2742.0 198.0
2712.0 217.0
3014.0 155.0
2682.0 235.0
2890.0 173.0
3014.0 155.0
2762.0 190.0
2684.0 233.0
2732.0 208.0
2892.0 170.0
2680.0 239.0
2814.0 182.0
2962.0 158.0
2890.0 173.0
2710.0 218.0
2858.0 175.0
2710.0 218.0
2686.0 229.0
2780.0 184.0
2858.0 175.0
2684.0 233.0
2682.0 235.0
2712.0 217.0
2738.0 202.0
2714.0 213.0
2706.0 224.0
2758.0 194.0
2758.0 194.0
2892.0 170.0
3022.0 151.0
2956.0 159.0
2714.0 213.0
2680.0 239.0
2710.0 218.0
2892.0 170.0
2686.0 229.0
2902.0 167.0
2732.0 208.0
2732.0 208.0
2780.0 184.0
2890.0 173.0
2762.0 190.0
2684.0 233.0
