1559.0 283.0
1559.0 283.0
1553.0 287.0
1553.0 287.0
1538.0 288.0
1519.0 302.0
1578.0 280.0
1496.0 308.0
1517.0 303.0
1538.0 288.0
1613.0 263.0
1553.0 287.0
1559.0 283.0
1517.0 303.0
1525.0 294.0
1613.0 263.0
1613.0 263.0
1496.0 308.0
1538.0 288.0
1491.0 310.0
1684.0 248.0
1517.0 303.0
1519.0 302.0
1627.0 260.0
1727.0 244.0
1727.0 244.0
1684.0 248.0
1627.0 260.0
1553.0 287.0
1627.0 260.0
1684.0 248.0
1491.0 310.0
1538.0 288.0
1684.0 248.0
1578.0 280.0
1684.0 248.0
1602.0 265.0
1727.0 244.0
1694.0 245.0
1602.0 265.0
1517.0 303.0
1659.0 253.0
1525.0 294.0
1491.0 310.0
1504.0 304.0
1592.0 268.0
1670.0 251.0
1592.0 268.0
1613.0 263.0
1670.0 251.0
1525.0 294.0
1525.0 294.0
1504.0 304.0
1592.0 268.0
1659.0 253.0
1538.0 288.0
1602.0 265.0
1727.0 244.0
1559.0 283.0
1694.0 245.0
1496.0 308.0
1694.0 245.0
1504.0 304.0
1649.0 256.0
1659.0 253.0
1670.0 251.0
1670.0 251.0
1519.0 302.0
1559.0 283.0
1592.0 268.0
1649.0 256.0
1649.0 256.0
1613.0 263.0
1659.0 253.0
1637.0 257.0
1694.0 245.0
1727.0 244.0
1637.0 257.0
1578.0 280.0
1637.0 257.0
1519.0 302.0
1525.0 294.0
1602.0 265.0
1602.0 265.0
1592.0 268.0
1504.0 304.0
1649.0 256.0
1504.0 304.0
1637.0 257.0
1670.0 251.0
1627.0 260.0
1627.0 260.0
1659.0 253.0
1694.0 245.0
1637.0 257.0
1649.0 256.0
1578.0 280.0
1496.0 308.0
1491.0 310.0
1578.0 280.0
