9636.0 582.0
9636.0 582.0
9889.0 519.0
9914.0 518.0
9629.0 587.0
9918.0 517.0
9629.0 587.0
9687.0 559.0
9830.0 529.0
9705.0 553.0
9615.0 638.0
9862.0 525.0
9859.0 526.0
9862.0 525.0
9769.0 534.0
9769.0 534.0
9914.0 518.0
9769.0 534.0
9862.0 525.0
9741.0 547.0
9769.0 534.0
9639.0 574.0
9801.0 531.0
9918.0 517.0
9931.0 513.0
9889.0 519.0
9779.0 532.0
9741.0 547.0
9918.0 517.0
9741.0 547.0
9931.0 513.0
9639.0 574.0
9779.0 532.0
9914.0 518.0
9705.0 553.0
9865.0 523.0
9920.0 515.0
9830.0 529.0
9639.0 574.0
9920.0 515.0
9801.0 531.0
9865.0 523.0
9741.0 547.0
9830.0 529.0
9779.0 532.0
9865.0 523.0
9862.0 525.0
9920.0 515.0
9883.0 522.0
9639.0 574.0
9843.0 527.0
9687.0 559.0
9641.0 562.0
9843.0 527.0
9843.0 527.0
9920.0 515.0
9742.0 545.0
9746.0 537.0
9641.0 562.0
9712.0 550.0
9769.0 534.0
9801.0 531.0
9687.0 559.0
9931.0 513.0
9801.0 531.0
9742.0 545.0
9889.0 519.0
9712.0 550.0
9746.0 537.0
9629.0 587.0
9712.0 550.0
9705.0 553.0
9742.0 545.0
9931.0 513.0
9918.0 517.0
9889.0 519.0
9746.0 537.0
9747.0 535.0
9746.0 537.0
9843.0 527.0
9641.0 562.0
9865.0 523.0
9712.0 550.0
9931.0 513.0
9843.0 527.0
9705.0 553.0
9801.0 531.0
9747.0 535.0
9629.0 587.0
9742.0 545.0
9641.0 562.0
9641.0 562.0
9747.0 535.0
9914.0 518.0
9687.0 559.0
9747.0 535.0
9779.0 532.0
9830.0 529.0
9830.0 529.0
9687.0 559.0
