3747.0 433.0
3747.0 433.0
3941.0 308.0
3825.0 350.0
3941.0 308.0
3747.0 433.0
3780.0 381.0
3825.0 350.0
3825.0 350.0
3808.0 362.0
3792.0 369.0
3808.0 362.0
3941.0 308.0
3780.0 381.0
3898.0 318.0
3792.0 369.0
3821.0 358.0
3816.0 359.0
3831.0 349.0
3888.0 319.0
3905.0 314.0
3808.0 362.0
3760.0 404.0
3870.0 322.0
3824.0 357.0
3870.0 322.0
3853.0 328.0
3870.0 322.0
3780.0 381.0
3825.0 350.0
3816.0 359.0
3898.0 318.0
3815.0 361.0
3806.0 367.0
3858.0 327.0
3754.0 418.0
3816.0 359.0
3753.0 423.0
3760.0 404.0
3754.0 418.0
3898.0 318.0
3821.0 358.0
3824.0 357.0
3860.0 323.0
3831.0 349.0
3806.0 367.0
3753.0 423.0
3888.0 319.0
3776.0 386.0
3837.0 336.0
3860.0 323.0
3743.0 441.0
3806.0 367.0
3776.0 386.0
3860.0 323.0
3747.0 433.0
3847.0 335.0
3760.0 404.0
3760.0 404.0
3898.0 318.0
3790.0 372.0
3821.0 358.0
3888.0 319.0
3941.0 308.0
3753.0 423.0
3888.0 319.0
3776.0 386.0
3754.0 418.0
3837.0 336.0
3780.0 381.0
3815.0 361.0
3770.0 390.0
3858.0 327.0
3790.0 372.0
3776.0 386.0
3754.0 418.0
3870.0 322.0
3831.0 349.0
3792.0 369.0
3815.0 361.0
3770.0 390.0
3806.0 367.0
3847.0 335.0
3853.0 328.0
3837.0 336.0
3905.0 314.0
3770.0 390.0
3770.0 390.0
3837.0 336.0
3905.0 314.0
3853.0 328.0
3905.0 314.0
3858.0 327.0
3831.0 349.0
3824.0 357.0
3847.0 335.0
3790.0 372.0
3808.0 362.0
3853.0 328.0
3847.0 335.0
