31404.0 10030.0
30381.0 10772.0
30114.0 11265.0
30186.0 11032.0
30493.0 10616.0
32013.0 9860.0
30402.0 10723.0
30783.0 10337.0
30887.0 10263.0
31004.0 10191.0
30329.0 10812.0
30309.0 10834.0
30385.0 10741.0
30163.0 11091.0
30733.0 10380.0
30441.0 10680.0
30919.0 10239.0
31698.0 9933.0
30475.0 10636.0
30683.0 10425.0
30131.0 11176.0
31040.0 10171.0
30118.0 11224.0
31023.0 10174.0
30849.0 10287.0
30601.0 10504.0
31458.0 10020.0
31112.0 10129.0
30150.0 11109.0
31063.0 10161.0
31363.0 10044.0
31314.0 10059.0
31937.0 9873.0
30801.0 10324.0
31843.0 9883.0
30244.0 10931.0
31341.0 10048.0
31642.0 9959.0
31561.0 9987.0
30418.0 10704.0
31480.0 10015.0
30530.0 10577.0
30987.0 10204.0
31283.0 10068.0
30637.0 10472.0
31166.0 10110.0
30122.0 11192.0
31189.0 10100.0
31512.0 10011.0
31668.0 9950.0
30561.0 10545.0
31595.0 9981.0
31135.0 10119.0
30230.0 10948.0
30361.0 10773.0
30141.0 11139.0
30137.0 11159.0
30824.0 10306.0
31443.0 10023.0
31806.0 9899.0
30172.0 11052.0
30298.0 10861.0
31826.0 9886.0
30456.0 10656.0
30344.0 10791.0
30207.0 10992.0
31865.0 9880.0
30669.0 10438.0
31727.0 9929.0
31535.0 9996.0
31741.0 9914.0
31216.0 10090.0
31087.0 10140.0
31235.0 10081.0
30753.0 10370.0
31387.0 10033.0
30167.0 11071.0
30590.0 10522.0
30942.0 10229.0
31426.0 10026.0
30262.0 10908.0
31966.0 9862.0
30221.0 10964.0
30618.0 10486.0
31767.0 9905.0
30193.0 11009.0
31914.0 9874.0
30513.0 10595.0
31621.0 9980.0
30767.0 10353.0
30576.0 10535.0
31894.0 9876.0
30658.0 10465.0
30551.0 10560.0
30707.0 10410.0
30278.0 10889.0
30961.0 10224.0
31262.0 10070.0
31784.0 9902.0
30725.0 10400.0
