128.0 157.0
128.0 157.0
128.0 157.0
128.0 157.0
133.0 149.0
122.0 178.0
122.0 178.0
122.0 178.0
133.0 149.0
133.0 149.0
133.0 149.0
133.0 149.0
123.0 168.0
122.0 178.0
123.0 168.0
122.0 178.0
133.0 149.0
122.0 178.0
123.0 168.0
133.0 149.0
133.0 149.0
126.0 159.0
133.0 149.0
133.0 149.0
122.0 178.0
126.0 159.0
129.0 154.0
129.0 154.0
129.0 154.0
122.0 178.0
133.0 149.0
126.0 159.0
123.0 168.0
124.0 163.0
129.0 154.0
126.0 159.0
123.0 168.0
122.0 178.0
124.0 163.0
123.0 168.0
123.0 168.0
126.0 159.0
129.0 154.0
124.0 163.0
122.0 178.0
124.0 163.0
133.0 149.0
124.0 163.0
126.0 159.0
124.0 163.0
129.0 154.0
126.0 159.0
124.0 163.0
124.0 163.0
124.0 163.0
124.0 163.0
124.0 163.0
129.0 154.0
124.0 163.0
126.0 159.0
128.0 157.0
126.0 159.0
123.0 168.0
133.0 149.0
133.0 149.0
126.0 159.0
126.0 159.0
122.0 178.0
123.0 168.0
129.0 154.0
129.0 154.0
129.0 154.0
122.0 178.0
129.0 154.0
122.0 178.0
124.0 163.0
122.0 178.0
123.0 168.0
132.0 152.0
123.0 168.0
129.0 154.0
133.0 149.0
122.0 178.0
123.0 168.0
124.0 163.0
123.0 168.0
124.0 163.0
122.0 178.0
123.0 168.0
126.0 159.0
124.0 163.0
126.0 159.0
126.0 159.0
123.0 168.0
133.0 149.0
123.0 168.0
129.0 154.0
126.0 159.0
129.0 154.0
129.0 154.0
