21.0 138.0
21.0 138.0
17.0 151.0
17.0 151.0
17.0 151.0
17.0 151.0
21.0 138.0
17.0 151.0
17.0 151.0
18.0 147.0
17.0 151.0
19.0 145.0
22.0 134.0
18.0 147.0
24.0 130.0
19.0 145.0
22.0 134.0
18.0 147.0
19.0 145.0
19.0 145.0
24.0 130.0
17.0 151.0
24.0 130.0
24.0 130.0
25.0 129.0
25.0 129.0
19.0 145.0
25.0 129.0
22.0 134.0
25.0 129.0
19.0 145.0
24.0 130.0
24.0 130.0
18.0 147.0
17.0 151.0
17.0 151.0
25.0 129.0
19.0 145.0
22.0 134.0
25.0 129.0
17.0 151.0
24.0 130.0
24.0 130.0
17.0 151.0
23.0 133.0
17.0 151.0
25.0 129.0
24.0 130.0
22.0 134.0
19.0 145.0
19.0 145.0
23.0 133.0
24.0 130.0
25.0 129.0
18.0 147.0
23.0 133.0
17.0 151.0
24.0 130.0
18.0 147.0
23.0 133.0
25.0 129.0
22.0 134.0
18.0 147.0
18.0 147.0
22.0 134.0
18.0 147.0
23.0 133.0
23.0 133.0
19.0 145.0
23.0 133.0
22.0 134.0
23.0 133.0
18.0 147.0
25.0 129.0
22.0 134.0
22.0 134.0
25.0 129.0
24.0 130.0
18.0 147.0
25.0 129.0
18.0 147.0
22.0 134.0
23.0 133.0
18.0 147.0
23.0 133.0
19.0 145.0
22.0 134.0
25.0 129.0
22.0 134.0
25.0 129.0
23.0 133.0
24.0 130.0
23.0 133.0
19.0 145.0
21.0 138.0
23.0 133.0
19.0 145.0
19.0 145.0
18.0 147.0
22.0 134.0
