117.0 694.0
117.0 694.0
117.0 694.0
119.0 624.0
124.0 587.0
117.0 694.0
129.0 562.0
133.0 553.0
135.0 541.0
147.0 508.0
125.0 576.0
135.0 541.0
122.0 591.0
124.0 587.0
129.0 562.0
122.0 591.0
145.0 514.0
147.0 508.0
145.0 514.0
124.0 587.0
135.0 541.0
129.0 562.0
147.0 508.0
135.0 541.0
133.0 553.0
123.0 589.0
126.0 574.0
147.0 508.0
133.0 553.0
133.0 553.0
145.0 514.0
147.0 508.0
133.0 553.0
125.0 576.0
129.0 562.0
147.0 508.0
128.0 571.0
129.0 562.0
131.0 556.0
117.0 694.0
150.0 505.0
138.0 523.0
131.0 556.0
117.0 694.0
122.0 591.0
123.0 589.0
135.0 541.0
137.0 534.0
125.0 576.0
138.0 523.0
145.0 514.0
134.0 552.0
123.0 589.0
126.0 574.0
145.0 514.0
146.0 512.0
137.0 534.0
146.0 512.0
138.0 523.0
126.0 574.0
138.0 523.0
129.0 562.0
150.0 505.0
125.0 576.0
146.0 512.0
135.0 541.0
122.0 591.0
126.0 574.0
145.0 514.0
138.0 523.0
150.0 505.0
138.0 523.0
131.0 556.0
125.0 576.0
137.0 534.0
150.0 505.0
136.0 535.0
134.0 552.0
131.0 556.0
150.0 505.0
146.0 512.0
121.0 602.0
131.0 556.0
136.0 535.0
146.0 512.0
136.0 535.0
123.0 589.0
136.0 535.0
131.0 556.0
134.0 552.0
134.0 552.0
134.0 552.0
125.0 576.0
137.0 534.0
122.0 591.0
137.0 534.0
126.0 574.0
150.0 505.0
136.0 535.0
123.0 589.0
