1472.0 297.0
1374.0 300.0
1472.0 297.0
1374.0 300.0
1284.0 325.0
1344.0 305.0
1300.0 318.0
1284.0 325.0
1322.0 314.0
1300.0 318.0
1322.0 314.0
1372.0 302.0
1322.0 314.0
1274.0 336.0
1252.0 349.0
1324.0 312.0
1252.0 349.0
1228.0 366.0
1200.0 380.0
1336.0 311.0
1342.0 307.0
1344.0 305.0
1344.0 305.0
1232.0 355.0
1344.0 305.0
1342.0 307.0
1224.0 367.0
1374.0 300.0
1374.0 300.0
1300.0 318.0
1232.0 355.0
1262.0 346.0
1200.0 380.0
1300.0 318.0
1298.0 320.0
1298.0 320.0
1372.0 302.0
1298.0 320.0
1472.0 297.0
1262.0 346.0
1300.0 318.0
1324.0 312.0
1252.0 349.0
1208.0 368.0
1252.0 349.0
1228.0 366.0
1298.0 320.0
1228.0 366.0
1472.0 297.0
1372.0 302.0
1336.0 311.0
1344.0 305.0
1274.0 336.0
1224.0 367.0
1208.0 368.0
1262.0 346.0
1284.0 325.0
1274.0 336.0
1284.0 325.0
1284.0 325.0
1252.0 349.0
1224.0 367.0
1232.0 355.0
1336.0 311.0
1208.0 368.0
1200.0 380.0
1270.0 342.0
1270.0 342.0
1270.0 342.0
1342.0 307.0
1262.0 346.0
1262.0 346.0
1298.0 320.0
1372.0 302.0
1472.0 297.0
1322.0 314.0
1342.0 307.0
1322.0 314.0
1228.0 366.0
1374.0 300.0
1270.0 342.0
1324.0 312.0
1274.0 336.0
1228.0 366.0
1270.0 342.0
1232.0 355.0
1336.0 311.0
1208.0 368.0
1200.0 380.0
1342.0 307.0
1372.0 302.0
1274.0 336.0
1224.0 367.0
1224.0 367.0
1324.0 312.0
1200.0 380.0
1232.0 355.0
1336.0 311.0
1208.0 368.0
1324.0 312.0
