3048.0 522.0
2914.0 553.0
2772.0 598.0
2914.0 553.0
2768.0 627.0
2792.0 573.0
2892.0 557.0
2892.0 557.0
2748.0 635.0
2880.0 560.0
2914.0 553.0
2768.0 627.0
2968.0 535.0
2748.0 635.0
2902.0 555.0
2880.0 560.0
2756.0 633.0
2934.0 545.0
2968.0 535.0
2934.0 545.0
2902.0 555.0
3016.0 529.0
2880.0 560.0
2918.0 551.0
2792.0 573.0
2748.0 635.0
2756.0 633.0
2918.0 551.0
2918.0 551.0
2968.0 535.0
2918.0 551.0
3016.0 529.0
2768.0 627.0
2984.0 530.0
2872.0 561.0
2882.0 559.0
2720.0 657.0
3038.0 527.0
2792.0 573.0
2958.0 540.0
2882.0 559.0
2902.0 555.0
2720.0 657.0
2880.0 560.0
3048.0 522.0
2808.0 569.0
2720.0 657.0
2832.0 566.0
2808.0 569.0
2934.0 545.0
3048.0 522.0
2934.0 545.0
2772.0 598.0
2892.0 557.0
2984.0 530.0
2848.0 562.0
2808.0 569.0
2772.0 598.0
2772.0 598.0
2782.0 583.0
2768.0 627.0
2892.0 557.0
2848.0 562.0
2832.0 566.0
2848.0 562.0
2832.0 566.0
3016.0 529.0
3038.0 527.0
2872.0 561.0
2968.0 535.0
2848.0 562.0
2782.0 583.0
2772.0 598.0
2882.0 559.0
2756.0 633.0
2984.0 530.0
2958.0 540.0
2782.0 583.0
2720.0 657.0
2902.0 555.0
2882.0 559.0
2958.0 540.0
3016.0 529.0
2748.0 635.0
3016.0 529.0
2958.0 540.0
2808.0 569.0
2914.0 553.0
2720.0 657.0
2756.0 633.0
2984.0 530.0
2792.0 573.0
2782.0 583.0
2832.0 566.0
3048.0 522.0
2872.0 561.0
2872.0 561.0
3038.0 527.0
2934.0 545.0
3038.0 527.0
