3872.0 322.0
3824.0 342.0
3872.0 322.0
3755.0 403.0
3872.0 322.0
3824.0 342.0
3872.0 322.0
3814.0 350.0
3818.0 346.0
3876.0 316.0
3755.0 403.0
3814.0 350.0
3872.0 322.0
3818.0 346.0
3856.0 330.0
3763.0 379.0
3755.0 403.0
3876.0 316.0
3876.0 316.0
3856.0 330.0
3844.0 332.0
3844.0 332.0
3818.0 346.0
3763.0 379.0
3876.0 316.0
3934.0 312.0
3844.0 332.0
3759.0 385.0
3777.0 367.0
3862.0 328.0
3798.0 360.0
3763.0 379.0
3777.0 367.0
3777.0 367.0
3985.0 309.0
3755.0 403.0
3777.0 367.0
3862.0 328.0
3985.0 309.0
3824.0 342.0
3798.0 360.0
3814.0 350.0
3818.0 346.0
3934.0 312.0
3755.0 403.0
3862.0 328.0
3824.0 342.0
3862.0 328.0
3934.0 312.0
3759.0 385.0
3934.0 312.0
3798.0 360.0
3934.0 312.0
3798.0 360.0
3759.0 385.0
3781.0 361.0
3759.0 385.0
3818.0 346.0
3763.0 379.0
3781.0 361.0
3781.0 361.0
3985.0 309.0
3781.0 361.0
3828.0 338.0
3777.0 367.0
3856.0 330.0
3755.0 403.0
3802.0 354.0
3872.0 322.0
3844.0 332.0
3777.0 367.0
3856.0 330.0
3781.0 361.0
3844.0 332.0
3844.0 332.0
3934.0 312.0
3862.0 328.0
3802.0 354.0
3985.0 309.0
3802.0 354.0
3876.0 316.0
3828.0 338.0
3828.0 338.0
3802.0 354.0
3985.0 309.0
3759.0 385.0
3798.0 360.0
3781.0 361.0
3814.0 350.0
3985.0 309.0
3763.0 379.0
3802.0 354.0
3798.0 360.0
3802.0 354.0
3828.0 338.0
3828.0 338.0
3759.0 385.0
3763.0 379.0
3876.0 316.0
3856.0 330.0
