13755.0 2704.0
13140.0 3224.0
13732.0 2721.0
13233.0 3029.0
13265.0 2979.0
13728.0 2726.0
13489.0 2803.0
13390.0 2859.0
13350.0 2898.0
13150.0 3189.0
13162.0 3173.0
13412.0 2835.0
13738.0 2719.0
13541.0 2786.0
13456.0 2816.0
13745.0 2712.0
13359.0 2892.0
13725.0 2729.0
13325.0 2917.0
13279.0 2963.0
13468.0 2814.0
13544.0 2785.0
13240.0 3020.0
13573.0 2778.0
13754.0 2707.0
13303.0 2925.0
13646.0 2750.0
13288.0 2944.0
13823.0 2682.0
13267.0 2973.0
13481.0 2808.0
13861.0 2670.0
13739.0 2716.0
13224.0 3039.0
13227.0 3032.0
13686.0 2736.0
13256.0 2989.0
13344.0 2908.0
13579.0 2770.0
13429.0 2826.0
13204.0 3064.0
13235.0 3024.0
13369.0 2890.0
13326.0 2910.0
13245.0 3010.0
13148.0 3201.0
13658.0 2746.0
13144.0 3209.0
13334.0 2909.0
13402.0 2846.0
13551.0 2783.0
13625.0 2751.0
13886.0 2669.0
13702.0 2730.0
13299.0 2934.0
13321.0 2920.0
13529.0 2790.0
13377.0 2875.0
13246.0 3000.0
13599.0 2761.0
13555.0 2780.0
13273.0 2971.0
13384.0 2872.0
13526.0 2793.0
13405.0 2838.0
13448.0 2820.0
13284.0 2953.0
13565.0 2779.0
13218.0 3042.0
13180.0 3157.0
13501.0 2801.0
13226.0 3036.0
13520.0 2794.0
13577.0 2777.0
13250.0 2991.0
13203.0 3075.0
13807.0 2686.0
13507.0 2795.0
13134.0 3229.0
13387.0 2864.0
13395.0 2849.0
13614.0 2756.0
13259.0 2981.0
13769.0 2698.0
13370.0 2886.0
13172.0 3160.0
13190.0 3152.0
13209.0 3054.0
13217.0 3046.0
13588.0 2766.0
13130.0 3237.0
13309.0 2923.0
13842.0 2676.0
13278.0 2968.0
13294.0 2942.0
13788.0 2692.0
13672.0 2740.0
13243.0 3012.0
13316.0 2921.0
13198.0 3149.0
