847.0 1030.0
848.0 1014.0
849.0 1006.0
850.0 957.0
851.0 946.0
852.0 930.0
853.0 919.0
854.0 905.0
855.0 888.0
856.0 879.0
857.0 873.0
858.0 859.0
859.0 857.0
860.0 848.0
861.0 846.0
862.0 843.0
864.0 837.0
865.0 833.0
866.0 828.0
867.0 824.0
868.0 821.0
869.0 815.0
870.0 814.0
871.0 812.0
872.0 806.0
874.0 805.0
875.0 800.0
876.0 797.0
878.0 796.0
879.0 792.0
880.0 786.0
882.0 784.0
883.0 778.0
885.0 777.0
886.0 776.0
888.0 769.0
891.0 768.0
892.0 767.0
894.0 765.0
897.0 764.0
898.0 762.0
900.0 761.0
903.0 759.0
904.0 753.0
906.0 752.0
909.0 750.0
910.0 749.0
