2648.0 691.0
2658.0 664.0
2660.0 663.0
2662.0 658.0
2664.0 657.0
2668.0 653.0
2670.0 652.0
2672.0 647.0
2674.0 644.0
2682.0 634.0
2698.0 632.0
2700.0 628.0
2704.0 627.0
2712.0 616.0
2724.0 612.0
2726.0 607.0
2740.0 574.0
2744.0 570.0
2748.0 569.0
2752.0 562.0
2756.0 561.0
2766.0 557.0
2770.0 556.0
2774.0 549.0
2778.0 548.0
2802.0 544.0
2826.0 542.0
2860.0 541.0
2864.0 540.0
2866.0 534.0
2886.0 525.0
2896.0 522.0
2910.0 518.0
2922.0 510.0
2950.0 508.0
2982.0 504.0
3070.0 500.0
3106.0 495.0
3206.0 488.0
