5700.0 753.0
5704.0 744.0
5708.0 743.0
5714.0 740.0
5722.0 737.0
5724.0 724.0
5728.0 711.0
5730.0 694.0
5736.0 687.0
5748.0 685.0
5754.0 678.0
5774.0 669.0
5780.0 668.0
5790.0 667.0
5798.0 659.0
5802.0 649.0
5810.0 641.0
5820.0 640.0
5834.0 638.0
5838.0 635.0
5848.0 632.0
5850.0 620.0
5864.0 618.0
5866.0 616.0
5868.0 615.0
5874.0 610.0
5884.0 602.0
5894.0 601.0
5912.0 600.0
5918.0 595.0
5934.0 592.0
5938.0 590.0
5944.0 586.0
5950.0 579.0
5978.0 578.0
5994.0 573.0
6012.0 572.0
6020.0 566.0
6034.0 564.0
6036.0 563.0
6050.0 562.0
6062.0 561.0
6080.0 559.0
6094.0 558.0
6100.0 554.0
6146.0 553.0
6154.0 551.0
6174.0 546.0
6238.0 545.0
6248.0 541.0
6302.0 539.0
6370.0 538.0
6400.0 537.0
6406.0 534.0
6418.0 531.0
6446.0 528.0
6510.0 525.0
6526.0 522.0
6612.0 521.0
