5374.0 704.0
5385.0 696.0
5395.0 694.0
5402.0 689.0
5404.0 679.0
5406.0 667.0
5408.0 663.0
5420.0 657.0
5428.0 639.0
5453.0 632.0
5454.0 627.0
5462.0 623.0
5465.0 621.0
5479.0 618.0
5488.0 611.0
5491.0 609.0
5499.0 605.0
5512.0 603.0
5513.0 600.0
5519.0 598.0
5522.0 595.0
5524.0 586.0
5536.0 583.0
5545.0 582.0
5548.0 579.0
5558.0 570.0
5570.0 567.0
5575.0 565.0
5591.0 563.0
5596.0 561.0
5600.0 559.0
5612.0 556.0
5617.0 554.0
5636.0 548.0
5652.0 545.0
5664.0 542.0
5669.0 540.0
5682.0 538.0
5685.0 531.0
5709.0 529.0
5729.0 527.0
5745.0 526.0
5760.0 523.0
5803.0 517.0
5833.0 515.0
5844.0 511.0
5850.0 508.0
5855.0 507.0
5867.0 506.0
5872.0 505.0
5902.0 504.0
