15285.0 4171.0
15286.0 4158.0
15287.0 4156.0
15288.0 4144.0
15289.0 4142.0
15295.0 4127.0
15296.0 4122.0
15297.0 4120.0
15298.0 4108.0
15299.0 4106.0
15300.0 4105.0
15305.0 4091.0
15306.0 4089.0
15307.0 4088.0
15308.0 4083.0
15310.0 4069.0
15313.0 4068.0
15317.0 4052.0
15320.0 4051.0
15325.0 4050.0
15328.0 4049.0
15329.0 4038.0
15331.0 4029.0
15334.0 4028.0
15336.0 4021.0
15337.0 3991.0
15341.0 3980.0
15345.0 3973.0
15348.0 3970.0
15349.0 3962.0
15350.0 3897.0
15351.0 3884.0
15352.0 3874.0
15356.0 3871.0
15359.0 3860.0
15360.0 3850.0
15361.0 3843.0
15364.0 3841.0
15365.0 3831.0
15369.0 3821.0
15370.0 3814.0
15373.0 3812.0
15374.0 3802.0
15377.0 3801.0
15380.0 3791.0
15381.0 3786.0
15384.0 3781.0
15385.0 3774.0
15386.0 3772.0
15389.0 3762.0
15395.0 3753.0
15396.0 3746.0
15397.0 3744.0
15400.0 3734.0
15411.0 3729.0
15412.0 3724.0
15415.0 3718.0
15418.0 3716.0
15419.0 3710.0
15422.0 3705.0
15425.0 3703.0
15426.0 3697.0
15429.0 3695.0
15430.0 3694.0
15432.0 3690.0
15435.0 3688.0
15439.0 3684.0
15442.0 3682.0
15444.0 3680.0
15445.0 3677.0
15447.0 3671.0
15448.0 3669.0
15451.0 3665.0
15453.0 3662.0
15455.0 3656.0
15456.0 3655.0
15458.0 3653.0
15460.0 3652.0
15461.0 3649.0
15462.0 3648.0
15463.0 3642.0
15467.0 3637.0
15469.0 3634.0
15472.0 3629.0
15473.0 3628.0
15474.0 3627.0
15475.0 3625.0
15476.0 3624.0
15479.0 3614.0
15484.0 3612.0
15488.0 3602.0
15491.0 3597.0
15494.0 3595.0
15495.0 3594.0
15497.0 3588.0
15498.0 3587.0
15500.0 3586.0
15501.0 3580.0
15504.0 3578.0
15507.0 3576.0
15508.0 3575.0
15510.0 3565.0
15511.0 3563.0
15515.0 3556.0
15518.0 3554.0
15521.0 3553.0
15522.0 3541.0
15528.0 3540.0
15531.0 3536.0
15536.0 3531.0
15539.0 3529.0
15543.0 3526.0
15544.0 3525.0
15548.0 3524.0
15550.0 3516.0
15554.0 3510.0
15559.0 3509.0
15563.0 3507.0
15566.0 3499.0
15567.0 3497.0
15572.0 3495.0
15573.0 3493.0
15574.0 3492.0
15578.0 3491.0
15579.0 3489.0
15583.0 3484.0
15584.0 3483.0
15586.0 3481.0
15589.0 3480.0
15590.0 3475.0
15593.0 3473.0
15596.0 3468.0
15597.0 3462.0
15603.0 3459.0
15604.0 3456.0
15607.0 3449.0
15608.0 3448.0
15610.0 3446.0
15614.0 3440.0
15617.0 3438.0
15621.0 3427.0
15630.0 3421.0
15633.0 3418.0
15639.0 3415.0
15642.0 3412.0
15643.0 3405.0
15652.0 3399.0
15662.0 3398.0
15668.0 3397.0
15674.0 3394.0
15676.0 3393.0
15686.0 3389.0
15696.0 3386.0
15702.0 3385.0
15704.0 3380.0
15708.0 3377.0
15717.0 3376.0
15721.0 3372.0
15731.0 3371.0
15732.0 3365.0
15740.0 3363.0
15743.0 3359.0
15744.0 3357.0
15746.0 3355.0
15755.0 3350.0
15763.0 3348.0
15766.0 3344.0
15769.0 3340.0
15779.0 3339.0
15785.0 3338.0
15793.0 3334.0
15806.0 3332.0
15810.0 3330.0
15825.0 3329.0
15826.0 3328.0
15830.0 3326.0
15835.0 3324.0
15838.0 3322.0
15842.0 3321.0
15843.0 3319.0
15849.0 3315.0
15854.0 3312.0
15861.0 3308.0
15864.0 3302.0
15873.0 3295.0
15878.0 3291.0
15887.0 3284.0
15900.0 3283.0
15906.0 3279.0
15910.0 3277.0
15911.0 3274.0
15920.0 3272.0
15930.0 3271.0
15934.0 3267.0
15943.0 3265.0
15973.0 3263.0
15977.0 3261.0
15982.0 3260.0
15988.0 3259.0
15991.0 3256.0
16010.0 3255.0
16011.0 3253.0
16019.0 3251.0
16023.0 3249.0
16028.0 3248.0
16035.0 3246.0
16037.0 3244.0
16055.0 3243.0
16057.0 3241.0
16155.0 3238.0
16160.0 3237.0
16165.0 3234.0
16175.0 3233.0
16177.0 3231.0
16180.0 3230.0
16186.0 3227.0
16196.0 3226.0
16201.0 3223.0
16211.0 3222.0
16212.0 3220.0
16216.0 3219.0
16224.0 3216.0
16231.0 3215.0
16242.0 3212.0
16254.0 3208.0
16270.0 3206.0
16281.0 3203.0
16293.0 3199.0
16321.0 3197.0
16325.0 3195.0
16353.0 3193.0
16370.0 3192.0
16377.0 3191.0
16397.0 3187.0
16413.0 3185.0
16433.0 3181.0
16461.0 3179.0
16492.0 3178.0
16494.0 3177.0
16509.0 3174.0
16510.0 3173.0
16526.0 3171.0
16541.0 3166.0
16746.0 3165.0
16766.0 3164.0
