846.0 1100.0
847.0 1034.0
848.0 978.0
849.0 956.0
850.0 949.0
851.0 934.0
852.0 928.0
853.0 916.0
854.0 909.0
855.0 901.0
856.0 892.0
857.0 885.0
858.0 881.0
859.0 875.0
860.0 868.0
861.0 861.0
862.0 853.0
863.0 849.0
864.0 841.0
865.0 834.0
866.0 829.0
867.0 826.0
868.0 821.0
869.0 820.0
870.0 815.0
871.0 812.0
872.0 809.0
873.0 806.0
874.0 805.0
875.0 799.0
876.0 796.0
877.0 789.0
878.0 784.0
879.0 781.0
880.0 778.0
882.0 775.0
883.0 772.0
884.0 769.0
886.0 766.0
891.0 762.0
893.0 760.0
894.0 757.0
896.0 755.0
897.0 754.0
898.0 752.0
899.0 750.0
902.0 745.0
906.0 741.0
