193.0 1263.0
194.0 1249.0
195.0 1239.0
196.0 1225.0
197.0 1215.0
198.0 1203.0
199.0 1194.0
200.0 1191.0
201.0 1182.0
202.0 1168.0
203.0 1166.0
204.0 1152.0
206.0 1134.0
208.0 1127.0
209.0 1112.0
212.0 1108.0
213.0 1106.0
214.0 1104.0
215.0 1090.0
218.0 1086.0
220.0 1081.0
221.0 1077.0
225.0 1074.0
226.0 1068.0
230.0 1065.0
231.0 1063.0
233.0 1062.0
234.0 1055.0
237.0 1053.0
238.0 1048.0
240.0 1043.0
241.0 1040.0
242.0 1034.0
244.0 1031.0
247.0 1028.0
249.0 1025.0
253.0 1019.0
255.0 1017.0
257.0 1012.0
258.0 1011.0
260.0 1008.0
262.0 1003.0
264.0 1000.0
265.0 999.0
267.0 996.0
268.0 993.0
271.0 989.0
272.0 988.0
274.0 985.0
277.0 982.0
278.0 978.0
281.0 975.0
288.0 970.0
305.0 969.0
306.0 968.0
307.0 966.0
312.0 964.0
314.0 963.0
315.0 961.0
