7931.0 1297.0
7938.0 1267.0
7945.0 1260.0
7946.0 1249.0
7947.0 1241.0
7952.0 1237.0
7954.0 1233.0
7955.0 1225.0
7960.0 1221.0
7964.0 1218.0
7967.0 1211.0
7970.0 1206.0
7971.0 1205.0
7975.0 1202.0
7976.0 1201.0
7978.0 1200.0
7980.0 1198.0
7981.0 1190.0
7984.0 1183.0
7989.0 1179.0
7996.0 1176.0
8001.0 1172.0
8007.0 1171.0
8012.0 1170.0
8013.0 1166.0
8018.0 1162.0
8023.0 1161.0
8025.0 1159.0
8028.0 1157.0
8030.0 1155.0
8035.0 1154.0
8038.0 1152.0
8040.0 1150.0
8041.0 1139.0
8045.0 1128.0
8060.0 1124.0
8065.0 1118.0
8069.0 1117.0
8081.0 1114.0
8084.0 1113.0
8089.0 1107.0
8093.0 1106.0
8097.0 1100.0
8102.0 1098.0
8106.0 1093.0
8111.0 1089.0
8117.0 1087.0
8119.0 1085.0
8126.0 1083.0
8129.0 1080.0
8133.0 1075.0
8136.0 1070.0
8141.0 1069.0
8143.0 1059.0
8149.0 1057.0
8151.0 1055.0
8157.0 1053.0
8160.0 1051.0
8161.0 1047.0
8162.0 1045.0
8165.0 1035.0
8169.0 1031.0
8175.0 1029.0
8179.0 1026.0
8185.0 1024.0
8186.0 1023.0
8192.0 1021.0
8196.0 1019.0
8200.0 1015.0
8201.0 1013.0
8205.0 1009.0
8211.0 1007.0
8215.0 1004.0
8221.0 1002.0
8222.0 1001.0
8228.0 999.0
8233.0 998.0
8237.0 995.0
8238.0 994.0
8248.0 989.0
8254.0 987.0
8255.0 986.0
8261.0 985.0
8262.0 984.0
8266.0 979.0
8277.0 976.0
8281.0 973.0
8286.0 972.0
8292.0 970.0
8297.0 969.0
8301.0 966.0
8312.0 963.0
8323.0 961.0
8324.0 960.0
8332.0 957.0
8343.0 954.0
8355.0 951.0
8365.0 950.0
8366.0 948.0
8376.0 947.0
8389.0 945.0
8398.0 944.0
8412.0 942.0
8419.0 941.0
8427.0 939.0
8443.0 938.0
8456.0 936.0
8457.0 935.0
8465.0 933.0
8475.0 930.0
8490.0 928.0
8498.0 926.0
8503.0 925.0
8506.0 924.0
8514.0 922.0
8515.0 921.0
8517.0 920.0
8523.0 919.0
8533.0 916.0
8545.0 915.0
8548.0 909.0
8553.0 908.0
8573.0 903.0
8594.0 899.0
8599.0 898.0
8620.0 894.0
8644.0 892.0
8648.0 891.0
8658.0 890.0
