9933.0 1852.0
9940.0 1844.0
9947.0 1829.0
9954.0 1821.0
9961.0 1818.0
9963.0 1811.0
9968.0 1806.0
9972.0 1788.0
9975.0 1780.0
9992.0 1774.0
9995.0 1766.0
10000.0 1764.0
10003.0 1756.0
10009.0 1755.0
10011.0 1752.0
10015.0 1746.0
10016.0 1745.0
10018.0 1738.0
10028.0 1737.0
10029.0 1735.0
10031.0 1730.0
10033.0 1729.0
10038.0 1723.0
10040.0 1718.0
10044.0 1717.0
10055.0 1716.0
10059.0 1715.0
10060.0 1713.0
10062.0 1710.0
10064.0 1707.0
10068.0 1706.0
10075.0 1702.0
10077.0 1697.0
10081.0 1696.0
10092.0 1695.0
10096.0 1690.0
10098.0 1685.0
10102.0 1684.0
10113.0 1683.0
10117.0 1681.0
10118.0 1680.0
10122.0 1674.0
10126.0 1673.0
10129.0 1672.0
10133.0 1671.0
10136.0 1669.0
10140.0 1668.0
10143.0 1666.0
10147.0 1665.0
10150.0 1663.0
10154.0 1662.0
10156.0 1653.0
10162.0 1652.0
10170.0 1649.0
10172.0 1646.0
10173.0 1641.0
10179.0 1640.0
10189.0 1634.0
10190.0 1633.0
10194.0 1630.0
10206.0 1626.0
10207.0 1621.0
10213.0 1620.0
10223.0 1614.0
10229.0 1613.0
10236.0 1612.0
10238.0 1611.0
10239.0 1608.0
10248.0 1606.0
10252.0 1605.0
10254.0 1603.0
10255.0 1601.0
10256.0 1599.0
10257.0 1595.0
10263.0 1594.0
10266.0 1590.0
10273.0 1588.0
10278.0 1585.0
10280.0 1581.0
10290.0 1576.0
10291.0 1574.0
10301.0 1573.0
10304.0 1568.0
10311.0 1566.0
10313.0 1564.0
10314.0 1558.0
10319.0 1554.0
10327.0 1552.0
10328.0 1551.0
10330.0 1549.0
10332.0 1548.0
10339.0 1547.0
10342.0 1545.0
10344.0 1544.0
10347.0 1541.0
10351.0 1536.0
10362.0 1533.0
10368.0 1531.0
10375.0 1530.0
10377.0 1527.0
10381.0 1525.0
10383.0 1522.0
10386.0 1521.0
10388.0 1520.0
10393.0 1513.0
10403.0 1511.0
10404.0 1510.0
10407.0 1508.0
10408.0 1507.0
10413.0 1502.0
10418.0 1499.0
10428.0 1497.0
10429.0 1496.0
10438.0 1488.0
10449.0 1485.0
10463.0 1483.0
10502.0 1482.0
10521.0 1481.0
10529.0 1480.0
10535.0 1479.0
10542.0 1478.0
10548.0 1477.0
10554.0 1473.0
10555.0 1472.0
10563.0 1470.0
10576.0 1468.0
10585.0 1466.0
10599.0 1464.0
10603.0 1462.0
10616.0 1460.0
10627.0 1459.0
10630.0 1458.0
10631.0 1456.0
10632.0 1455.0
10640.0 1453.0
10653.0 1452.0
10654.0 1451.0
10667.0 1449.0
10680.0 1445.0
10694.0 1443.0
10707.0 1441.0
10721.0 1439.0
