12918.0 3442.0
12922.0 3425.0
12927.0 3417.0
12928.0 3411.0
12931.0 3408.0
12932.0 3394.0
12938.0 3392.0
12941.0 3388.0
12943.0 3386.0
12946.0 3385.0
12947.0 3369.0
12949.0 3342.0
12952.0 3325.0
12955.0 3314.0
12956.0 3300.0
12959.0 3289.0
12963.0 3286.0
12966.0 3265.0
12971.0 3247.0
12977.0 3231.0
12983.0 3216.0
12985.0 3205.0
12989.0 3195.0
12990.0 3181.0
12991.0 3180.0
12994.0 3171.0
12995.0 3170.0
12996.0 3164.0
13002.0 3153.0
13003.0 3152.0
13004.0 3146.0
13010.0 3144.0
13011.0 3134.0
13013.0 3130.0
13018.0 3126.0
13020.0 3118.0
13026.0 3116.0
13033.0 3106.0
13035.0 3100.0
13040.0 3098.0
13042.0 3090.0
13052.0 3089.0
13055.0 3086.0
13056.0 3083.0
13059.0 3082.0
13061.0 3081.0
13062.0 3076.0
13063.0 3073.0
13068.0 3070.0
13073.0 3067.0
13075.0 3065.0
13082.0 3064.0
13084.0 3061.0
13086.0 3053.0
13092.0 3051.0
13095.0 3045.0
13099.0 3041.0
13101.0 3035.0
13106.0 3033.0
13108.0 3025.0
13117.0 3017.0
13127.0 3016.0
13128.0 3011.0
13133.0 3008.0
13138.0 3005.0
13145.0 3000.0
13150.0 2997.0
13155.0 2994.0
13164.0 2988.0
13167.0 2982.0
13173.0 2980.0
13182.0 2979.0
13183.0 2974.0
13184.0 2971.0
13200.0 2963.0
13205.0 2959.0
13211.0 2957.0
13220.0 2956.0
13221.0 2951.0
13222.0 2948.0
13231.0 2946.0
13238.0 2940.0
13252.0 2934.0
13255.0 2933.0
13267.0 2929.0
13269.0 2923.0
13282.0 2920.0
13291.0 2919.0
13293.0 2911.0
13301.0 2909.0
13307.0 2907.0
13310.0 2905.0
13313.0 2897.0
13316.0 2894.0
13325.0 2891.0
13327.0 2889.0
13329.0 2883.0
13340.0 2882.0
13343.0 2877.0
13347.0 2871.0
13358.0 2870.0
13359.0 2863.0
13363.0 2861.0
13374.0 2860.0
13377.0 2857.0
13379.0 2856.0
13381.0 2850.0
13386.0 2849.0
13392.0 2843.0
13395.0 2840.0
13399.0 2838.0
13401.0 2834.0
13409.0 2832.0
13411.0 2830.0
13415.0 2828.0
13420.0 2825.0
13425.0 2821.0
13426.0 2818.0
13436.0 2817.0
13437.0 2814.0
13444.0 2810.0
13445.0 2809.0
13447.0 2807.0
13453.0 2801.0
13461.0 2799.0
13462.0 2798.0
13464.0 2797.0
13472.0 2792.0
13479.0 2791.0
13480.0 2790.0
13481.0 2789.0
13483.0 2787.0
13489.0 2781.0
13497.0 2779.0
13499.0 2778.0
13500.0 2777.0
13507.0 2773.0
13508.0 2772.0
13516.0 2770.0
13525.0 2768.0
13526.0 2767.0
13527.0 2766.0
13529.0 2765.0
13533.0 2763.0
13534.0 2762.0
13535.0 2758.0
13543.0 2753.0
13554.0 2752.0
13556.0 2751.0
13564.0 2746.0
13572.0 2744.0
13579.0 2742.0
13586.0 2740.0
13587.0 2739.0
13588.0 2737.0
13595.0 2735.0
13597.0 2734.0
13600.0 2732.0
13605.0 2728.0
13613.0 2724.0
13621.0 2721.0
13622.0 2718.0
13629.0 2717.0
13633.0 2714.0
13638.0 2711.0
13641.0 2710.0
13648.0 2705.0
13656.0 2701.0
13664.0 2698.0
13672.0 2694.0
13680.0 2691.0
13695.0 2690.0
13699.0 2687.0
13704.0 2683.0
13711.0 2682.0
13715.0 2679.0
13720.0 2676.0
13723.0 2675.0
13730.0 2673.0
13731.0 2672.0
13739.0 2668.0
13747.0 2665.0
13764.0 2663.0
13769.0 2662.0
13773.0 2660.0
13776.0 2659.0
13784.0 2658.0
13786.0 2656.0
13789.0 2655.0
13798.0 2653.0
13802.0 2652.0
13807.0 2650.0
13810.0 2649.0
13815.0 2648.0
13820.0 2646.0
13823.0 2645.0
13834.0 2644.0
13839.0 2643.0
13844.0 2642.0
13846.0 2640.0
13857.0 2639.0
13865.0 2636.0
13876.0 2635.0
13888.0 2632.0
13899.0 2631.0
13911.0 2630.0
13923.0 2628.0
13935.0 2625.0
13947.0 2624.0
13951.0 2621.0
13973.0 2619.0
13985.0 2617.0
13997.0 2614.0
14009.0 2613.0
14011.0 2610.0
14021.0 2606.0
14045.0 2604.0
14055.0 2602.0
14096.0 2599.0
14111.0 2598.0
14124.0 2596.0
