442.0 1195.0
443.0 1094.0
444.0 1088.0
445.0 1079.0
446.0 1062.0
447.0 1056.0
448.0 1047.0
450.0 1038.0
451.0 1035.0
452.0 1033.0
453.0 1028.0
454.0 1025.0
455.0 1018.0
457.0 1015.0
458.0 1005.0
460.0 1003.0
461.0 999.0
462.0 996.0
463.0 992.0
464.0 983.0
465.0 971.0
468.0 964.0
469.0 957.0
470.0 956.0
471.0 951.0
472.0 950.0
473.0 945.0
474.0 944.0
475.0 939.0
476.0 934.0
478.0 933.0
480.0 929.0
481.0 924.0
483.0 923.0
484.0 919.0
485.0 918.0
486.0 914.0
488.0 913.0
489.0 909.0
490.0 908.0
492.0 906.0
494.0 903.0
496.0 899.0
498.0 896.0
499.0 894.0
501.0 889.0
503.0 886.0
505.0 884.0
508.0 883.0
509.0 881.0
511.0 879.0
515.0 876.0
517.0 873.0
519.0 871.0
520.0 870.0
522.0 868.0
525.0 865.0
527.0 862.0
539.0 860.0
540.0 857.0
