847.0 1016.0
848.0 1003.0
849.0 990.0
850.0 983.0
851.0 945.0
852.0 939.0
853.0 934.0
854.0 928.0
855.0 925.0
856.0 915.0
857.0 909.0
858.0 904.0
859.0 898.0
860.0 891.0
861.0 880.0
862.0 872.0
863.0 869.0
864.0 866.0
865.0 864.0
866.0 858.0
867.0 855.0
868.0 847.0
869.0 844.0
870.0 835.0
871.0 832.0
872.0 825.0
873.0 822.0
874.0 818.0
875.0 813.0
876.0 808.0
878.0 801.0
879.0 796.0
880.0 794.0
883.0 788.0
885.0 779.0
887.0 772.0
890.0 768.0
891.0 765.0
893.0 763.0
894.0 762.0
895.0 760.0
899.0 753.0
901.0 752.0
903.0 751.0
905.0 747.0
