19392.0 6081.0
19396.0 6036.0
19400.0 5992.0
19406.0 5969.0
19412.0 5964.0
19414.0 5910.0
19416.0 5864.0
19421.0 5861.0
19426.0 5859.0
19427.0 5850.0
19428.0 5838.0
19430.0 5836.0
19433.0 5829.0
19439.0 5824.0
19440.0 5819.0
19442.0 5810.0
19444.0 5809.0
19445.0 5794.0
19450.0 5791.0
19455.0 5788.0
19456.0 5780.0
19457.0 5768.0
19462.0 5759.0
19468.0 5754.0
19469.0 5749.0
19472.0 5747.0
19473.0 5745.0
19474.0 5741.0
19477.0 5738.0
19479.0 5728.0
19485.0 5722.0
19490.0 5717.0
19491.0 5716.0
19494.0 5715.0
19495.0 5706.0
19497.0 5700.0
19498.0 5689.0
19501.0 5688.0
19503.0 5680.0
19505.0 5672.0
19508.0 5666.0
19514.0 5663.0
19516.0 5652.0
19517.0 5650.0
19523.0 5644.0
19524.0 5633.0
19527.0 5632.0
19529.0 5624.0
19534.0 5610.0
19540.0 5607.0
19542.0 5596.0
19543.0 5594.0
19551.0 5592.0
19552.0 5585.0
19553.0 5582.0
19556.0 5578.0
19561.0 5573.0
19562.0 5571.0
19564.0 5564.0
19565.0 5562.0
19570.0 5561.0
19571.0 5557.0
19574.0 5553.0
19575.0 5550.0
19578.0 5547.0
19581.0 5543.0
19584.0 5539.0
19590.0 5534.0
19592.0 5529.0
19593.0 5525.0
19597.0 5524.0
19600.0 5515.0
19606.0 5514.0
19610.0 5504.0
19617.0 5494.0
19623.0 5493.0
19625.0 5483.0
19633.0 5481.0
19634.0 5475.0
19637.0 5471.0
19639.0 5465.0
19644.0 5460.0
19647.0 5451.0
19657.0 5449.0
19659.0 5445.0
19660.0 5440.0
19664.0 5430.0
19670.0 5427.0
19673.0 5421.0
19677.0 5419.0
19680.0 5417.0
19683.0 5416.0
19684.0 5410.0
19690.0 5407.0
19693.0 5401.0
19695.0 5400.0
19699.0 5396.0
19702.0 5391.0
19707.0 5386.0
19711.0 5374.0
19715.0 5370.0
19718.0 5369.0
19722.0 5365.0
19729.0 5363.0
19733.0 5359.0
19735.0 5358.0
19737.0 5355.0
19739.0 5354.0
19740.0 5352.0
19744.0 5348.0
19747.0 5346.0
19751.0 5332.0
19755.0 5328.0
19764.0 5327.0
19768.0 5323.0
19770.0 5316.0
19774.0 5306.0
19778.0 5302.0
19786.0 5301.0
19787.0 5298.0
19790.0 5291.0
19794.0 5287.0
19797.0 5284.0
19801.0 5280.0
19804.0 5279.0
19808.0 5275.0
19814.0 5274.0
19815.0 5268.0
19817.0 5267.0
19819.0 5263.0
19821.0 5262.0
19823.0 5259.0
19825.0 5254.0
19829.0 5249.0
19833.0 5245.0
19836.0 5244.0
19840.0 5240.0
19846.0 5239.0
19847.0 5237.0
19850.0 5235.0
19853.0 5233.0
19854.0 5232.0
19855.0 5231.0
19857.0 5229.0
19859.0 5227.0
19863.0 5226.0
19864.0 5224.0
19866.0 5223.0
19867.0 5222.0
19868.0 5220.0
19872.0 5216.0
19873.0 5212.0
19875.0 5211.0
19877.0 5208.0
19879.0 5207.0
19882.0 5206.0
19884.0 5203.0
19886.0 5202.0
19888.0 5199.0
19890.0 5198.0
19894.0 5197.0
19896.0 5194.0
19898.0 5193.0
19899.0 5191.0
19902.0 5184.0
19904.0 5183.0
19906.0 5180.0
19908.0 5179.0
19909.0 5177.0
19915.0 5171.0
19921.0 5164.0
19927.0 5163.0
19933.0 5157.0
19939.0 5150.0
19944.0 5147.0
19948.0 5143.0
19952.0 5141.0
19956.0 5140.0
19962.0 5136.0
19964.0 5133.0
19966.0 5129.0
19972.0 5128.0
19973.0 5126.0
19977.0 5124.0
19980.0 5122.0
19984.0 5119.0
19985.0 5114.0
19991.0 5112.0
19993.0 5108.0
19997.0 5107.0
20005.0 5105.0
20008.0 5102.0
20009.0 5101.0
20010.0 5099.0
20016.0 5096.0
20017.0 5089.0
20024.0 5086.0
20025.0 5083.0
20029.0 5082.0
20032.0 5080.0
20034.0 5077.0
20038.0 5076.0
20040.0 5075.0
20042.0 5072.0
20043.0 5071.0
20047.0 5070.0
20050.0 5068.0
20054.0 5067.0
20057.0 5061.0
20064.0 5058.0
20065.0 5055.0
20069.0 5054.0
20072.0 5052.0
20074.0 5049.0
20078.0 5048.0
20080.0 5047.0
20082.0 5044.0
20083.0 5043.0
20087.0 5042.0
20090.0 5040.0
20094.0 5039.0
20097.0 5036.0
20098.0 5034.0
20105.0 5031.0
20106.0 5028.0
20110.0 5027.0
20112.0 5026.0
20117.0 5025.0
20119.0 5022.0
20121.0 5020.0
20125.0 5017.0
20127.0 5015.0
20130.0 5014.0
20134.0 5011.0
20136.0 5009.0
20141.0 5007.0
20143.0 5003.0
20145.0 5001.0
20152.0 4999.0
20154.0 4998.0
20156.0 4996.0
20159.0 4993.0
20161.0 4991.0
20165.0 4990.0
20172.0 4984.0
20174.0 4982.0
20184.0 4981.0
20185.0 4977.0
20187.0 4975.0
20194.0 4971.0
20196.0 4969.0
20201.0 4967.0
20203.0 4965.0
20205.0 4963.0
20210.0 4961.0
20212.0 4959.0
20214.0 4958.0
20216.0 4956.0
20219.0 4955.0
20221.0 4953.0
20223.0 4952.0
20225.0 4950.0
20232.0 4946.0
20234.0 4944.0
20250.0 4942.0
20252.0 4941.0
20261.0 4935.0
20263.0 4933.0
20282.0 4932.0
20298.0 4931.0
20300.0 4929.0
20304.0 4928.0
20306.0 4926.0
20308.0 4924.0
20309.0 4923.0
20311.0 4921.0
20329.0 4920.0
20331.0 4918.0
20340.0 4916.0
20342.0 4913.0
20344.0 4911.0
20356.0 4910.0
20358.0 4908.0
20360.0 4907.0
20369.0 4905.0
20372.0 4903.0
20376.0 4902.0
20378.0 4900.0
20385.0 4899.0
20387.0 4897.0
20392.0 4896.0
20399.0 4894.0
20401.0 4892.0
20405.0 4891.0
20407.0 4889.0
20416.0 4887.0
20430.0 4885.0
20433.0 4884.0
20438.0 4883.0
20441.0 4881.0
20443.0 4879.0
20455.0 4877.0
20459.0 4871.0
20466.0 4870.0
20479.0 4867.0
20484.0 4866.0
20485.0 4865.0
20496.0 4864.0
20498.0 4862.0
20503.0 4860.0
20511.0 4858.0
20513.0 4857.0
20519.0 4849.0
20536.0 4846.0
20539.0 4845.0
20556.0 4842.0
20558.0 4840.0
20586.0 4836.0
20629.0 4835.0
20635.0 4832.0
20640.0 4831.0
20646.0 4828.0
20665.0 4825.0
20682.0 4823.0
20688.0 4820.0
20693.0 4819.0
20695.0 4818.0
20699.0 4816.0
20706.0 4814.0
20713.0 4812.0
20718.0 4811.0
20724.0 4808.0
20749.0 4807.0
20756.0 4805.0
20761.0 4804.0
20767.0 4801.0
20799.0 4800.0
20816.0 4798.0
20821.0 4795.0
20842.0 4793.0
20851.0 4792.0
20854.0 4791.0
20857.0 4790.0
20862.0 4788.0
20866.0 4785.0
20873.0 4784.0
20878.0 4783.0
20885.0 4782.0
20900.0 4781.0
20901.0 4779.0
20904.0 4778.0
20910.0 4775.0
20921.0 4774.0
20927.0 4772.0
20934.0 4771.0
20936.0 4770.0
20949.0 4769.0
20951.0 4767.0
20955.0 4766.0
20956.0 4765.0
20960.0 4762.0
20967.0 4761.0
20976.0 4760.0
20989.0 4759.0
20992.0 4758.0
20993.0 4756.0
20996.0 4755.0
20998.0 4753.0
21001.0 4752.0
21004.0 4750.0
21007.0 4749.0
21019.0 4748.0
21022.0 4747.0
21051.0 4745.0
21070.0 4744.0
21073.0 4739.0
21085.0 4735.0
21095.0 4734.0
21100.0 4732.0
21102.0 4731.0
21108.0 4730.0
21109.0 4729.0
21112.0 4724.0
21129.0 4720.0
21146.0 4719.0
21147.0 4715.0
21164.0 4711.0
21187.0 4710.0
21188.0 4706.0
21198.0 4704.0
21205.0 4702.0
21212.0 4698.0
21225.0 4697.0
21251.0 4695.0
21255.0 4690.0
21262.0 4689.0
21273.0 4686.0
21277.0 4681.0
21290.0 4680.0
21294.0 4675.0
21365.0 4671.0
21513.0 4669.0
21548.0 4668.0
21559.0 4667.0
21563.0 4662.0
