29721.0 11705.0
29722.0 11664.0
29726.0 11631.0
29732.0 11617.0
29734.0 11432.0
29738.0 11412.0
29739.0 11399.0
29740.0 11354.0
29743.0 11341.0
29746.0 11333.0
29749.0 11320.0
29752.0 11319.0
29754.0 11313.0
29755.0 11308.0
29758.0 11299.0
29760.0 11294.0
29762.0 11291.0
29763.0 11285.0
29765.0 11282.0
29766.0 11273.0
29768.0 11262.0
29771.0 11253.0
29774.0 11241.0
29777.0 11232.0
29780.0 11229.0
29782.0 11225.0
29783.0 11220.0
29786.0 11211.0
29789.0 11208.0
29791.0 11203.0
29795.0 11198.0
29796.0 11197.0
29798.0 11195.0
29799.0 11192.0
29800.0 11190.0
29801.0 11189.0
29802.0 11183.0
29805.0 11180.0
29806.0 11178.0
29807.0 11175.0
29808.0 11172.0
29811.0 11170.0
29813.0 11161.0
29814.0 11150.0
29819.0 11143.0
29822.0 11140.0
29823.0 11129.0
29828.0 11125.0
29829.0 11123.0
29832.0 11120.0
29833.0 11109.0
29838.0 11105.0
29841.0 11104.0
29842.0 11103.0
29844.0 11102.0
29845.0 11100.0
29846.0 11096.0
29848.0 11093.0
29849.0 11086.0
29851.0 11085.0
29854.0 11081.0
29855.0 11075.0
29860.0 11071.0
29863.0 11066.0
29865.0 11063.0
29868.0 11055.0
29872.0 11053.0
29873.0 11051.0
29875.0 11048.0
29879.0 11043.0
29880.0 11036.0
29885.0 11029.0
29888.0 11022.0
29889.0 11015.0
29894.0 11011.0
29899.0 11010.0
29900.0 11005.0
29901.0 10998.0
29906.0 10994.0
29907.0 10993.0
29912.0 10989.0
29915.0 10988.0
29916.0 10984.0
29918.0 10978.0
29921.0 10972.0
29923.0 10967.0
29926.0 10961.0
29927.0 10957.0
29931.0 10953.0
29932.0 10946.0
29939.0 10940.0
29943.0 10936.0
29944.0 10929.0
29953.0 10925.0
29957.0 10923.0
29960.0 10919.0
29963.0 10915.0
29964.0 10911.0
29965.0 10908.0
29968.0 10907.0
29969.0 10900.0
29976.0 10894.0
29980.0 10890.0
29981.0 10883.0
29990.0 10879.0
29994.0 10877.0
29997.0 10873.0
30001.0 10869.0
30002.0 10862.0
30010.0 10861.0
30013.0 10860.0
30015.0 10857.0
30016.0 10850.0
30024.0 10844.0
30030.0 10841.0
30032.0 10839.0
30038.0 10832.0
30042.0 10830.0
30044.0 10823.0
30047.0 10822.0
30049.0 10815.0
30053.0 10810.0
30055.0 10809.0
30056.0 10803.0
30058.0 10796.0
30065.0 10794.0
30067.0 10787.0
30071.0 10784.0
30076.0 10781.0
30078.0 10774.0
30083.0 10771.0
30086.0 10769.0
30087.0 10765.0
30091.0 10762.0
30096.0 10758.0
30098.0 10757.0
30099.0 10755.0
30101.0 10754.0
30102.0 10751.0
30103.0 10749.0
30104.0 10747.0
30105.0 10744.0
30108.0 10742.0
30109.0 10740.0
30112.0 10738.0
30115.0 10731.0
30116.0 10728.0
30118.0 10727.0
30119.0 10724.0
30121.0 10720.0
30122.0 10717.0
30125.0 10715.0
30129.0 10712.0
30132.0 10704.0
30133.0 10701.0
30136.0 10699.0
30145.0 10694.0
30146.0 10691.0
30148.0 10688.0
30149.0 10685.0
30158.0 10683.0
30159.0 10680.0
30161.0 10675.0
30162.0 10672.0
30165.0 10670.0
30170.0 10668.0
30174.0 10665.0
30175.0 10662.0
30177.0 10659.0
30178.0 10656.0
30183.0 10654.0
30188.0 10651.0
30190.0 10649.0
30191.0 10646.0
30196.0 10641.0
30199.0 10639.0
30203.0 10638.0
30204.0 10635.0
30207.0 10634.0
30210.0 10632.0
30211.0 10630.0
30212.0 10625.0
30216.0 10624.0
30220.0 10623.0
30221.0 10621.0
30223.0 10618.0
30226.0 10616.0
30227.0 10614.0
30229.0 10611.0
30231.0 10610.0
30232.0 10609.0
30234.0 10608.0
30236.0 10605.0
30239.0 10603.0
30242.0 10600.0
30244.0 10597.0
30245.0 10595.0
30249.0 10594.0
30250.0 10592.0
30252.0 10589.0
30254.0 10587.0
30257.0 10585.0
30258.0 10584.0
30260.0 10581.0
30262.0 10579.0
30265.0 10577.0
30266.0 10576.0
30268.0 10575.0
30269.0 10574.0
30270.0 10571.0
30273.0 10569.0
30275.0 10568.0
30276.0 10567.0
30277.0 10566.0
30278.0 10563.0
30281.0 10561.0
30283.0 10558.0
30286.0 10556.0
30287.0 10555.0
30289.0 10553.0
30291.0 10550.0
30294.0 10548.0
30295.0 10547.0
30299.0 10542.0
30302.0 10541.0
30305.0 10540.0
30307.0 10534.0
30313.0 10532.0
30317.0 10530.0
30319.0 10529.0
30322.0 10524.0
30325.0 10523.0
30328.0 10522.0
30330.0 10516.0
30336.0 10514.0
30340.0 10513.0
30341.0 10512.0
30345.0 10509.0
30349.0 10507.0
30353.0 10505.0
30356.0 10503.0
30358.0 10499.0
30361.0 10497.0
30364.0 10496.0
30367.0 10494.0
30369.0 10489.0
30372.0 10488.0
30375.0 10487.0
30378.0 10485.0
30380.0 10480.0
30386.0 10478.0
30387.0 10477.0
30390.0 10476.0
30391.0 10473.0
30398.0 10470.0
30399.0 10469.0
30400.0 10466.0
30401.0 10465.0
30402.0 10462.0
30403.0 10461.0
30404.0 10458.0
30407.0 10457.0
30408.0 10454.0
30409.0 10453.0
30410.0 10450.0
30417.0 10448.0
30419.0 10445.0
30423.0 10441.0
30425.0 10437.0
30432.0 10435.0
30435.0 10433.0
30436.0 10432.0
30438.0 10431.0
30440.0 10427.0
30442.0 10426.0
30443.0 10423.0
30444.0 10420.0
30445.0 10419.0
30446.0 10416.0
30457.0 10415.0
30458.0 10412.0
30459.0 10407.0
30461.0 10403.0
30471.0 10400.0
30473.0 10396.0
30477.0 10393.0
30485.0 10392.0
30488.0 10391.0
30489.0 10389.0
30490.0 10387.0
30493.0 10385.0
30498.0 10384.0
30502.0 10383.0
30504.0 10378.0
30506.0 10374.0
30516.0 10371.0
30518.0 10367.0
30522.0 10364.0
30530.0 10363.0
30534.0 10360.0
30537.0 10358.0
30546.0 10355.0
30549.0 10351.0
30553.0 10348.0
30558.0 10346.0
30563.0 10344.0
30567.0 10341.0
30570.0 10339.0
30574.0 10336.0
30583.0 10335.0
30590.0 10333.0
30595.0 10331.0
30597.0 10328.0
30601.0 10325.0
30610.0 10324.0
30612.0 10322.0
30614.0 10320.0
30616.0 10319.0
30619.0 10315.0
30621.0 10314.0
30623.0 10312.0
30625.0 10309.0
30627.0 10308.0
30628.0 10307.0
30630.0 10304.0
30632.0 10302.0
30634.0 10301.0
30635.0 10300.0
30636.0 10299.0
30637.0 10297.0
30639.0 10294.0
30641.0 10293.0
30644.0 10289.0
30646.0 10288.0
30648.0 10286.0
30650.0 10283.0
30652.0 10282.0
30653.0 10281.0
30655.0 10278.0
30657.0 10276.0
30659.0 10275.0
30662.0 10271.0
30664.0 10270.0
30666.0 10268.0
30671.0 10263.0
30677.0 10262.0
30682.0 10257.0
30688.0 10255.0
30689.0 10254.0
30691.0 10253.0
30693.0 10250.0
30695.0 10249.0
30696.0 10247.0
30698.0 10243.0
30702.0 10242.0
30703.0 10240.0
30704.0 10238.0
30705.0 10236.0
30707.0 10235.0
30712.0 10232.0
30713.0 10230.0
30714.0 10228.0
30718.0 10224.0
30722.0 10223.0
30725.0 10217.0
30727.0 10216.0
30731.0 10215.0
30734.0 10209.0
30740.0 10208.0
30742.0 10206.0
30745.0 10203.0
30746.0 10202.0
30747.0 10195.0
30750.0 10192.0
30752.0 10191.0
30756.0 10187.0
30759.0 10184.0
30767.0 10178.0
30770.0 10175.0
30772.0 10174.0
30775.0 10173.0
30776.0 10170.0
30779.0 10167.0
30782.0 10166.0
30787.0 10164.0
30790.0 10160.0
30792.0 10158.0
30793.0 10157.0
30795.0 10155.0
30797.0 10154.0
30799.0 10152.0
30801.0 10150.0
30802.0 10149.0
30804.0 10147.0
30810.0 10146.0
30812.0 10144.0
30813.0 10143.0
30815.0 10140.0
30818.0 10137.0
30820.0 10136.0
30824.0 10132.0
30827.0 10129.0
30835.0 10126.0
30838.0 10123.0
30842.0 10122.0
30846.0 10118.0
30849.0 10115.0
30855.0 10113.0
30857.0 10112.0
30859.0 10110.0
30860.0 10109.0
30861.0 10108.0
30862.0 10107.0
30864.0 10105.0
30870.0 10102.0
30873.0 10099.0
30875.0 10098.0
30878.0 10095.0
30880.0 10094.0
30884.0 10090.0
30887.0 10087.0
30895.0 10084.0
30898.0 10081.0
30904.0 10080.0
30907.0 10077.0
30910.0 10075.0
30914.0 10073.0
30920.0 10071.0
30922.0 10070.0
30925.0 10067.0
30929.0 10065.0
30930.0 10060.0
30933.0 10057.0
30943.0 10054.0
30951.0 10052.0
30953.0 10051.0
30957.0 10046.0
30960.0 10043.0
30970.0 10040.0
30976.0 10038.0
30978.0 10037.0
30985.0 10036.0
30986.0 10035.0
30988.0 10034.0
30989.0 10030.0
30994.0 10029.0
30998.0 10026.0
31003.0 10024.0
31008.0 10023.0
31013.0 10021.0
31016.0 10020.0
31021.0 10018.0
31026.0 10017.0
31027.0 10013.0
31032.0 10012.0
31037.0 10010.0
31041.0 10007.0
31050.0 10006.0
31051.0 10004.0
31057.0 10003.0
31059.0 10001.0
31063.0 10000.0
31067.0 9997.0
31074.0 9996.0
31075.0 9993.0
31076.0 9992.0
31085.0 9987.0
31094.0 9986.0
31095.0 9984.0
31097.0 9981.0
31107.0 9978.0
31116.0 9973.0
31121.0 9971.0
31123.0 9970.0
31127.0 9968.0
31133.0 9967.0
31134.0 9965.0
31142.0 9964.0
31144.0 9962.0
31147.0 9956.0
31156.0 9953.0
31166.0 9950.0
31177.0 9947.0
31190.0 9946.0
31196.0 9945.0
31201.0 9943.0
31203.0 9940.0
31213.0 9937.0
31223.0 9935.0
31226.0 9934.0
31227.0 9931.0
31237.0 9928.0
31245.0 9926.0
31248.0 9925.0
31252.0 9922.0
31262.0 9919.0
31268.0 9918.0
31276.0 9916.0
31277.0 9915.0
31286.0 9913.0
31287.0 9912.0
31290.0 9909.0
31297.0 9907.0
31298.0 9905.0
31305.0 9902.0
31306.0 9901.0
31315.0 9899.0
31316.0 9898.0
31319.0 9897.0
31325.0 9896.0
31327.0 9895.0
31329.0 9894.0
31332.0 9891.0
31340.0 9888.0
31350.0 9887.0
31351.0 9885.0
31357.0 9884.0
31359.0 9881.0
31369.0 9878.0
31377.0 9876.0
31380.0 9875.0
31387.0 9873.0
31398.0 9870.0
31408.0 9868.0
31415.0 9867.0
31418.0 9865.0
31425.0 9864.0
31429.0 9862.0
31436.0 9860.0
31443.0 9859.0
31447.0 9857.0
31459.0 9856.0
31464.0 9854.0
31468.0 9853.0
31474.0 9851.0
31478.0 9850.0
31482.0 9849.0
31486.0 9848.0
31492.0 9846.0
31496.0 9845.0
31505.0 9844.0
31512.0 9842.0
31513.0 9841.0
31523.0 9838.0
31531.0 9836.0
31541.0 9833.0
31555.0 9832.0
31563.0 9831.0
31573.0 9828.0
31587.0 9827.0
31593.0 9825.0
31601.0 9822.0
31611.0 9819.0
31623.0 9817.0
31639.0 9816.0
31647.0 9813.0
31657.0 9810.0
31735.0 9809.0
31744.0 9808.0
31754.0 9806.0
31764.0 9802.0
31768.0 9801.0
31775.0 9799.0
31778.0 9797.0
31791.0 9796.0
31793.0 9794.0
31798.0 9793.0
31799.0 9792.0
31804.0 9791.0
31809.0 9788.0
31814.0 9787.0
31822.0 9786.0
31827.0 9783.0
31832.0 9782.0
31843.0 9779.0
31855.0 9777.0
31858.0 9776.0
31863.0 9775.0
31867.0 9774.0
31870.0 9773.0
31875.0 9772.0
31876.0 9770.0
31879.0 9769.0
31883.0 9767.0
31886.0 9766.0
31891.0 9765.0
31893.0 9763.0
31896.0 9762.0
31901.0 9761.0
31902.0 9760.0
31905.0 9759.0
31910.0 9758.0
31917.0 9756.0
31920.0 9755.0
31925.0 9754.0
31927.0 9752.0
31930.0 9751.0
31935.0 9750.0
31936.0 9749.0
31939.0 9748.0
31944.0 9747.0
31948.0 9745.0
31954.0 9744.0
31958.0 9741.0
31971.0 9740.0
31978.0 9738.0
31982.0 9734.0
31992.0 9730.0
32005.0 9729.0
32040.0 9725.0
32051.0 9721.0
32064.0 9720.0
32089.0 9717.0
32093.0 9712.0
32106.0 9711.0
32113.0 9710.0
32129.0 9706.0
32141.0 9705.0
32143.0 9700.0
32159.0 9696.0
32174.0 9692.0
32184.0 9690.0
32191.0 9686.0
32199.0 9684.0
32203.0 9680.0
32211.0 9678.0
32224.0 9677.0
32227.0 9674.0
32233.0 9670.0
32241.0 9668.0
32254.0 9667.0
32257.0 9664.0
32277.0 9660.0
32282.0 9658.0
32289.0 9654.0
32299.0 9653.0
32301.0 9648.0
32322.0 9645.0
32329.0 9643.0
32331.0 9638.0
32352.0 9635.0
32373.0 9634.0
32375.0 9629.0
32396.0 9626.0
32442.0 9624.0
32482.0 9623.0
32496.0 9622.0
32498.0 9621.0
32503.0 9620.0
32517.0 9619.0
32542.0 9618.0
32556.0 9617.0
32582.0 9616.0
32615.0 9615.0
32621.0 9614.0
32641.0 9612.0
32674.0 9611.0
32680.0 9610.0
32713.0 9608.0
32746.0 9607.0
32752.0 9606.0
32785.0 9605.0
