103.0 1150.0
104.0 1117.0
105.0 1113.0
106.0 1088.0
108.0 1075.0
109.0 1062.0
110.0 1058.0
111.0 1049.0
112.0 1044.0
113.0 1032.0
114.0 1023.0
115.0 1020.0
116.0 1004.0
117.0 997.0
118.0 993.0
119.0 978.0
120.0 973.0
121.0 969.0
122.0 962.0
123.0 957.0
124.0 944.0
125.0 943.0
126.0 941.0
127.0 926.0
128.0 925.0
130.0 921.0
131.0 915.0
132.0 910.0
133.0 909.0
134.0 906.0
136.0 901.0
138.0 896.0
140.0 893.0
141.0 891.0
142.0 888.0
144.0 885.0
146.0 880.0
148.0 877.0
150.0 874.0
152.0 870.0
154.0 867.0
156.0 864.0
158.0 861.0
160.0 857.0
164.0 851.0
180.0 849.0
