16469.0 1385.0
16471.0 1368.0
16474.0 1352.0
16475.0 1346.0
16483.0 1334.0
16486.0 1331.0
16492.0 1328.0
16494.0 1319.0
16498.0 1318.0
16500.0 1317.0
16502.0 1313.0
16504.0 1310.0
16506.0 1306.0
16510.0 1304.0
16513.0 1300.0
16515.0 1296.0
16518.0 1285.0
16526.0 1281.0
16529.0 1272.0
16541.0 1271.0
16546.0 1263.0
16552.0 1262.0
16560.0 1257.0
16563.0 1253.0
16566.0 1251.0
16577.0 1230.0
16579.0 1224.0
16581.0 1212.0
16583.0 1206.0
16587.0 1204.0
16589.0 1198.0
16604.0 1196.0
16605.0 1192.0
16607.0 1186.0
16616.0 1184.0
16617.0 1183.0
16623.0 1175.0
16634.0 1172.0
16641.0 1163.0
16650.0 1161.0
16658.0 1158.0
16661.0 1157.0
16668.0 1149.0
16683.0 1147.0
16685.0 1144.0
16688.0 1143.0
16692.0 1135.0
16700.0 1133.0
16709.0 1129.0
16717.0 1121.0
16727.0 1119.0
16728.0 1116.0
16732.0 1115.0
16734.0 1113.0
16737.0 1112.0
16744.0 1107.0
16752.0 1103.0
16755.0 1102.0
16761.0 1099.0
16764.0 1098.0
16769.0 1091.0
16780.0 1086.0
16786.0 1083.0
16789.0 1082.0
16798.0 1081.0
16801.0 1080.0
16814.0 1078.0
16826.0 1076.0
16844.0 1073.0
16847.0 1072.0
16850.0 1071.0
16856.0 1068.0
16859.0 1067.0
16868.0 1066.0
16871.0 1065.0
16884.0 1063.0
16887.0 1058.0
16923.0 1050.0
16939.0 1049.0
16945.0 1048.0
16957.0 1043.0
16995.0 1042.0
17000.0 1036.0
17023.0 1035.0
17056.0 1034.0
17072.0 1032.0
17083.0 1031.0
17086.0 1029.0
17105.0 1028.0
17108.0 1024.0
17131.0 1023.0
17135.0 1021.0
17173.0 1016.0
17386.0 1015.0
