7931.0 1297.0
7938.0 1267.0
7945.0 1260.0
7946.0 1249.0
7947.0 1241.0
7952.0 1237.0
7954.0 1233.0
7955.0 1225.0
7960.0 1221.0
7964.0 1218.0
7967.0 1211.0
7970.0 1206.0
7971.0 1205.0
7975.0 1202.0
7976.0 1201.0
7980.0 1198.0
7981.0 1190.0
7984.0 1183.0
7989.0 1179.0
7996.0 1176.0
8001.0 1172.0
8012.0 1169.0
8014.0 1167.0
8017.0 1165.0
8019.0 1163.0
8021.0 1162.0
8022.0 1156.0
8024.0 1155.0
8033.0 1154.0
8036.0 1147.0
8043.0 1141.0
8052.0 1138.0
8054.0 1137.0
8059.0 1131.0
8065.0 1130.0
8071.0 1124.0
8078.0 1120.0
8081.0 1115.0
8087.0 1108.0
8091.0 1103.0
8092.0 1102.0
8095.0 1097.0
8097.0 1096.0
8099.0 1090.0
8105.0 1083.0
8117.0 1081.0
8118.0 1080.0
8119.0 1076.0
8121.0 1074.0
8127.0 1067.0
8134.0 1065.0
8136.0 1059.0
8142.0 1052.0
8157.0 1051.0
8161.0 1047.0
8162.0 1045.0
8165.0 1035.0
8169.0 1031.0
8175.0 1029.0
8179.0 1026.0
8185.0 1024.0
8186.0 1023.0
8192.0 1021.0
8196.0 1019.0
8200.0 1015.0
8201.0 1013.0
8205.0 1009.0
8211.0 1007.0
8215.0 1004.0
8221.0 1002.0
8222.0 1001.0
8228.0 999.0
8233.0 998.0
8237.0 995.0
8238.0 994.0
8248.0 989.0
8254.0 987.0
8255.0 986.0
8261.0 985.0
8262.0 984.0
8266.0 979.0
8277.0 976.0
8281.0 973.0
8286.0 972.0
8292.0 970.0
8297.0 969.0
8301.0 966.0
8312.0 963.0
8323.0 961.0
8324.0 960.0
8332.0 957.0
8343.0 954.0
8355.0 951.0
8365.0 950.0
8366.0 948.0
8376.0 947.0
8389.0 945.0
8394.0 944.0
8408.0 940.0
8413.0 939.0
8414.0 937.0
8432.0 936.0
8433.0 934.0
8437.0 933.0
8443.0 932.0
8450.0 928.0
8456.0 925.0
8475.0 922.0
8479.0 921.0
8482.0 920.0
8488.0 917.0
8507.0 914.0
8511.0 913.0
8530.0 910.0
8557.0 909.0
8558.0 908.0
8562.0 907.0
8575.0 902.0
8578.0 900.0
8582.0 899.0
8590.0 896.0
8606.0 892.0
8614.0 891.0
8629.0 890.0
8630.0 887.0
8638.0 885.0
8659.0 882.0
8662.0 880.0
8684.0 878.0
8723.0 876.0
