193.0 1256.0
194.0 1242.0
195.0 1239.0
196.0 1229.0
197.0 1226.0
198.0 1217.0
199.0 1216.0
200.0 1210.0
201.0 1204.0
202.0 1190.0
203.0 1181.0
204.0 1170.0
205.0 1165.0
207.0 1160.0
208.0 1145.0
210.0 1137.0
211.0 1128.0
212.0 1125.0
213.0 1124.0
214.0 1119.0
215.0 1112.0
217.0 1111.0
218.0 1107.0
219.0 1103.0
220.0 1095.0
221.0 1092.0
222.0 1091.0
223.0 1086.0
224.0 1079.0
227.0 1074.0
229.0 1067.0
230.0 1064.0
231.0 1060.0
232.0 1056.0
233.0 1050.0
235.0 1042.0
241.0 1036.0
246.0 1034.0
247.0 1033.0
248.0 1025.0
250.0 1019.0
252.0 1013.0
254.0 1011.0
255.0 1007.0
257.0 1001.0
259.0 999.0
261.0 998.0
262.0 997.0
263.0 996.0
265.0 995.0
266.0 994.0
267.0 990.0
269.0 988.0
271.0 985.0
273.0 983.0
276.0 980.0
279.0 979.0
282.0 976.0
298.0 974.0
300.0 973.0
303.0 972.0
305.0 971.0
