417.0 1273.0
418.0 1252.0
419.0 1244.0
420.0 1233.0
421.0 1225.0
423.0 1218.0
424.0 1212.0
425.0 1202.0
426.0 1194.0
427.0 1192.0
428.0 1184.0
429.0 1182.0
430.0 1180.0
431.0 1172.0
432.0 1169.0
434.0 1164.0
435.0 1157.0
437.0 1156.0
438.0 1148.0
440.0 1144.0
441.0 1143.0
442.0 1140.0
443.0 1136.0
444.0 1135.0
445.0 1131.0
446.0 1130.0
447.0 1127.0
448.0 1125.0
449.0 1122.0
450.0 1120.0
451.0 1118.0
452.0 1116.0
453.0 1109.0
454.0 1106.0
456.0 1093.0
458.0 1092.0
459.0 1087.0
460.0 1086.0
462.0 1080.0
463.0 1074.0
465.0 1073.0
466.0 1072.0
467.0 1068.0
468.0 1060.0
472.0 1058.0
473.0 1057.0
474.0 1053.0
475.0 1049.0
479.0 1045.0
480.0 1044.0
481.0 1042.0
482.0 1038.0
483.0 1034.0
485.0 1032.0
486.0 1027.0
488.0 1025.0
491.0 1022.0
494.0 1018.0
497.0 1013.0
500.0 1008.0
503.0 1003.0
505.0 998.0
508.0 993.0
524.0 990.0
529.0 985.0
534.0 983.0
