49.0 70.0
49.0 70.0
55.0 63.0
49.0 70.0
49.0 70.0
55.0 63.0
49.0 70.0
49.0 70.0
55.0 63.0
55.0 63.0
41.0 84.0
55.0 63.0
41.0 84.0
49.0 70.0
41.0 84.0
49.0 70.0
38.0 86.0
44.0 77.0
44.0 77.0
41.0 84.0
41.0 84.0
46.0 73.0
57.0 61.0
57.0 61.0
45.0 76.0
47.0 71.0
46.0 73.0
57.0 61.0
57.0 61.0
44.0 77.0
46.0 73.0
47.0 71.0
47.0 71.0
57.0 61.0
55.0 63.0
53.0 65.0
52.0 66.0
38.0 86.0
45.0 76.0
52.0 66.0
47.0 71.0
41.0 84.0
51.0 67.0
47.0 71.0
43.0 79.0
38.0 86.0
38.0 86.0
46.0 73.0
55.0 63.0
47.0 71.0
47.0 71.0
53.0 65.0
52.0 66.0
46.0 73.0
44.0 77.0
53.0 65.0
46.0 73.0
43.0 79.0
53.0 65.0
44.0 77.0
53.0 65.0
51.0 67.0
55.0 63.0
46.0 73.0
38.0 86.0
57.0 61.0
57.0 61.0
45.0 76.0
57.0 61.0
52.0 66.0
52.0 66.0
51.0 67.0
43.0 79.0
45.0 76.0
44.0 77.0
45.0 76.0
38.0 86.0
51.0 67.0
45.0 76.0
43.0 79.0
43.0 79.0
51.0 67.0
46.0 73.0
52.0 66.0
45.0 76.0
53.0 65.0
38.0 86.0
38.0 86.0
51.0 67.0
53.0 65.0
43.0 79.0
44.0 77.0
43.0 79.0
43.0 79.0
51.0 67.0
47.0 71.0
45.0 76.0
41.0 84.0
41.0 84.0
52.0 66.0
