121.0 165.0
121.0 165.0
125.0 158.0
118.0 186.0
118.0 186.0
135.0 140.0
134.0 142.0
135.0 140.0
119.0 182.0
121.0 165.0
116.0 196.0
119.0 182.0
116.0 196.0
126.0 154.0
116.0 196.0
135.0 140.0
134.0 142.0
135.0 140.0
136.0 139.0
118.0 186.0
119.0 182.0
126.0 154.0
136.0 139.0
116.0 196.0
134.0 142.0
126.0 154.0
136.0 139.0
122.0 162.0
129.0 149.0
134.0 142.0
118.0 186.0
116.0 196.0
132.0 143.0
136.0 139.0
118.0 186.0
121.0 165.0
130.0 146.0
129.0 149.0
134.0 142.0
118.0 186.0
132.0 143.0
132.0 143.0
121.0 165.0
135.0 140.0
136.0 139.0
129.0 149.0
132.0 143.0
117.0 187.0
126.0 154.0
126.0 154.0
129.0 149.0
120.0 167.0
131.0 144.0
130.0 146.0
120.0 167.0
120.0 167.0
131.0 144.0
129.0 149.0
126.0 154.0
131.0 144.0
117.0 187.0
119.0 182.0
117.0 187.0
136.0 139.0
122.0 162.0
120.0 167.0
120.0 167.0
122.0 162.0
116.0 196.0
129.0 149.0
126.0 154.0
130.0 146.0
117.0 187.0
122.0 162.0
121.0 165.0
121.0 165.0
135.0 140.0
132.0 143.0
122.0 162.0
119.0 182.0
117.0 187.0
134.0 142.0
130.0 146.0
120.0 167.0
130.0 146.0
119.0 182.0
131.0 144.0
117.0 187.0
130.0 146.0
129.0 149.0
131.0 144.0
119.0 182.0
116.0 196.0
131.0 144.0
130.0 146.0
134.0 142.0
120.0 167.0
122.0 162.0
132.0 143.0
122.0 162.0
