74.0 111.0
60.0 135.0
60.0 135.0
65.0 118.0
65.0 118.0
60.0 135.0
74.0 111.0
60.0 135.0
65.0 118.0
65.0 118.0
62.0 126.0
58.0 142.0
58.0 142.0
65.0 118.0
68.0 114.0
61.0 130.0
53.0 160.0
55.0 153.0
64.0 120.0
53.0 160.0
55.0 153.0
55.0 153.0
68.0 114.0
58.0 142.0
55.0 153.0
52.0 167.0
68.0 114.0
64.0 120.0
62.0 126.0
56.0 146.0
60.0 135.0
63.0 122.0
53.0 160.0
61.0 130.0
56.0 146.0
62.0 126.0
65.0 118.0
56.0 146.0
68.0 114.0
74.0 111.0
52.0 167.0
72.0 112.0
62.0 126.0
64.0 120.0
52.0 167.0
68.0 114.0
72.0 112.0
62.0 126.0
52.0 167.0
64.0 120.0
62.0 126.0
72.0 112.0
63.0 122.0
72.0 112.0
68.0 114.0
63.0 122.0
63.0 122.0
61.0 130.0
55.0 153.0
74.0 111.0
61.0 130.0
53.0 160.0
64.0 120.0
64.0 120.0
55.0 153.0
63.0 122.0
53.0 160.0
74.0 111.0
64.0 120.0
74.0 111.0
74.0 111.0
55.0 153.0
56.0 146.0
61.0 130.0
56.0 146.0
63.0 122.0
60.0 135.0
72.0 112.0
58.0 142.0
65.0 118.0
52.0 167.0
68.0 114.0
52.0 167.0
61.0 130.0
55.0 153.0
58.0 142.0
61.0 130.0
72.0 112.0
53.0 160.0
58.0 142.0
52.0 167.0
72.0 112.0
60.0 135.0
56.0 146.0
56.0 146.0
52.0 167.0
62.0 126.0
63.0 122.0
58.0 142.0
53.0 160.0
