64.0 135.0
64.0 135.0
77.0 105.0
67.0 119.0
77.0 105.0
64.0 135.0
77.0 105.0
66.0 133.0
75.0 108.0
71.0 112.0
75.0 108.0
75.0 108.0
67.0 119.0
66.0 133.0
77.0 105.0
75.0 108.0
64.0 135.0
71.0 112.0
75.0 108.0
77.0 105.0
71.0 112.0
75.0 108.0
66.0 133.0
77.0 105.0
77.0 105.0
66.0 133.0
71.0 112.0
75.0 108.0
67.0 119.0
78.0 102.0
71.0 112.0
64.0 135.0
64.0 135.0
67.0 119.0
66.0 133.0
78.0 102.0
69.0 117.0
71.0 112.0
67.0 119.0
77.0 105.0
77.0 105.0
78.0 102.0
67.0 119.0
78.0 102.0
67.0 119.0
78.0 102.0
71.0 112.0
69.0 117.0
75.0 108.0
64.0 135.0
77.0 105.0
66.0 133.0
77.0 105.0
64.0 135.0
71.0 112.0
71.0 112.0
71.0 112.0
71.0 112.0
64.0 135.0
69.0 117.0
71.0 112.0
69.0 117.0
69.0 117.0
67.0 119.0
69.0 117.0
75.0 108.0
78.0 102.0
78.0 102.0
75.0 108.0
78.0 102.0
69.0 117.0
69.0 117.0
77.0 105.0
66.0 133.0
64.0 135.0
71.0 112.0
78.0 102.0
78.0 102.0
66.0 133.0
69.0 117.0
66.0 133.0
69.0 117.0
66.0 133.0
66.0 133.0
75.0 108.0
64.0 135.0
67.0 119.0
66.0 133.0
67.0 119.0
67.0 119.0
78.0 102.0
77.0 105.0
69.0 117.0
69.0 117.0
78.0 102.0
75.0 108.0
64.0 135.0
78.0 102.0
67.0 119.0
75.0 108.0
