61.0 127.0
61.0 127.0
45.0 190.0
48.0 163.0
48.0 163.0
45.0 190.0
61.0 127.0
47.0 166.0
58.0 134.0
47.0 166.0
58.0 134.0
58.0 134.0
58.0 134.0
45.0 190.0
47.0 166.0
45.0 190.0
47.0 166.0
48.0 163.0
61.0 127.0
58.0 134.0
48.0 163.0
46.0 182.0
46.0 182.0
61.0 127.0
46.0 182.0
53.0 143.0
57.0 136.0
47.0 166.0
47.0 166.0
52.0 145.0
47.0 166.0
48.0 163.0
58.0 134.0
58.0 134.0
49.0 161.0
52.0 145.0
49.0 161.0
52.0 145.0
54.0 141.0
55.0 140.0
50.0 156.0
52.0 145.0
59.0 129.0
61.0 127.0
55.0 140.0
54.0 141.0
49.0 161.0
55.0 140.0
50.0 156.0
51.0 150.0
51.0 150.0
46.0 182.0
45.0 190.0
59.0 129.0
46.0 182.0
53.0 143.0
53.0 143.0
53.0 143.0
45.0 190.0
50.0 156.0
57.0 136.0
57.0 136.0
55.0 140.0
52.0 145.0
50.0 156.0
52.0 145.0
61.0 127.0
55.0 140.0
59.0 129.0
54.0 141.0
54.0 141.0
59.0 129.0
57.0 136.0
51.0 150.0
50.0 156.0
49.0 161.0
53.0 143.0
53.0 143.0
48.0 163.0
59.0 129.0
49.0 161.0
46.0 182.0
51.0 150.0
46.0 182.0
49.0 161.0
51.0 150.0
51.0 150.0
54.0 141.0
51.0 150.0
55.0 140.0
54.0 141.0
45.0 190.0
49.0 161.0
59.0 129.0
59.0 129.0
57.0 136.0
50.0 156.0
57.0 136.0
50.0 156.0
52.0 145.0
