485.0 661.0
487.0 659.0
479.0 689.0
467.0 750.0
482.0 669.0
482.0 669.0
487.0 659.0
488.0 654.0
480.0 675.0
482.0 669.0
480.0 675.0
480.0 675.0
494.0 649.0
473.0 715.0
496.0 644.0
477.0 698.0
467.0 750.0
494.0 649.0
477.0 698.0
477.0 698.0
477.0 698.0
473.0 715.0
495.0 645.0
494.0 649.0
495.0 645.0
481.0 671.0
482.0 669.0
495.0 645.0
487.0 659.0
484.0 663.0
474.0 709.0
478.0 695.0
484.0 663.0
471.0 731.0
477.0 698.0
479.0 689.0
494.0 649.0
474.0 709.0
480.0 675.0
488.0 654.0
496.0 644.0
474.0 709.0
473.0 715.0
496.0 644.0
473.0 715.0
494.0 649.0
471.0 731.0
499.0 633.0
474.0 709.0
481.0 671.0
472.0 723.0
467.0 750.0
488.0 654.0
487.0 659.0
472.0 723.0
495.0 645.0
484.0 663.0
471.0 731.0
485.0 661.0
473.0 715.0
472.0 723.0
487.0 659.0
496.0 644.0
469.0 735.0
499.0 633.0
480.0 675.0
484.0 663.0
471.0 731.0
474.0 709.0
499.0 633.0
471.0 731.0
475.0 701.0
473.0 715.0
479.0 689.0
475.0 701.0
499.0 633.0
472.0 723.0
472.0 723.0
484.0 663.0
483.0 667.0
499.0 633.0
467.0 750.0
496.0 644.0
474.0 709.0
475.0 701.0
495.0 645.0
498.0 637.0
475.0 701.0
498.0 637.0
475.0 701.0
480.0 675.0
483.0 667.0
475.0 701.0
483.0 667.0
481.0 671.0
483.0 667.0
472.0 723.0
483.0 667.0
499.0 633.0
471.0 731.0
