414.0 528.0
396.0 586.0
409.0 531.0
396.0 586.0
409.0 531.0
405.0 534.0
409.0 531.0
396.0 586.0
396.0 586.0
396.0 586.0
396.0 586.0
408.0 532.0
408.0 532.0
396.0 586.0
396.0 586.0
408.0 532.0
408.0 532.0
405.0 534.0
401.0 573.0
405.0 534.0
401.0 573.0
405.0 534.0
399.0 577.0
399.0 577.0
401.0 573.0
401.0 573.0
409.0 531.0
408.0 532.0
405.0 534.0
403.0 541.0
403.0 541.0
403.0 541.0
399.0 577.0
409.0 531.0
409.0 531.0
409.0 531.0
396.0 586.0
401.0 573.0
403.0 541.0
396.0 586.0
401.0 573.0
399.0 577.0
403.0 541.0
401.0 573.0
412.0 529.0
408.0 532.0
396.0 586.0
412.0 529.0
402.0 568.0
402.0 568.0
399.0 577.0
412.0 529.0
403.0 541.0
403.0 541.0
401.0 573.0
399.0 577.0
399.0 577.0
402.0 568.0
405.0 534.0
403.0 541.0
402.0 568.0
409.0 531.0
412.0 529.0
405.0 534.0
412.0 529.0
412.0 529.0
401.0 573.0
402.0 568.0
409.0 531.0
409.0 531.0
408.0 532.0
408.0 532.0
402.0 568.0
405.0 534.0
412.0 529.0
412.0 529.0
408.0 532.0
403.0 541.0
403.0 541.0
402.0 568.0
405.0 534.0
405.0 534.0
402.0 568.0
405.0 534.0
401.0 573.0
403.0 541.0
401.0 573.0
408.0 532.0
399.0 577.0
399.0 577.0
412.0 529.0
412.0 529.0
408.0 532.0
399.0 577.0
402.0 568.0
402.0 568.0
409.0 531.0
399.0 577.0
402.0 568.0
412.0 529.0
