171.0 426.0
171.0 426.0
159.0 490.0
157.0 500.0
159.0 490.0
171.0 426.0
157.0 500.0
171.0 426.0
159.0 490.0
151.0 526.0
169.0 427.0
169.0 427.0
172.0 412.0
172.0 412.0
169.0 427.0
169.0 427.0
157.0 500.0
172.0 412.0
168.0 445.0
156.0 509.0
156.0 509.0
171.0 426.0
171.0 426.0
156.0 509.0
157.0 500.0
169.0 427.0
166.0 451.0
166.0 451.0
151.0 526.0
166.0 451.0
157.0 500.0
162.0 462.0
162.0 462.0
159.0 490.0
166.0 451.0
151.0 526.0
172.0 412.0
160.0 479.0
169.0 427.0
162.0 462.0
151.0 526.0
166.0 451.0
154.0 517.0
164.0 453.0
151.0 526.0
158.0 493.0
166.0 451.0
161.0 473.0
160.0 479.0
162.0 462.0
154.0 517.0
151.0 526.0
161.0 473.0
156.0 509.0
159.0 490.0
161.0 473.0
162.0 462.0
158.0 493.0
164.0 453.0
164.0 453.0
172.0 412.0
167.0 446.0
175.0 404.0
175.0 404.0
167.0 446.0
158.0 493.0
164.0 453.0
154.0 517.0
167.0 446.0
160.0 479.0
161.0 473.0
156.0 509.0
164.0 453.0
175.0 404.0
161.0 473.0
160.0 479.0
154.0 517.0
158.0 493.0
161.0 473.0
162.0 462.0
154.0 517.0
175.0 404.0
162.0 462.0
160.0 479.0
167.0 446.0
167.0 446.0
158.0 493.0
154.0 517.0
172.0 412.0
156.0 509.0
160.0 479.0
175.0 404.0
164.0 453.0
159.0 490.0
175.0 404.0
151.0 526.0
158.0 493.0
167.0 446.0
175.0 404.0
157.0 500.0
