115.0 1042.0
115.0 1042.0
156.0 900.0
152.0 910.0
108.0 1104.0
142.0 928.0
122.0 1008.0
107.0 1142.0
133.0 960.0
131.0 965.0
158.0 898.0
123.0 999.0
133.0 960.0
154.0 902.0
128.0 980.0
126.0 992.0
122.0 1008.0
142.0 928.0
118.0 1016.0
131.0 965.0
112.0 1072.0
115.0 1042.0
132.0 962.0
112.0 1072.0
110.0 1084.0
148.0 916.0
150.0 914.0
110.0 1084.0
156.0 900.0
144.0 926.0
134.0 952.0
111.0 1073.0
116.0 1032.0
119.0 1011.0
118.0 1016.0
138.0 940.0
113.0 1057.0
134.0 952.0
122.0 1008.0
146.0 920.0
148.0 916.0
114.0 1050.0
154.0 902.0
138.0 940.0
140.0 932.0
140.0 932.0
114.0 1050.0
108.0 1104.0
124.0 996.0
131.0 965.0
114.0 1050.0
108.0 1104.0
113.0 1057.0
138.0 940.0
124.0 996.0
127.0 983.0
117.0 1026.0
154.0 902.0
123.0 999.0
128.0 980.0
158.0 898.0
127.0 983.0
123.0 999.0
136.0 944.0
128.0 980.0
152.0 910.0
117.0 1026.0
109.0 1089.0
117.0 1026.0
111.0 1073.0
116.0 1032.0
127.0 983.0
118.0 1016.0
129.0 969.0
116.0 1032.0
134.0 952.0
119.0 1011.0
158.0 898.0
126.0 992.0
126.0 992.0
109.0 1089.0
146.0 920.0
146.0 920.0
150.0 914.0
129.0 969.0
106.0 1144.0
119.0 1011.0
106.0 1144.0
136.0 944.0
144.0 926.0
129.0 969.0
132.0 962.0
144.0 926.0
109.0 1089.0
110.0 1084.0
136.0 944.0
140.0 932.0
113.0 1057.0
124.0 996.0
107.0 1142.0
