731.0 989.0
767.0 864.0
772.0 861.0
731.0 989.0
772.0 861.0
740.0 931.0
767.0 864.0
759.0 868.0
751.0 894.0
734.0 970.0
724.0 1046.0
722.0 1070.0
746.0 905.0
722.0 1070.0
726.0 1037.0
734.0 970.0
722.0 1070.0
723.0 1067.0
751.0 894.0
736.0 956.0
723.0 1067.0
731.0 989.0
767.0 864.0
736.0 956.0
759.0 868.0
746.0 905.0
737.0 949.0
743.0 915.0
738.0 944.0
725.0 1041.0
744.0 914.0
734.0 970.0
728.0 1017.0
726.0 1037.0
742.0 925.0
726.0 1037.0
732.0 985.0
737.0 949.0
728.0 1017.0
736.0 956.0
740.0 931.0
742.0 925.0
739.0 935.0
728.0 1017.0
759.0 868.0
728.0 1017.0
738.0 944.0
724.0 1046.0
732.0 985.0
746.0 905.0
749.0 899.0
733.0 981.0
752.0 888.0
739.0 935.0
743.0 915.0
738.0 944.0
727.0 1026.0
733.0 981.0
747.0 903.0
733.0 981.0
755.0 878.0
752.0 888.0
750.0 895.0
725.0 1041.0
749.0 899.0
735.0 965.0
743.0 915.0
755.0 878.0
727.0 1026.0
724.0 1046.0
725.0 1041.0
744.0 914.0
736.0 956.0
735.0 965.0
730.0 993.0
751.0 894.0
735.0 965.0
723.0 1067.0
742.0 925.0
737.0 949.0
750.0 895.0
759.0 868.0
732.0 985.0
744.0 914.0
727.0 1026.0
750.0 895.0
772.0 861.0
755.0 878.0
730.0 993.0
740.0 931.0
749.0 899.0
739.0 935.0
752.0 888.0
729.0 998.0
755.0 878.0
727.0 1026.0
742.0 925.0
729.0 998.0
730.0 993.0
729.0 998.0
