866.0 858.0
860.0 890.0
863.0 870.0
860.0 890.0
884.0 804.0
862.0 876.0
862.0 876.0
863.0 870.0
891.0 797.0
866.0 858.0
866.0 858.0
884.0 804.0
891.0 797.0
881.0 809.0
879.0 811.0
860.0 890.0
863.0 870.0
881.0 809.0
866.0 858.0
858.0 926.0
876.0 816.0
858.0 926.0
867.0 846.0
891.0 797.0
871.0 829.0
879.0 811.0
891.0 797.0
872.0 828.0
859.0 899.0
885.0 803.0
871.0 829.0
872.0 828.0
868.0 840.0
867.0 846.0
861.0 883.0
859.0 899.0
881.0 809.0
864.0 868.0
865.0 862.0
876.0 816.0
862.0 876.0
858.0 926.0
884.0 804.0
875.0 817.0
861.0 883.0
862.0 876.0
859.0 899.0
880.0 810.0
881.0 809.0
858.0 926.0
879.0 811.0
885.0 803.0
858.0 926.0
879.0 811.0
868.0 840.0
872.0 828.0
867.0 846.0
891.0 797.0
876.0 816.0
880.0 810.0
859.0 899.0
876.0 816.0
880.0 810.0
864.0 868.0
875.0 817.0
861.0 883.0
873.0 823.0
874.0 822.0
885.0 803.0
860.0 890.0
872.0 828.0
874.0 822.0
874.0 822.0
875.0 817.0
867.0 846.0
867.0 846.0
880.0 810.0
874.0 822.0
865.0 862.0
863.0 870.0
868.0 840.0
865.0 862.0
865.0 862.0
871.0 829.0
884.0 804.0
873.0 823.0
873.0 823.0
859.0 899.0
861.0 883.0
860.0 890.0
875.0 817.0
861.0 883.0
873.0 823.0
862.0 876.0
864.0 868.0
868.0 840.0
871.0 829.0
868.0 840.0
864.0 868.0
885.0 803.0
