530.0 1313.0
554.0 1234.0
527.0 1348.0
592.0 1146.0
527.0 1348.0
592.0 1146.0
527.0 1348.0
528.0 1323.0
583.0 1156.0
545.0 1272.0
528.0 1323.0
595.0 1135.0
540.0 1280.0
595.0 1135.0
545.0 1272.0
609.0 1115.0
547.0 1266.0
609.0 1115.0
552.0 1239.0
528.0 1323.0
531.0 1307.0
561.0 1214.0
552.0 1239.0
538.0 1291.0
552.0 1239.0
547.0 1266.0
581.0 1158.0
600.0 1123.0
540.0 1280.0
589.0 1150.0
590.0 1147.0
600.0 1123.0
548.0 1260.0
561.0 1214.0
540.0 1280.0
573.0 1169.0
593.0 1139.0
564.0 1198.0
531.0 1307.0
614.0 1107.0
600.0 1123.0
581.0 1158.0
608.0 1117.0
559.0 1221.0
611.0 1111.0
563.0 1206.0
598.0 1131.0
589.0 1150.0
572.0 1178.0
614.0 1107.0
583.0 1156.0
555.0 1228.0
573.0 1169.0
534.0 1304.0
564.0 1198.0
586.0 1155.0
572.0 1178.0
573.0 1169.0
549.0 1258.0
598.0 1131.0
611.0 1111.0
563.0 1206.0
559.0 1221.0
561.0 1214.0
614.0 1107.0
593.0 1139.0
535.0 1295.0
575.0 1165.0
566.0 1190.0
571.0 1179.0
537.0 1293.0
577.0 1162.0
575.0 1165.0
593.0 1139.0
545.0 1272.0
587.0 1151.0
559.0 1221.0
555.0 1228.0
531.0 1307.0
537.0 1293.0
570.0 1180.0
566.0 1190.0
608.0 1117.0
598.0 1131.0
570.0 1180.0
579.0 1161.0
586.0 1155.0
587.0 1151.0
571.0 1179.0
555.0 1228.0
547.0 1266.0
530.0 1313.0
590.0 1147.0
538.0 1291.0
568.0 1188.0
564.0 1198.0
568.0 1188.0
611.0 1111.0
563.0 1206.0
577.0 1162.0
