1228.0 360.0
1228.0 360.0
1224.0 361.0
1308.0 322.0
1308.0 322.0
1256.0 345.0
1208.0 370.0
1316.0 320.0
1332.0 312.0
1386.0 307.0
1208.0 370.0
1286.0 327.0
1240.0 357.0
1256.0 345.0
1208.0 370.0
1208.0 370.0
1286.0 327.0
1284.0 328.0
1386.0 307.0
1240.0 357.0
1224.0 361.0
1284.0 328.0
1438.0 303.0
1404.0 305.0
1308.0 322.0
1232.0 359.0
1358.0 309.0
1316.0 320.0
1328.0 314.0
1244.0 351.0
1358.0 309.0
1316.0 320.0
1438.0 303.0
1308.0 322.0
1286.0 327.0
1386.0 307.0
1232.0 359.0
1224.0 361.0
1268.0 330.0
1438.0 303.0
1316.0 320.0
1288.0 326.0
1332.0 312.0
1354.0 311.0
1288.0 326.0
1306.0 323.0
1244.0 351.0
1354.0 311.0
1332.0 312.0
1386.0 307.0
1264.0 332.0
1358.0 309.0
1324.0 319.0
1404.0 305.0
1268.0 330.0
1306.0 323.0
1244.0 351.0
1268.0 330.0
1358.0 309.0
1328.0 314.0
1328.0 314.0
1288.0 326.0
1268.0 330.0
1438.0 303.0
1228.0 360.0
1260.0 337.0
1264.0 332.0
1404.0 305.0
1260.0 337.0
1228.0 360.0
1232.0 359.0
1288.0 326.0
1324.0 319.0
1306.0 323.0
1378.0 308.0
1224.0 361.0
1244.0 351.0
1354.0 311.0
1264.0 332.0
1286.0 327.0
1284.0 328.0
1284.0 328.0
1260.0 337.0
1378.0 308.0
1328.0 314.0
1324.0 319.0
1324.0 319.0
1256.0 345.0
1306.0 323.0
1378.0 308.0
1232.0 359.0
1240.0 357.0
1404.0 305.0
1354.0 311.0
1240.0 357.0
1256.0 345.0
1378.0 308.0
1264.0 332.0
1332.0 312.0
1260.0 337.0
