1566.0 280.0
1542.0 290.0
1480.0 317.0
1520.0 308.0
1520.0 308.0
1585.0 272.0
1474.0 341.0
1520.0 308.0
1751.0 246.0
1480.0 317.0
1520.0 308.0
1474.0 341.0
1520.0 308.0
1474.0 341.0
1520.0 308.0
1542.0 290.0
1751.0 246.0
1560.0 284.0
1560.0 284.0
1582.0 275.0
1474.0 341.0
1474.0 341.0
1751.0 246.0
1602.0 262.0
1585.0 272.0
1560.0 284.0
1519.0 311.0
1474.0 341.0
1480.0 317.0
1519.0 311.0
1647.0 254.0
1560.0 284.0
1602.0 262.0
1751.0 246.0
1585.0 272.0
1746.0 253.0
1519.0 311.0
1746.0 253.0
1751.0 246.0
1602.0 262.0
1560.0 284.0
1560.0 284.0
1746.0 253.0
1628.0 261.0
1751.0 246.0
1585.0 272.0
1746.0 253.0
1602.0 262.0
1647.0 254.0
1474.0 341.0
1519.0 311.0
1746.0 253.0
1585.0 272.0
1628.0 261.0
1560.0 284.0
1474.0 341.0
1585.0 272.0
1474.0 341.0
1602.0 262.0
1528.0 297.0
1647.0 254.0
1628.0 261.0
1480.0 317.0
1602.0 262.0
1746.0 253.0
1520.0 308.0
1751.0 246.0
1647.0 254.0
1751.0 246.0
1528.0 297.0
1480.0 317.0
1628.0 261.0
1746.0 253.0
1628.0 261.0
1647.0 254.0
1602.0 262.0
1528.0 297.0
1647.0 254.0
1585.0 272.0
1480.0 317.0
1528.0 297.0
1647.0 254.0
1528.0 297.0
1528.0 297.0
1519.0 311.0
1480.0 317.0
1602.0 262.0
1560.0 284.0
1480.0 317.0
1528.0 297.0
1528.0 297.0
1585.0 272.0
1628.0 261.0
1628.0 261.0
1628.0 261.0
1647.0 254.0
1647.0 254.0
1519.0 311.0
1520.0 308.0
1746.0 253.0
