217.0 178.0
179.0 202.0
179.0 202.0
217.0 178.0
179.0 202.0
209.0 192.0
179.0 202.0
209.0 192.0
213.0 188.0
217.0 178.0
209.0 192.0
209.0 192.0
209.0 192.0
217.0 178.0
179.0 202.0
179.0 202.0
209.0 192.0
179.0 202.0
209.0 192.0
217.0 178.0
213.0 188.0
179.0 202.0
217.0 178.0
179.0 202.0
213.0 188.0
213.0 188.0
209.0 192.0
217.0 178.0
217.0 178.0
213.0 188.0
179.0 202.0
213.0 188.0
217.0 178.0
209.0 192.0
179.0 202.0
199.0 193.0
213.0 188.0
213.0 188.0
179.0 202.0
179.0 202.0
209.0 192.0
209.0 192.0
209.0 192.0
213.0 188.0
179.0 202.0
199.0 193.0
217.0 178.0
179.0 202.0
213.0 188.0
217.0 178.0
199.0 193.0
199.0 193.0
199.0 193.0
199.0 193.0
209.0 192.0
179.0 202.0
209.0 192.0
217.0 178.0
217.0 178.0
199.0 193.0
209.0 192.0
217.0 178.0
209.0 192.0
179.0 202.0
213.0 188.0
199.0 193.0
213.0 188.0
217.0 178.0
217.0 178.0
213.0 188.0
209.0 192.0
209.0 192.0
199.0 193.0
213.0 188.0
217.0 178.0
199.0 193.0
199.0 193.0
199.0 193.0
213.0 188.0
213.0 188.0
199.0 193.0
217.0 178.0
179.0 202.0
179.0 202.0
199.0 193.0
213.0 188.0
217.0 178.0
217.0 178.0
209.0 192.0
199.0 193.0
199.0 193.0
179.0 202.0
213.0 188.0
209.0 192.0
213.0 188.0
199.0 193.0
199.0 193.0
213.0 188.0
199.0 193.0
199.0 193.0
