2451.0 216.0
2451.0 216.0
2490.0 180.0
2466.0 196.0
2455.0 200.0
2490.0 180.0
2466.0 196.0
2490.0 180.0
2466.0 196.0
2518.0 166.0
2518.0 166.0
2518.0 166.0
2490.0 180.0
2490.0 180.0
2455.0 200.0
2455.0 200.0
2455.0 200.0
2518.0 166.0
2490.0 180.0
2455.0 200.0
2455.0 200.0
2518.0 166.0
2455.0 200.0
2499.0 174.0
2471.0 188.0
2466.0 196.0
2483.0 186.0
2518.0 166.0
2483.0 186.0
2471.0 188.0
2518.0 166.0
2471.0 188.0
2466.0 196.0
2471.0 188.0
2455.0 200.0
2499.0 174.0
2471.0 188.0
2483.0 186.0
2471.0 188.0
2483.0 186.0
2518.0 166.0
2490.0 180.0
2466.0 196.0
2466.0 196.0
2483.0 186.0
2466.0 196.0
2483.0 186.0
2466.0 196.0
2499.0 174.0
2499.0 174.0
2490.0 180.0
2499.0 174.0
2471.0 188.0
2518.0 166.0
2499.0 174.0
2455.0 200.0
2518.0 166.0
2490.0 180.0
2483.0 186.0
2483.0 186.0
2471.0 188.0
2455.0 200.0
2490.0 180.0
2499.0 174.0
2455.0 200.0
2483.0 186.0
2499.0 174.0
2499.0 174.0
2499.0 174.0
2499.0 174.0
2499.0 174.0
2490.0 180.0
2466.0 196.0
2455.0 200.0
2518.0 166.0
2471.0 188.0
2471.0 188.0
2483.0 186.0
2490.0 180.0
2518.0 166.0
2471.0 188.0
2499.0 174.0
2466.0 196.0
2471.0 188.0
2483.0 186.0
2455.0 200.0
2490.0 180.0
2466.0 196.0
2483.0 186.0
2483.0 186.0
2455.0 200.0
2471.0 188.0
2518.0 166.0
2499.0 174.0
2490.0 180.0
2466.0 196.0
2471.0 188.0
2466.0 196.0
2518.0 166.0
2483.0 186.0
