13573.0 2776.0
13428.0 2818.0
13557.0 2779.0
13604.0 2765.0
13606.0 2762.0
13553.0 2785.0
13196.0 3087.0
13349.0 2861.0
13188.0 3112.0
13530.0 2787.0
13214.0 3016.0
13206.0 3036.0
13288.0 2901.0
13205.0 3039.0
13196.0 3087.0
13523.0 2789.0
13311.0 2883.0
13202.0 3052.0
13271.0 2927.0
13315.0 2882.0
13257.0 2941.0
13363.0 2851.0
13410.0 2827.0
13508.0 2794.0
13396.0 2831.0
13552.0 2786.0
13501.0 2796.0
13218.0 3011.0
13584.0 2769.0
13264.0 2939.0
13555.0 2782.0
13238.0 2971.0
13194.0 3096.0
13263.0 2940.0
13207.0 3024.0
13579.0 2772.0
13198.0 3068.0
13278.0 2916.0
13449.0 2807.0
13393.0 2833.0
13279.0 2909.0
13230.0 2978.0
13220.0 3008.0
13577.0 2775.0
13303.0 2893.0
13441.0 2813.0
13338.0 2864.0
13210.0 3020.0
13353.0 2856.0
13239.0 2966.0
13480.0 2799.0
13265.0 2933.0
13182.0 3142.0
13253.0 2942.0
13320.0 2875.0
13449.0 2807.0
13188.0 3112.0
13283.0 2908.0
13378.0 2841.0
13200.0 3053.0
13198.0 3068.0
13222.0 3006.0
13186.0 3134.0
13404.0 2828.0
13297.0 2898.0
13194.0 3096.0
13245.0 2957.0
13384.0 2840.0
13324.0 2874.0
13441.0 2813.0
13480.0 2799.0
13369.0 2849.0
13461.0 2805.0
13468.0 2801.0
13192.0 3104.0
13358.0 2853.0
13186.0 3134.0
13208.0 3021.0
13425.0 2819.0
13564.0 2777.0
13370.0 2845.0
13223.0 2986.0
13199.0 3056.0
13276.0 2919.0
13390.0 2838.0
13232.0 2974.0
13419.0 2820.0
13216.0 3012.0
13306.0 2890.0
13292.0 2900.0
13246.0 2950.0
13335.0 2867.0
13231.0 2975.0
13329.0 2872.0
13250.0 2949.0
13272.0 2920.0
13182.0 3142.0
13215.0 3013.0
13224.0 2983.0
13344.0 2863.0
