191.0 1276.0
192.0 1269.0
193.0 1252.0
194.0 1249.0
195.0 1236.0
196.0 1219.0
197.0 1211.0
198.0 1203.0
199.0 1180.0
201.0 1172.0
202.0 1165.0
203.0 1162.0
205.0 1157.0
206.0 1151.0
207.0 1148.0
208.0 1145.0
209.0 1139.0
210.0 1130.0
211.0 1127.0
212.0 1121.0
213.0 1112.0
214.0 1109.0
215.0 1107.0
216.0 1098.0
217.0 1095.0
218.0 1094.0
219.0 1087.0
221.0 1085.0
222.0 1080.0
223.0 1079.0
224.0 1075.0
227.0 1073.0
229.0 1065.0
230.0 1064.0
231.0 1063.0
232.0 1059.0
235.0 1053.0
238.0 1052.0
239.0 1043.0
244.0 1034.0
248.0 1028.0
250.0 1026.0
252.0 1022.0
254.0 1020.0
255.0 1017.0
256.0 1016.0
258.0 1013.0
259.0 1009.0
261.0 1006.0
262.0 1001.0
264.0 998.0
265.0 996.0
267.0 993.0
270.0 991.0
272.0 987.0
273.0 984.0
275.0 982.0
276.0 980.0
277.0 978.0
278.0 975.0
281.0 974.0
284.0 973.0
285.0 970.0
