524.0 1419.0
525.0 1367.0
526.0 1353.0
527.0 1343.0
528.0 1327.0
529.0 1320.0
530.0 1317.0
531.0 1301.0
532.0 1294.0
533.0 1288.0
534.0 1285.0
535.0 1269.0
536.0 1262.0
537.0 1259.0
538.0 1247.0
539.0 1241.0
540.0 1231.0
541.0 1225.0
542.0 1222.0
543.0 1219.0
545.0 1212.0
546.0 1204.0
548.0 1196.0
549.0 1193.0
550.0 1190.0
551.0 1189.0
552.0 1185.0
553.0 1180.0
554.0 1176.0
555.0 1174.0
556.0 1173.0
557.0 1169.0
558.0 1165.0
559.0 1163.0
561.0 1158.0
562.0 1156.0
564.0 1152.0
565.0 1148.0
566.0 1146.0
567.0 1145.0
568.0 1143.0
569.0 1136.0
571.0 1135.0
572.0 1132.0
575.0 1127.0
578.0 1123.0
582.0 1119.0
583.0 1115.0
584.0 1113.0
586.0 1111.0
587.0 1110.0
588.0 1105.0
589.0 1102.0
591.0 1100.0
593.0 1099.0
594.0 1095.0
596.0 1094.0
598.0 1093.0
599.0 1089.0
600.0 1087.0
602.0 1085.0
604.0 1079.0
606.0 1078.0
608.0 1070.0
611.0 1069.0
614.0 1067.0
617.0 1066.0
618.0 1065.0
621.0 1064.0
623.0 1061.0
627.0 1060.0
629.0 1058.0
636.0 1057.0
