15249.0 4264.0
15250.0 4259.0
15251.0 4222.0
15252.0 4217.0
15253.0 4215.0
15257.0 4209.0
15259.0 4206.0
15263.0 4197.0
15264.0 4192.0
15265.0 4190.0
15269.0 4184.0
15271.0 4181.0
15274.0 4156.0
15276.0 4142.0
15278.0 4140.0
15279.0 4138.0
15280.0 4126.0
15283.0 4122.0
15288.0 4119.0
15290.0 4113.0
15293.0 4109.0
15294.0 4103.0
15295.0 4100.0
15297.0 4086.0
15300.0 4082.0
15302.0 4078.0
15305.0 4074.0
15309.0 4066.0
15310.0 4064.0
15312.0 4062.0
15313.0 4060.0
15316.0 4058.0
15317.0 4056.0
15319.0 4048.0
15321.0 4043.0
15323.0 4042.0
15324.0 4039.0
15327.0 4036.0
15328.0 4027.0
15335.0 3904.0
15339.0 3884.0
15340.0 3876.0
15342.0 3858.0
15344.0 3848.0
15347.0 3845.0
15348.0 3827.0
15349.0 3819.0
15353.0 3812.0
15354.0 3804.0
15359.0 3796.0
15361.0 3784.0
15362.0 3776.0
15370.0 3767.0
15371.0 3761.0
15372.0 3753.0
15380.0 3744.0
15386.0 3738.0
15388.0 3735.0
15392.0 3725.0
15398.0 3719.0
15400.0 3716.0
15404.0 3715.0
15406.0 3712.0
15409.0 3710.0
15410.0 3708.0
15412.0 3701.0
15418.0 3695.0
15424.0 3691.0
15426.0 3688.0
15430.0 3684.0
15435.0 3682.0
15436.0 3678.0
15440.0 3677.0
15442.0 3674.0
15443.0 3673.0
15444.0 3671.0
15447.0 3668.0
15451.0 3664.0
15455.0 3658.0
15457.0 3655.0
15458.0 3652.0
15459.0 3644.0
15462.0 3636.0
15465.0 3629.0
15468.0 3626.0
15469.0 3618.0
15472.0 3611.0
15480.0 3603.0
15484.0 3599.0
15488.0 3595.0
15492.0 3591.0
15495.0 3590.0
15496.0 3587.0
15499.0 3586.0
15500.0 3583.0
15503.0 3582.0
15506.0 3579.0
15507.0 3578.0
15511.0 3574.0
15515.0 3570.0
15518.0 3567.0
15521.0 3566.0
15523.0 3565.0
15526.0 3564.0
15527.0 3562.0
15530.0 3559.0
15531.0 3556.0
15533.0 3554.0
15538.0 3552.0
15542.0 3549.0
15543.0 3544.0
15546.0 3543.0
15553.0 3542.0
15556.0 3541.0
15557.0 3536.0
15558.0 3531.0
15567.0 3528.0
15572.0 3525.0
15573.0 3524.0
15576.0 3523.0
15578.0 3515.0
15587.0 3514.0
15588.0 3511.0
15590.0 3503.0
15600.0 3494.0
15604.0 3493.0
15605.0 3489.0
15610.0 3485.0
15612.0 3482.0
15616.0 3481.0
15617.0 3477.0
15621.0 3474.0
15622.0 3473.0
15624.0 3471.0
15626.0 3467.0
15632.0 3465.0
15633.0 3462.0
15636.0 3459.0
15638.0 3455.0
15640.0 3453.0
15643.0 3450.0
15652.0 3441.0
15655.0 3438.0
15666.0 3437.0
15669.0 3434.0
15672.0 3431.0
15683.0 3430.0
15686.0 3427.0
15689.0 3426.0
15691.0 3424.0
15696.0 3423.0
15698.0 3422.0
15699.0 3420.0
15702.0 3417.0
15709.0 3413.0
15712.0 3410.0
15723.0 3409.0
15726.0 3406.0
15729.0 3403.0
15740.0 3402.0
15741.0 3398.0
15748.0 3395.0
15754.0 3390.0
15755.0 3389.0
15756.0 3385.0
15759.0 3382.0
15762.0 3380.0
15766.0 3378.0
15767.0 3377.0
15768.0 3376.0
15770.0 3370.0
15773.0 3368.0
15775.0 3366.0
15777.0 3364.0
15782.0 3360.0
15783.0 3359.0
15785.0 3351.0
15788.0 3349.0
15799.0 3346.0
15802.0 3344.0
15804.0 3342.0
15808.0 3341.0
15809.0 3340.0
15811.0 3332.0
15814.0 3330.0
15826.0 3324.0
15829.0 3322.0
15834.0 3321.0
15837.0 3319.0
15846.0 3318.0
15847.0 3316.0
15850.0 3314.0
15853.0 3312.0
15856.0 3311.0
15857.0 3310.0
15859.0 3309.0
15860.0 3302.0
15863.0 3300.0
15870.0 3297.0
15873.0 3295.0
15875.0 3294.0
15878.0 3292.0
15885.0 3290.0
15888.0 3288.0
15891.0 3287.0
15894.0 3286.0
15896.0 3278.0
15899.0 3276.0
15911.0 3270.0
15914.0 3268.0
15926.0 3266.0
15929.0 3264.0
15932.0 3262.0
15935.0 3260.0
15941.0 3258.0
15942.0 3256.0
15945.0 3254.0
15950.0 3252.0
15957.0 3248.0
15960.0 3246.0
15969.0 3245.0
15976.0 3243.0
15979.0 3241.0
15983.0 3239.0
15986.0 3237.0
15997.0 3234.0
16006.0 3233.0
16012.0 3228.0
16015.0 3226.0
16024.0 3222.0
16027.0 3220.0
16033.0 3219.0
16045.0 3213.0
16070.0 3212.0
16073.0 3210.0
16078.0 3209.0
16081.0 3207.0
16082.0 3206.0
16090.0 3203.0
16093.0 3201.0
16111.0 3199.0
16114.0 3198.0
16121.0 3196.0
16123.0 3193.0
16126.0 3192.0
16133.0 3190.0
16141.0 3187.0
16153.0 3181.0
16199.0 3177.0
16239.0 3176.0
16245.0 3171.0
16259.0 3167.0
16299.0 3163.0
16371.0 3161.0
16381.0 3160.0
16443.0 3159.0
