29820.0 11589.0
29821.0 11486.0
29822.0 11456.0
29824.0 11453.0
29827.0 11448.0
29828.0 11418.0
29829.0 11405.0
29831.0 11402.0
29833.0 11376.0
29835.0 11367.0
29837.0 11364.0
29838.0 11348.0
29839.0 11338.0
29841.0 11335.0
29844.0 11329.0
29845.0 11319.0
29848.0 11316.0
29850.0 11308.0
29851.0 11298.0
29854.0 11295.0
29856.0 11290.0
29858.0 11289.0
29859.0 11280.0
29862.0 11269.0
29864.0 11268.0
29865.0 11266.0
29867.0 11265.0
29871.0 11254.0
29872.0 11249.0
29874.0 11248.0
29879.0 11227.0
29880.0 11214.0
29882.0 11203.0
29883.0 11200.0
29885.0 11185.0
29888.0 11180.0
29891.0 11166.0
29894.0 11164.0
29896.0 11146.0
29902.0 11130.0
29905.0 11121.0
29906.0 11118.0
29907.0 11109.0
29908.0 11106.0
29910.0 11102.0
29911.0 11092.0
29913.0 11086.0
29914.0 11074.0
29916.0 11062.0
29923.0 11057.0
29924.0 11056.0
29926.0 11043.0
29928.0 11038.0
29931.0 11031.0
29936.0 11030.0
29937.0 11028.0
29938.0 11026.0
29939.0 11023.0
29942.0 11011.0
29946.0 10999.0
29949.0 10995.0
29952.0 10994.0
29954.0 10993.0
29955.0 10984.0
29957.0 10983.0
29958.0 10981.0
29959.0 10972.0
29961.0 10971.0
29962.0 10968.0
29964.0 10967.0
29965.0 10965.0
29969.0 10962.0
29970.0 10956.0
29973.0 10950.0
29974.0 10944.0
29977.0 10938.0
29980.0 10934.0
29985.0 10932.0
29988.0 10922.0
29991.0 10921.0
29992.0 10910.0
29995.0 10906.0
29997.0 10905.0
30000.0 10901.0
30003.0 10900.0
30004.0 10898.0
30006.0 10890.0
30008.0 10889.0
30010.0 10878.0
30012.0 10877.0
30013.0 10874.0
30015.0 10873.0
30018.0 10872.0
30020.0 10871.0
30021.0 10868.0
30023.0 10867.0
30026.0 10864.0
30028.0 10863.0
30033.0 10859.0
30034.0 10857.0
30036.0 10855.0
30038.0 10845.0
30040.0 10844.0
30041.0 10841.0
30043.0 10840.0
30046.0 10839.0
30048.0 10837.0
30049.0 10835.0
30051.0 10833.0
30053.0 10826.0
30055.0 10825.0
30064.0 10820.0
30066.0 10819.0
30069.0 10818.0
30071.0 10816.0
30072.0 10813.0
30073.0 10800.0
30075.0 10799.0
30081.0 10793.0
30083.0 10792.0
30092.0 10787.0
30094.0 10781.0
30096.0 10780.0
30100.0 10779.0
30101.0 10767.0
30103.0 10766.0
30112.0 10765.0
30114.0 10764.0
30119.0 10763.0
30120.0 10756.0
30122.0 10748.0
30124.0 10747.0
30128.0 10746.0
30130.0 10745.0
30131.0 10743.0
30133.0 10742.0
30137.0 10741.0
30142.0 10737.0
30144.0 10736.0
30147.0 10731.0
30149.0 10727.0
30151.0 10726.0
30152.0 10724.0
30154.0 10723.0
30158.0 10722.0
30160.0 10721.0
30163.0 10719.0
30165.0 10717.0
30167.0 10716.0
30168.0 10712.0
30170.0 10711.0
30174.0 10710.0
30175.0 10709.0
30176.0 10707.0
30178.0 10706.0
30179.0 10703.0
30180.0 10702.0
30182.0 10701.0
30183.0 10698.0
30185.0 10697.0
30187.0 10694.0
30189.0 10693.0
30190.0 10689.0
30192.0 10688.0
30193.0 10685.0
30195.0 10684.0
30200.0 10681.0
30201.0 10678.0
30203.0 10677.0
30204.0 10674.0
30206.0 10673.0
30208.0 10669.0
30210.0 10668.0
30211.0 10665.0
30213.0 10664.0
30218.0 10661.0
30220.0 10660.0
30221.0 10657.0
30223.0 10656.0
30225.0 10653.0
30227.0 10652.0
30228.0 10648.0
30230.0 10647.0
30231.0 10644.0
30233.0 10643.0
30239.0 10637.0
30241.0 10636.0
30242.0 10633.0
30244.0 10632.0
30246.0 10628.0
30248.0 10627.0
30249.0 10624.0
30251.0 10623.0
30261.0 10619.0
30263.0 10618.0
30264.0 10615.0
30266.0 10614.0
30272.0 10613.0
30273.0 10609.0
30275.0 10608.0
30279.0 10606.0
30283.0 10605.0
30285.0 10604.0
30288.0 10600.0
30290.0 10599.0
30291.0 10598.0
30293.0 10597.0
30295.0 10596.0
30299.0 10595.0
30302.0 10593.0
30303.0 10591.0
30306.0 10589.0
30307.0 10588.0
30309.0 10587.0
30314.0 10583.0
30316.0 10582.0
30319.0 10580.0
30321.0 10579.0
30323.0 10575.0
30326.0 10569.0
30329.0 10565.0
30337.0 10560.0
30340.0 10556.0
30349.0 10554.0
30352.0 10550.0
30361.0 10549.0
30362.0 10546.0
30364.0 10541.0
30375.0 10539.0
30376.0 10535.0
30381.0 10534.0
30386.0 10530.0
30388.0 10529.0
30390.0 10528.0
30392.0 10527.0
30394.0 10526.0
30397.0 10523.0
30398.0 10521.0
30401.0 10520.0
30406.0 10519.0
30409.0 10517.0
30410.0 10515.0
30412.0 10510.0
30419.0 10507.0
30420.0 10504.0
30426.0 10502.0
30427.0 10501.0
30430.0 10498.0
30432.0 10496.0
30433.0 10493.0
30437.0 10490.0
30440.0 10487.0
30445.0 10485.0
30447.0 10483.0
30451.0 10480.0
30452.0 10478.0
30453.0 10476.0
30457.0 10473.0
30461.0 10469.0
30462.0 10467.0
30464.0 10465.0
30471.0 10462.0
30473.0 10460.0
30475.0 10458.0
30476.0 10456.0
30478.0 10454.0
30480.0 10453.0
30481.0 10452.0
30483.0 10450.0
30487.0 10449.0
30488.0 10444.0
30490.0 10442.0
30495.0 10441.0
30497.0 10439.0
30500.0 10438.0
30502.0 10433.0
30504.0 10431.0
30513.0 10429.0
30514.0 10427.0
30516.0 10425.0
30520.0 10423.0
30523.0 10421.0
30525.0 10418.0
30528.0 10417.0
30532.0 10416.0
30533.0 10411.0
30535.0 10409.0
30536.0 10407.0
30537.0 10406.0
30544.0 10405.0
30545.0 10401.0
30546.0 10399.0
30548.0 10395.0
30554.0 10394.0
30556.0 10390.0
30557.0 10389.0
30560.0 10385.0
30566.0 10382.0
30568.0 10378.0
30572.0 10377.0
30575.0 10376.0
30576.0 10375.0
30578.0 10372.0
30580.0 10368.0
30588.0 10365.0
30590.0 10363.0
30591.0 10362.0
30592.0 10360.0
30595.0 10359.0
30600.0 10357.0
30602.0 10356.0
30604.0 10355.0
30606.0 10353.0
30611.0 10351.0
30613.0 10350.0
30614.0 10346.0
30622.0 10343.0
30625.0 10340.0
30631.0 10338.0
30633.0 10337.0
30639.0 10333.0
30643.0 10328.0
30654.0 10327.0
30655.0 10325.0
30660.0 10324.0
30661.0 10323.0
30666.0 10320.0
30667.0 10319.0
30672.0 10315.0
30675.0 10314.0
30682.0 10312.0
30687.0 10310.0
30689.0 10309.0
30692.0 10308.0
30694.0 10303.0
30696.0 10299.0
30703.0 10295.0
30704.0 10293.0
30710.0 10292.0
30711.0 10289.0
30714.0 10287.0
30718.0 10286.0
30720.0 10285.0
30721.0 10283.0
30726.0 10282.0
30727.0 10280.0
30729.0 10279.0
30734.0 10276.0
30736.0 10275.0
30737.0 10273.0
30740.0 10272.0
30742.0 10271.0
30744.0 10265.0
30746.0 10261.0
30753.0 10257.0
30754.0 10255.0
30756.0 10254.0
30761.0 10251.0
30763.0 10250.0
30764.0 10248.0
30770.0 10246.0
30771.0 10244.0
30773.0 10243.0
30774.0 10242.0
30775.0 10241.0
30776.0 10239.0
30780.0 10236.0
30784.0 10230.0
30790.0 10228.0
30791.0 10223.0
30797.0 10221.0
30798.0 10220.0
30803.0 10219.0
30804.0 10218.0
30809.0 10217.0
30810.0 10213.0
30814.0 10206.0
30820.0 10204.0
30821.0 10203.0
30827.0 10201.0
30828.0 10200.0
30835.0 10197.0
30839.0 10193.0
30844.0 10191.0
30846.0 10190.0
30847.0 10189.0
30848.0 10184.0
30855.0 10181.0
30858.0 10178.0
30863.0 10172.0
30869.0 10170.0
30870.0 10169.0
30876.0 10167.0
30877.0 10166.0
30879.0 10164.0
30884.0 10163.0
30886.0 10160.0
30888.0 10159.0
30890.0 10158.0
30893.0 10157.0
30895.0 10155.0
30897.0 10150.0
30904.0 10147.0
30911.0 10144.0
30917.0 10140.0
30920.0 10139.0
30922.0 10138.0
30923.0 10136.0
30926.0 10135.0
30929.0 10134.0
30933.0 10127.0
30942.0 10125.0
30945.0 10124.0
30947.0 10122.0
30949.0 10119.0
30957.0 10114.0
30962.0 10113.0
30965.0 10112.0
30968.0 10111.0
30969.0 10104.0
30976.0 10101.0
30979.0 10100.0
30981.0 10099.0
30984.0 10098.0
30985.0 10097.0
30986.0 10093.0
30989.0 10092.0
30991.0 10090.0
30994.0 10089.0
30996.0 10087.0
30999.0 10084.0
31002.0 10079.0
31005.0 10078.0
31010.0 10067.0
31013.0 10066.0
31020.0 10061.0
31023.0 10060.0
31028.0 10058.0
31031.0 10057.0
31032.0 10053.0
31034.0 10047.0
31037.0 10046.0
31044.0 10041.0
31047.0 10040.0
31053.0 10039.0
31055.0 10037.0
31056.0 10034.0
31059.0 10032.0
31062.0 10031.0
31064.0 10029.0
31066.0 10027.0
31069.0 10026.0
31072.0 10025.0
31074.0 10023.0
31076.0 10021.0
31079.0 10020.0
31081.0 10018.0
31084.0 10017.0
31086.0 10012.0
31089.0 10011.0
31096.0 10006.0
31099.0 10005.0
31104.0 10003.0
31107.0 10002.0
31108.0 9999.0
31111.0 9998.0
31114.0 9997.0
31117.0 9996.0
31118.0 9993.0
31121.0 9992.0
31124.0 9991.0
31126.0 9990.0
31127.0 9989.0
31130.0 9988.0
31133.0 9985.0
31136.0 9984.0
31137.0 9983.0
31140.0 9982.0
31143.0 9979.0
31146.0 9978.0
31149.0 9976.0
31152.0 9975.0
31159.0 9970.0
31162.0 9969.0
31168.0 9967.0
31169.0 9966.0
31175.0 9962.0
31184.0 9960.0
31185.0 9957.0
31189.0 9954.0
31190.0 9951.0
31199.0 9949.0
31202.0 9945.0
31206.0 9944.0
31211.0 9940.0
31212.0 9938.0
31216.0 9934.0
31220.0 9933.0
31224.0 9932.0
31226.0 9929.0
31230.0 9928.0
31232.0 9926.0
31234.0 9925.0
31235.0 9924.0
31238.0 9921.0
31240.0 9918.0
31244.0 9917.0
31248.0 9916.0
31252.0 9915.0
31254.0 9913.0
31257.0 9911.0
31261.0 9910.0
31262.0 9905.0
31266.0 9904.0
31274.0 9903.0
31276.0 9900.0
31278.0 9898.0
31280.0 9896.0
31282.0 9894.0
31284.0 9892.0
31289.0 9891.0
31290.0 9889.0
31292.0 9887.0
31294.0 9885.0
31296.0 9884.0
31300.0 9882.0
31302.0 9880.0
31303.0 9879.0
31305.0 9878.0
31307.0 9876.0
31312.0 9874.0
31313.0 9873.0
31315.0 9870.0
31317.0 9868.0
31319.0 9867.0
31321.0 9865.0
31327.0 9862.0
31329.0 9860.0
31339.0 9858.0
31342.0 9854.0
31344.0 9852.0
31349.0 9851.0
31355.0 9850.0
31360.0 9849.0
31362.0 9847.0
31364.0 9845.0
31369.0 9844.0
31373.0 9841.0
31375.0 9839.0
31380.0 9838.0
31386.0 9836.0
31387.0 9831.0
31389.0 9829.0
31394.0 9828.0
31400.0 9826.0
31405.0 9825.0
31411.0 9823.0
31416.0 9822.0
31418.0 9820.0
31420.0 9818.0
31425.0 9817.0
31428.0 9813.0
31440.0 9811.0
31445.0 9810.0
31446.0 9808.0
31448.0 9806.0
31453.0 9805.0
31456.0 9803.0
31461.0 9802.0
31465.0 9800.0
31470.0 9799.0
31476.0 9797.0
31481.0 9796.0
31482.0 9795.0
31490.0 9791.0
31498.0 9790.0
31503.0 9788.0
31507.0 9785.0
31508.0 9784.0
31512.0 9780.0
31515.0 9779.0
31516.0 9778.0
31519.0 9775.0
31520.0 9774.0
31527.0 9773.0
31528.0 9772.0
31530.0 9771.0
31534.0 9768.0
31535.0 9766.0
31539.0 9763.0
31542.0 9761.0
31543.0 9760.0
31546.0 9758.0
31547.0 9757.0
31559.0 9756.0
31560.0 9754.0
31564.0 9751.0
31567.0 9749.0
31568.0 9748.0
31571.0 9746.0
31572.0 9745.0
31598.0 9744.0
31600.0 9743.0
31602.0 9741.0
31604.0 9740.0
31606.0 9739.0
31607.0 9738.0
31610.0 9736.0
31614.0 9733.0
31621.0 9729.0
31632.0 9725.0
31635.0 9716.0
31653.0 9715.0
31654.0 9712.0
31671.0 9706.0
31678.0 9703.0
31685.0 9701.0
31710.0 9698.0
31732.0 9697.0
31733.0 9695.0
31738.0 9693.0
31739.0 9692.0
31740.0 9691.0
31746.0 9690.0
31748.0 9688.0
31752.0 9682.0
31758.0 9681.0
31765.0 9680.0
31771.0 9679.0
31775.0 9676.0
31777.0 9670.0
31783.0 9669.0
31809.0 9665.0
31815.0 9664.0
31831.0 9663.0
31835.0 9662.0
31841.0 9660.0
31847.0 9659.0
31867.0 9657.0
31869.0 9655.0
31877.0 9653.0
31889.0 9651.0
31895.0 9647.0
31917.0 9645.0
31935.0 9643.0
31936.0 9641.0
31951.0 9637.0
31978.0 9636.0
31983.0 9635.0
31999.0 9631.0
32024.0 9629.0
32039.0 9625.0
32066.0 9624.0
32092.0 9621.0
32113.0 9620.0
32125.0 9619.0
32146.0 9618.0
32173.0 9617.0
32194.0 9613.0
32215.0 9612.0
32248.0 9611.0
32436.0 9609.0
32449.0 9608.0
32453.0 9607.0
32461.0 9606.0
32463.0 9604.0
32477.0 9599.0
32500.0 9597.0
32502.0 9593.0
32520.0 9589.0
32528.0 9587.0
32546.0 9583.0
32569.0 9581.0
32574.0 9580.0
32582.0 9578.0
32596.0 9576.0
32600.0 9574.0
32623.0 9572.0
32632.0 9571.0
32640.0 9570.0
32650.0 9567.0
32664.0 9566.0
32678.0 9565.0
32687.0 9564.0
32690.0 9563.0
32714.0 9559.0
32758.0 9558.0
