74.0 645.0
110.0 484.0
110.0 484.0
74.0 645.0
75.0 643.0
76.0 607.0
103.0 496.0
86.0 534.0
98.0 497.0
89.0 524.0
92.0 523.0
96.0 499.0
85.0 545.0
107.0 488.0
105.0 490.0
86.0 534.0
95.0 509.0
79.0 587.0
80.0 577.0
89.0 524.0
107.0 488.0
80.0 577.0
82.0 563.0
78.0 595.0
83.0 555.0
79.0 587.0
81.0 569.0
93.0 515.0
83.0 555.0
84.0 548.0
105.0 490.0
76.0 607.0
81.0 569.0
77.0 601.0
82.0 563.0
78.0 595.0
77.0 601.0
98.0 497.0
103.0 496.0
93.0 515.0
84.0 548.0
94.0 512.0
85.0 545.0
94.0 512.0
95.0 509.0
96.0 499.0
75.0 643.0
92.0 523.0
110.0 484.0
74.0 645.0
86.0 534.0
89.0 524.0
107.0 488.0
80.0 577.0
79.0 587.0
83.0 555.0
105.0 490.0
76.0 607.0
81.0 569.0
78.0 595.0
77.0 601.0
82.0 563.0
98.0 497.0
103.0 496.0
93.0 515.0
84.0 548.0
95.0 509.0
85.0 545.0
94.0 512.0
96.0 499.0
75.0 643.0
92.0 523.0
110.0 484.0
74.0 645.0
86.0 534.0
89.0 524.0
107.0 488.0
80.0 577.0
79.0 587.0
83.0 555.0
105.0 490.0
76.0 607.0
81.0 569.0
78.0 595.0
77.0 601.0
82.0 563.0
98.0 497.0
103.0 496.0
93.0 515.0
84.0 548.0
85.0 545.0
94.0 512.0
95.0 509.0
96.0 499.0
75.0 643.0
92.0 523.0
110.0 484.0
74.0 645.0
86.0 534.0
89.0 524.0
