716.0 1103.0
781.0 819.0
716.0 1103.0
781.0 819.0
717.0 1096.0
718.0 1065.0
774.0 821.0
721.0 1037.0
720.0 1053.0
721.0 1037.0
722.0 1021.0
725.0 1004.0
726.0 990.0
747.0 885.0
749.0 881.0
735.0 939.0
740.0 916.0
741.0 906.0
736.0 929.0
765.0 838.0
772.0 824.0
737.0 928.0
729.0 973.0
730.0 964.0
745.0 894.0
751.0 872.0
732.0 955.0
728.0 981.0
724.0 1012.0
729.0 973.0
725.0 1004.0
733.0 947.0
763.0 840.0
718.0 1065.0
731.0 962.0
746.0 892.0
717.0 1096.0
732.0 955.0
719.0 1058.0
765.0 838.0
753.0 868.0
743.0 902.0
744.0 896.0
750.0 875.0
754.0 862.0
770.0 829.0
767.0 833.0
768.0 832.0
719.0 1058.0
727.0 986.0
723.0 1017.0
739.0 921.0
767.0 833.0
720.0 1053.0
740.0 916.0
728.0 981.0
724.0 1012.0
722.0 1021.0
726.0 990.0
747.0 885.0
733.0 947.0
771.0 828.0
757.0 856.0
734.0 943.0
749.0 881.0
727.0 986.0
723.0 1017.0
734.0 943.0
735.0 939.0
758.0 852.0
738.0 924.0
742.0 905.0
750.0 875.0
768.0 832.0
738.0 924.0
752.0 871.0
761.0 846.0
762.0 843.0
753.0 868.0
743.0 902.0
770.0 829.0
762.0 843.0
739.0 921.0
774.0 821.0
730.0 964.0
755.0 860.0
756.0 858.0
773.0 823.0
763.0 840.0
744.0 896.0
754.0 862.0
758.0 852.0
759.0 850.0
760.0 848.0
746.0 892.0
755.0 860.0
756.0 858.0
757.0 856.0
759.0 850.0
760.0 848.0
