849.0 963.0
877.0 789.0
849.0 963.0
877.0 789.0
865.0 842.0
876.0 799.0
862.0 843.0
873.0 805.0
850.0 952.0
851.0 941.0
850.0 952.0
852.0 930.0
851.0 941.0
860.0 861.0
858.0 879.0
861.0 851.0
859.0 869.0
866.0 832.0
852.0 930.0
853.0 921.0
854.0 912.0
853.0 921.0
854.0 912.0
855.0 903.0
861.0 851.0
859.0 869.0
855.0 903.0
856.0 895.0
857.0 887.0
860.0 861.0
856.0 895.0
858.0 879.0
857.0 887.0
871.0 814.0
872.0 807.0
873.0 805.0
870.0 820.0
876.0 799.0
871.0 814.0
867.0 830.0
868.0 825.0
869.0 823.0
870.0 820.0
866.0 832.0
872.0 807.0
868.0 825.0
867.0 830.0
869.0 823.0
862.0 843.0
865.0 842.0
849.0 963.0
877.0 789.0
850.0 952.0
851.0 941.0
852.0 930.0
853.0 921.0
854.0 912.0
861.0 851.0
859.0 869.0
855.0 903.0
856.0 895.0
860.0 861.0
858.0 879.0
857.0 887.0
873.0 805.0
876.0 799.0
871.0 814.0
870.0 820.0
866.0 832.0
872.0 807.0
868.0 825.0
869.0 823.0
867.0 830.0
862.0 843.0
865.0 842.0
849.0 963.0
877.0 789.0
851.0 941.0
850.0 952.0
852.0 930.0
853.0 921.0
854.0 912.0
859.0 869.0
861.0 851.0
855.0 903.0
856.0 895.0
858.0 879.0
857.0 887.0
860.0 861.0
873.0 805.0
876.0 799.0
871.0 814.0
870.0 820.0
866.0 832.0
872.0 807.0
868.0 825.0
869.0 823.0
867.0 830.0
862.0 843.0
865.0 842.0
