104.0 1147.0
163.0 857.0
163.0 857.0
104.0 1147.0
106.0 1103.0
108.0 1081.0
109.0 1054.0
105.0 1129.0
111.0 1030.0
157.0 865.0
161.0 861.0
144.0 887.0
107.0 1085.0
105.0 1129.0
148.0 884.0
117.0 980.0
110.0 1045.0
113.0 1024.0
157.0 865.0
151.0 881.0
154.0 870.0
131.0 922.0
148.0 884.0
114.0 1014.0
116.0 992.0
115.0 1002.0
133.0 917.0
119.0 978.0
126.0 946.0
115.0 1002.0
126.0 946.0
114.0 1014.0
116.0 992.0
128.0 936.0
137.0 907.0
109.0 1054.0
110.0 1045.0
161.0 861.0
130.0 930.0
141.0 896.0
111.0 1030.0
125.0 952.0
113.0 1024.0
120.0 972.0
134.0 911.0
128.0 936.0
135.0 910.0
139.0 901.0
154.0 870.0
131.0 922.0
139.0 901.0
121.0 968.0
129.0 935.0
122.0 963.0
138.0 902.0
133.0 917.0
130.0 930.0
141.0 896.0
107.0 1085.0
120.0 972.0
122.0 963.0
153.0 874.0
123.0 959.0
143.0 891.0
123.0 959.0
124.0 955.0
152.0 877.0
108.0 1081.0
121.0 968.0
144.0 887.0
135.0 910.0
124.0 955.0
152.0 877.0
142.0 894.0
125.0 952.0
153.0 874.0
151.0 881.0
137.0 907.0
143.0 891.0
117.0 980.0
119.0 978.0
142.0 894.0
134.0 911.0
138.0 902.0
129.0 935.0
163.0 857.0
104.0 1147.0
105.0 1129.0
157.0 865.0
148.0 884.0
115.0 1002.0
126.0 946.0
114.0 1014.0
116.0 992.0
109.0 1054.0
110.0 1045.0
161.0 861.0
111.0 1030.0
113.0 1024.0
128.0 936.0
