429.0 1240.0
518.0 994.0
518.0 994.0
429.0 1240.0
434.0 1175.0
497.0 1011.0
506.0 1009.0
433.0 1199.0
430.0 1224.0
464.0 1067.0
436.0 1163.0
480.0 1038.0
467.0 1066.0
431.0 1220.0
432.0 1207.0
463.0 1077.0
434.0 1175.0
476.0 1045.0
477.0 1039.0
470.0 1059.0
461.0 1080.0
481.0 1033.0
459.0 1088.0
473.0 1047.0
436.0 1163.0
432.0 1207.0
457.0 1103.0
459.0 1088.0
433.0 1199.0
458.0 1095.0
472.0 1051.0
438.0 1157.0
445.0 1130.0
485.0 1031.0
468.0 1061.0
452.0 1109.0
443.0 1136.0
494.0 1017.0
456.0 1104.0
491.0 1021.0
458.0 1095.0
472.0 1051.0
491.0 1021.0
496.0 1015.0
449.0 1118.0
494.0 1017.0
454.0 1105.0
484.0 1032.0
443.0 1136.0
438.0 1157.0
445.0 1130.0
461.0 1080.0
511.0 1001.0
451.0 1114.0
441.0 1146.0
447.0 1124.0
439.0 1152.0
442.0 1141.0
439.0 1152.0
448.0 1119.0
442.0 1141.0
440.0 1147.0
446.0 1125.0
489.0 1023.0
509.0 1005.0
515.0 997.0
507.0 1007.0
489.0 1023.0
470.0 1059.0
487.0 1025.0
430.0 1224.0
452.0 1109.0
486.0 1027.0
431.0 1220.0
454.0 1105.0
514.0 998.0
516.0 996.0
512.0 1000.0
450.0 1115.0
463.0 1077.0
497.0 1011.0
473.0 1047.0
512.0 1000.0
468.0 1061.0
516.0 996.0
507.0 1007.0
487.0 1025.0
486.0 1027.0
510.0 1003.0
509.0 1005.0
506.0 1009.0
476.0 1045.0
514.0 998.0
496.0 1015.0
510.0 1003.0
464.0 1067.0
477.0 1039.0
481.0 1033.0
440.0 1147.0
446.0 1125.0
