3262.0 493.0
2640.0 694.0
3262.0 493.0
2640.0 694.0
2656.0 618.0
2642.0 671.0
2910.0 515.0
3030.0 512.0
3086.0 507.0
3170.0 499.0
2866.0 522.0
2642.0 671.0
3086.0 507.0
3170.0 499.0
3030.0 512.0
2720.0 580.0
2856.0 538.0
2906.0 521.0
3220.0 497.0
2710.0 592.0
2656.0 618.0
3230.0 495.0
2692.0 598.0
2846.0 545.0
2666.0 610.0
2760.0 562.0
2856.0 538.0
2744.0 578.0
2780.0 560.0
2710.0 592.0
2832.0 549.0
2692.0 598.0
2684.0 604.0
2800.0 557.0
2780.0 560.0
2832.0 549.0
2666.0 610.0
2846.0 545.0
2816.0 552.0
2676.0 606.0
2752.0 571.0
2758.0 566.0
2758.0 566.0
2748.0 572.0
2720.0 580.0
3230.0 495.0
2676.0 606.0
3220.0 497.0
2746.0 576.0
2812.0 554.0
2804.0 555.0
2684.0 604.0
2910.0 515.0
2816.0 552.0
2800.0 557.0
2866.0 522.0
2752.0 571.0
2760.0 562.0
2746.0 576.0
2744.0 578.0
2804.0 555.0
2812.0 554.0
2906.0 521.0
2748.0 572.0
3262.0 493.0
2640.0 694.0
2642.0 671.0
3086.0 507.0
3170.0 499.0
3030.0 512.0
2656.0 618.0
2856.0 538.0
2710.0 592.0
2692.0 598.0
2780.0 560.0
2832.0 549.0
2666.0 610.0
2846.0 545.0
2758.0 566.0
2720.0 580.0
3230.0 495.0
2676.0 606.0
3220.0 497.0
2684.0 604.0
2910.0 515.0
2816.0 552.0
2800.0 557.0
2866.0 522.0
2752.0 571.0
2760.0 562.0
2744.0 578.0
2746.0 576.0
2804.0 555.0
2812.0 554.0
2906.0 521.0
2748.0 572.0
3262.0 493.0
2640.0 694.0
2642.0 671.0
3086.0 507.0
