5722.0 743.0
6460.0 537.0
6460.0 537.0
5722.0 743.0
6380.0 538.0
5822.0 671.0
5794.0 684.0
5936.0 637.0
6046.0 592.0
5794.0 684.0
6182.0 572.0
5940.0 624.0
5950.0 618.0
5758.0 700.0
6136.0 574.0
6008.0 608.0
5738.0 719.0
5886.0 655.0
5772.0 693.0
5772.0 693.0
6038.0 606.0
6300.0 545.0
6044.0 602.0
5730.0 730.0
5750.0 711.0
6248.0 558.0
6336.0 543.0
6348.0 540.0
5822.0 671.0
5912.0 644.0
5984.0 617.0
6214.0 559.0
5882.0 661.0
6380.0 538.0
6202.0 560.0
5922.0 638.0
6074.0 588.0
5848.0 668.0
6104.0 584.0
6078.0 586.0
5758.0 700.0
6132.0 576.0
6108.0 582.0
5906.0 652.0
5728.0 735.0
6200.0 565.0
5748.0 716.0
5912.0 644.0
6000.0 614.0
5730.0 730.0
5750.0 711.0
5940.0 624.0
6108.0 582.0
6132.0 576.0
5904.0 654.0
5856.0 666.0
5728.0 735.0
6264.0 556.0
6280.0 550.0
5856.0 666.0
5874.0 662.0
5874.0 662.0
6248.0 558.0
6188.0 567.0
5738.0 719.0
5848.0 668.0
6074.0 588.0
5994.0 616.0
6290.0 549.0
6046.0 592.0
6044.0 602.0
6214.0 559.0
6008.0 608.0
6348.0 540.0
6298.0 547.0
6278.0 552.0
6000.0 614.0
6270.0 554.0
6184.0 569.0
5950.0 618.0
5922.0 638.0
5984.0 617.0
6270.0 554.0
5906.0 652.0
6264.0 556.0
6038.0 606.0
5748.0 716.0
6290.0 549.0
6340.0 542.0
6136.0 574.0
6078.0 586.0
6188.0 567.0
6340.0 542.0
6104.0 584.0
6336.0 543.0
5994.0 616.0
6300.0 545.0
6184.0 569.0
6298.0 547.0
6278.0 552.0
