16550.0 1284.0
17118.0 1035.0
17118.0 1035.0
16550.0 1284.0
17057.0 1037.0
16577.0 1213.0
16576.0 1237.0
17112.0 1036.0
16932.0 1057.0
17037.0 1042.0
17000.0 1043.0
16561.0 1274.0
16907.0 1066.0
16969.0 1056.0
16870.0 1067.0
16602.0 1173.0
16622.0 1150.0
16562.0 1260.0
16620.0 1161.0
16591.0 1187.0
16552.0 1276.0
16927.0 1061.0
16980.0 1048.0
16609.0 1172.0
16588.0 1203.0
16591.0 1187.0
16667.0 1134.0
16646.0 1144.0
16611.0 1164.0
16833.0 1079.0
16565.0 1251.0
16811.0 1081.0
16912.0 1062.0
16577.0 1213.0
16588.0 1203.0
16803.0 1082.0
16801.0 1087.0
16565.0 1251.0
16634.0 1145.0
16850.0 1072.0
16679.0 1130.0
16570.0 1242.0
17057.0 1037.0
17000.0 1043.0
17037.0 1042.0
16562.0 1260.0
16672.0 1131.0
16648.0 1137.0
16980.0 1048.0
16589.0 1195.0
16782.0 1091.0
16701.0 1117.0
16841.0 1077.0
16589.0 1195.0
16744.0 1102.0
16653.0 1135.0
16717.0 1110.0
16732.0 1108.0
16787.0 1089.0
16572.0 1241.0
16750.0 1098.0
16696.0 1120.0
16758.0 1097.0
16734.0 1105.0
16862.0 1069.0
16681.0 1125.0
16850.0 1072.0
16971.0 1053.0
16714.0 1114.0
16862.0 1069.0
16686.0 1123.0
16634.0 1145.0
16841.0 1077.0
16622.0 1150.0
16971.0 1053.0
16602.0 1173.0
16744.0 1102.0
16811.0 1081.0
16768.0 1094.0
16833.0 1079.0
16760.0 1095.0
16774.0 1092.0
16716.0 1113.0
16701.0 1117.0
16686.0 1123.0
16696.0 1120.0
16870.0 1067.0
16725.0 1109.0
16793.0 1088.0
16576.0 1237.0
16725.0 1109.0
16611.0 1164.0
16734.0 1105.0
16620.0 1161.0
16714.0 1114.0
16750.0 1098.0
16774.0 1092.0
16793.0 1088.0
17112.0 1036.0
16768.0 1094.0
