13072.0 3257.0
13922.0 2632.0
13072.0 3257.0
13922.0 2632.0
13082.0 3162.0
13080.0 3237.0
13704.0 2687.0
13101.0 3121.0
13394.0 2867.0
13734.0 2670.0
13620.0 2731.0
13194.0 2994.0
13406.0 2854.0
13537.0 2782.0
13240.0 2959.0
13490.0 2822.0
13678.0 2693.0
13114.0 3113.0
13379.0 2872.0
13421.0 2851.0
13182.0 3010.0
13250.0 2950.0
13434.0 2844.0
13547.0 2768.0
13235.0 2974.0
13277.0 2932.0
13476.0 2824.0
13569.0 2756.0
13509.0 2799.0
13860.0 2638.0
13294.0 2926.0
13867.0 2635.0
13131.0 3079.0
13718.0 2676.0
13675.0 2697.0
13115.0 3100.0
13192.0 3007.0
13898.0 2634.0
13275.0 2941.0
13215.0 2988.0
13520.0 2797.0
13164.0 3035.0
13170.0 3021.0
13339.0 2898.0
13353.0 2885.0
13294.0 2926.0
13216.0 2980.0
13837.0 2640.0
13097.0 3139.0
13080.0 3237.0
13125.0 3081.0
13523.0 2786.0
13627.0 2718.0
13595.0 2740.0
13574.0 2751.0
13316.0 2912.0
13501.0 2811.0
13761.0 2653.0
13600.0 2735.0
13798.0 2649.0
13816.0 2645.0
13092.0 3151.0
13141.0 3067.0
13142.0 3055.0
13660.0 2705.0
13749.0 2661.0
13660.0 2705.0
13463.0 2831.0
13898.0 2634.0
13447.0 2840.0
13463.0 2831.0
13152.0 3046.0
13816.0 2645.0
13638.0 2716.0
13152.0 3046.0
13749.0 2661.0
13316.0 2912.0
13837.0 2640.0
13366.0 2881.0
13501.0 2811.0
13777.0 2652.0
13121.0 3093.0
13321.0 2908.0
13798.0 2649.0
13447.0 2840.0
13170.0 3021.0
13164.0 3035.0
13339.0 2898.0
13097.0 3139.0
13710.0 2678.0
13777.0 2652.0
13574.0 2751.0
13595.0 2740.0
13092.0 3151.0
13262.0 2945.0
13326.0 2903.0
13353.0 2885.0
13554.0 2765.0
13645.0 2713.0
13554.0 2765.0
