21032.0 4788.0
19512.0 5977.0
21032.0 4788.0
19512.0 5977.0
19585.0 5626.0
19584.0 5710.0
20055.0 5059.0
20023.0 5078.0
19696.0 5388.0
19568.0 5732.0
20998.0 4791.0
19985.0 5084.0
19530.0 5831.0
19893.0 5143.0
20510.0 4909.0
20527.0 4884.0
19677.0 5407.0
20677.0 4836.0
20392.0 4930.0
20099.0 5045.0
20134.0 5021.0
19853.0 5204.0
19738.0 5350.0
19642.0 5499.0
19674.0 5435.0
20649.0 4844.0
19734.0 5374.0
19602.0 5552.0
19807.0 5243.0
19933.0 5127.0
19839.0 5229.0
19934.0 5107.0
20595.0 4871.0
20945.0 4792.0
20178.0 5010.0
19561.0 5769.0
19522.0 5908.0
19620.0 5512.0
20476.0 4913.0
20425.0 4927.0
20216.0 4990.0
20279.0 4966.0
20099.0 5045.0
19856.0 5184.0
20904.0 4798.0
19655.0 5476.0
19659.0 5447.0
20476.0 4913.0
19618.0 5540.0
19528.0 5868.0
19516.0 5949.0
19524.0 5871.0
19518.0 5912.0
20425.0 4927.0
20748.0 4821.0
20786.0 4814.0
20865.0 4807.0
20134.0 5021.0
20748.0 4821.0
19783.0 5290.0
19796.0 5270.0
20827.0 4812.0
20244.0 4981.0
20904.0 4798.0
20630.0 4853.0
20244.0 4981.0
19960.0 5100.0
20708.0 4831.0
19760.0 5297.0
20178.0 5010.0
20303.0 4952.0
20557.0 4878.0
20865.0 4807.0
19536.0 5805.0
19594.0 5574.0
19883.0 5157.0
19742.0 5322.0
19883.0 5157.0
20595.0 4871.0
20708.0 4831.0
20364.0 4938.0
20331.0 4944.0
20279.0 4966.0
19645.0 5477.0
19548.0 5782.0
20945.0 4792.0
20630.0 4853.0
20210.0 4997.0
20786.0 4814.0
20827.0 4812.0
19587.0 5603.0
20557.0 4878.0
19516.0 5949.0
19856.0 5184.0
19796.0 5270.0
19587.0 5603.0
19751.0 5301.0
20331.0 4944.0
20364.0 4938.0
19536.0 5805.0
