29910.0 11379.0
32421.0 9737.0
29910.0 11379.0
32421.0 9737.0
31533.0 9916.0
30415.0 10519.0
31964.0 9829.0
30838.0 10209.0
30731.0 10268.0
30682.0 10309.0
31253.0 10035.0
31861.0 9838.0
32275.0 9756.0
31184.0 10056.0
31643.0 9887.0
30473.0 10505.0
30307.0 10627.0
31515.0 9963.0
30655.0 10338.0
32052.0 9795.0
30800.0 10232.0
30976.0 10153.0
31770.0 9859.0
31305.0 10009.0
31770.0 9859.0
32120.0 9790.0
30502.0 10458.0
30021.0 11127.0
32211.0 9776.0
29919.0 11257.0
30151.0 10819.0
31024.0 10120.0
31861.0 9838.0
30976.0 10153.0
30573.0 10404.0
30271.0 10671.0
32388.0 9745.0
31079.0 10103.0
30493.0 10486.0
30629.0 10372.0
31408.0 9986.0
31691.0 9873.0
30377.0 10589.0
29950.0 11251.0
29913.0 11318.0
29954.0 11215.0
31335.0 9993.0
30046.0 11031.0
30117.0 10871.0
32229.0 9766.0
30566.0 10436.0
30117.0 10871.0
30784.0 10252.0
31986.0 9817.0
32137.0 9778.0
31643.0 9887.0
31079.0 10103.0
31408.0 9986.0
30262.0 10702.0
30390.0 10569.0
30305.0 10663.0
31489.0 9968.0
30023.0 11087.0
30334.0 10598.0
30229.0 10754.0
30023.0 11087.0
30057.0 11029.0
30597.0 10388.0
30910.0 10190.0
30074.0 10982.0
30085.0 10938.0
30151.0 10819.0
30083.0 10951.0
31145.0 10073.0
30237.0 10723.0
32342.0 9752.0
30898.0 10200.0
30197.0 10781.0
30100.0 10910.0
31024.0 10120.0
30212.0 10763.0
29918.0 11301.0
30660.0 10312.0
29982.0 11183.0
32031.0 9812.0
31691.0 9873.0
30529.0 10437.0
30910.0 10190.0
31145.0 10073.0
30074.0 10982.0
30178.0 10790.0
29956.0 11191.0
31533.0 9916.0
30100.0 10910.0
30007.0 11149.0
30249.0 10716.0
30626.0 10385.0
29983.0 11162.0
30390.0 10569.0
31489.0 9968.0
