48.0 1191.0
49.0 1189.0
50.0 1158.0
51.0 1156.0
52.0 1142.0
53.0 1141.0
54.0 1114.0
55.0 1112.0
56.0 1107.0
57.0 1095.0
58.0 1089.0
59.0 1084.0
60.0 1082.0
61.0 1075.0
62.0 1071.0
63.0 1064.0
64.0 1060.0
65.0 1059.0
66.0 1051.0
68.0 1049.0
69.0 1044.0
70.0 1039.0
71.0 1036.0
72.0 1032.0
73.0 1024.0
74.0 1021.0
75.0 1018.0
76.0 1013.0
77.0 1010.0
78.0 1005.0
79.0 1002.0
81.0 999.0
82.0 996.0
84.0 995.0
85.0 991.0
86.0 989.0
87.0 980.0
90.0 976.0
91.0 975.0
92.0 974.0
93.0 972.0
94.0 969.0
95.0 967.0
96.0 966.0
97.0 965.0
100.0 964.0
108.0 962.0
