412.0 1287.0
414.0 1268.0
415.0 1257.0
416.0 1251.0
417.0 1240.0
418.0 1235.0
419.0 1230.0
420.0 1225.0
421.0 1214.0
422.0 1209.0
423.0 1200.0
424.0 1199.0
425.0 1190.0
426.0 1183.0
427.0 1174.0
429.0 1171.0
430.0 1165.0
431.0 1163.0
432.0 1154.0
433.0 1149.0
434.0 1145.0
435.0 1140.0
436.0 1136.0
437.0 1131.0
438.0 1129.0
439.0 1122.0
440.0 1117.0
441.0 1115.0
442.0 1110.0
443.0 1102.0
444.0 1095.0
446.0 1090.0
447.0 1087.0
448.0 1080.0
450.0 1073.0
451.0 1065.0
454.0 1064.0
456.0 1056.0
459.0 1055.0
461.0 1051.0
463.0 1047.0
464.0 1043.0
467.0 1039.0
470.0 1037.0
472.0 1034.0
474.0 1033.0
475.0 1030.0
476.0 1029.0
478.0 1028.0
479.0 1024.0
480.0 1023.0
481.0 1021.0
483.0 1019.0
485.0 1018.0
486.0 1017.0
487.0 1015.0
489.0 1013.0
493.0 1011.0
499.0 1009.0
500.0 1005.0
502.0 1004.0
506.0 1003.0
507.0 1001.0
512.0 999.0
513.0 997.0
514.0 995.0
521.0 994.0
523.0 992.0
524.0 987.0
527.0 986.0
530.0 979.0
542.0 978.0
544.0 973.0
546.0 972.0
548.0 967.0
