39.0 95.0
39.0 95.0
57.0 61.0
57.0 61.0
57.0 61.0
42.0 85.0
42.0 85.0
57.0 61.0
53.0 67.0
42.0 85.0
42.0 85.0
49.0 70.0
45.0 76.0
39.0 95.0
53.0 67.0
39.0 95.0
55.0 63.0
45.0 76.0
53.0 67.0
45.0 76.0
43.0 79.0
55.0 63.0
43.0 79.0
42.0 85.0
46.0 73.0
57.0 61.0
41.0 87.0
46.0 73.0
39.0 95.0
45.0 76.0
53.0 67.0
39.0 95.0
46.0 73.0
45.0 76.0
44.0 77.0
41.0 87.0
46.0 73.0
41.0 87.0
46.0 73.0
49.0 70.0
44.0 77.0
49.0 70.0
41.0 87.0
55.0 63.0
57.0 61.0
45.0 76.0
49.0 70.0
44.0 77.0
45.0 76.0
41.0 87.0
43.0 79.0
47.0 71.0
53.0 67.0
55.0 63.0
43.0 79.0
53.0 67.0
41.0 87.0
42.0 85.0
39.0 95.0
57.0 61.0
42.0 85.0
46.0 73.0
51.0 68.0
49.0 70.0
46.0 73.0
49.0 70.0
42.0 85.0
55.0 63.0
44.0 77.0
57.0 61.0
53.0 67.0
47.0 71.0
47.0 71.0
55.0 63.0
51.0 68.0
43.0 79.0
51.0 68.0
44.0 77.0
47.0 71.0
44.0 77.0
49.0 70.0
51.0 68.0
49.0 70.0
47.0 71.0
55.0 63.0
47.0 71.0
53.0 67.0
51.0 68.0
47.0 71.0
41.0 87.0
51.0 68.0
43.0 79.0
46.0 73.0
41.0 87.0
43.0 79.0
51.0 68.0
43.0 79.0
44.0 77.0
39.0 95.0
55.0 63.0
