51.0 55.0
59.0 49.0
41.0 92.0
59.0 49.0
41.0 92.0
59.0 49.0
59.0 49.0
43.0 80.0
51.0 55.0
41.0 92.0
44.0 76.0
44.0 76.0
54.0 50.0
43.0 80.0
54.0 50.0
43.0 80.0
43.0 80.0
41.0 92.0
51.0 55.0
52.0 54.0
42.0 85.0
54.0 50.0
46.0 67.0
52.0 54.0
44.0 76.0
50.0 56.0
46.0 67.0
52.0 54.0
46.0 67.0
59.0 49.0
50.0 56.0
46.0 67.0
46.0 67.0
42.0 85.0
52.0 54.0
50.0 56.0
42.0 85.0
42.0 85.0
52.0 54.0
54.0 50.0
59.0 49.0
51.0 55.0
50.0 56.0
43.0 80.0
51.0 55.0
50.0 56.0
59.0 49.0
42.0 85.0
41.0 92.0
50.0 56.0
54.0 50.0
46.0 67.0
50.0 56.0
49.0 59.0
54.0 50.0
47.0 61.0
52.0 54.0
54.0 50.0
47.0 61.0
45.0 70.0
54.0 50.0
46.0 67.0
42.0 85.0
49.0 59.0
41.0 92.0
45.0 70.0
49.0 59.0
49.0 59.0
45.0 70.0
42.0 85.0
49.0 59.0
44.0 76.0
51.0 55.0
47.0 61.0
42.0 85.0
45.0 70.0
51.0 55.0
47.0 61.0
47.0 61.0
49.0 59.0
52.0 54.0
49.0 59.0
45.0 70.0
45.0 70.0
41.0 92.0
43.0 80.0
47.0 61.0
43.0 80.0
43.0 80.0
47.0 61.0
45.0 70.0
45.0 70.0
47.0 61.0
44.0 76.0
44.0 76.0
44.0 76.0
46.0 67.0
41.0 92.0
59.0 49.0
44.0 76.0
