48.0 172.0
48.0 172.0
48.0 172.0
49.0 162.0
49.0 162.0
48.0 172.0
62.0 131.0
50.0 156.0
48.0 172.0
62.0 131.0
62.0 131.0
62.0 131.0
64.0 125.0
49.0 162.0
62.0 131.0
49.0 162.0
48.0 172.0
64.0 125.0
49.0 162.0
49.0 162.0
62.0 131.0
64.0 125.0
56.0 136.0
48.0 172.0
62.0 131.0
64.0 125.0
64.0 125.0
50.0 156.0
56.0 136.0
48.0 172.0
54.0 140.0
54.0 140.0
48.0 172.0
51.0 152.0
56.0 136.0
48.0 172.0
64.0 125.0
49.0 162.0
50.0 156.0
54.0 140.0
51.0 152.0
51.0 152.0
56.0 136.0
54.0 140.0
54.0 140.0
56.0 136.0
62.0 131.0
54.0 140.0
54.0 140.0
56.0 136.0
51.0 152.0
49.0 162.0
64.0 125.0
50.0 156.0
54.0 140.0
59.0 133.0
62.0 131.0
50.0 156.0
59.0 133.0
56.0 136.0
52.0 150.0
59.0 133.0
51.0 152.0
64.0 125.0
54.0 140.0
59.0 133.0
59.0 133.0
64.0 125.0
51.0 152.0
62.0 131.0
52.0 150.0
52.0 150.0
49.0 162.0
59.0 133.0
52.0 150.0
56.0 136.0
49.0 162.0
59.0 133.0
51.0 152.0
50.0 156.0
52.0 150.0
59.0 133.0
54.0 140.0
59.0 133.0
52.0 150.0
51.0 152.0
50.0 156.0
56.0 136.0
51.0 152.0
50.0 156.0
50.0 156.0
52.0 150.0
52.0 150.0
50.0 156.0
51.0 152.0
56.0 136.0
59.0 133.0
52.0 150.0
64.0 125.0
52.0 150.0
