155.0 540.0
173.0 455.0
173.0 455.0
181.0 427.0
162.0 483.0
173.0 455.0
174.0 452.0
174.0 452.0
177.0 448.0
169.0 464.0
178.0 445.0
186.0 410.0
174.0 452.0
153.0 562.0
161.0 491.0
182.0 425.0
161.0 491.0
162.0 483.0
161.0 491.0
178.0 445.0
178.0 445.0
186.0 410.0
167.0 467.0
171.0 458.0
171.0 458.0
182.0 425.0
163.0 476.0
166.0 468.0
159.0 492.0
172.0 456.0
179.0 435.0
171.0 458.0
153.0 562.0
182.0 425.0
173.0 455.0
152.0 569.0
162.0 483.0
166.0 468.0
182.0 425.0
164.0 475.0
153.0 562.0
159.0 492.0
170.0 463.0
182.0 425.0
179.0 435.0
154.0 551.0
169.0 464.0
169.0 464.0
186.0 410.0
164.0 475.0
154.0 551.0
171.0 458.0
154.0 551.0
179.0 435.0
166.0 468.0
177.0 448.0
158.0 499.0
152.0 569.0
158.0 499.0
166.0 468.0
162.0 483.0
164.0 475.0
158.0 499.0
170.0 463.0
161.0 491.0
174.0 452.0
167.0 467.0
153.0 562.0
186.0 410.0
175.0 450.0
175.0 450.0
169.0 464.0
170.0 463.0
152.0 569.0
163.0 476.0
161.0 491.0
178.0 445.0
164.0 475.0
178.0 445.0
154.0 551.0
154.0 551.0
162.0 483.0
167.0 467.0
152.0 569.0
167.0 467.0
163.0 476.0
171.0 458.0
175.0 450.0
159.0 492.0
158.0 499.0
179.0 435.0
170.0 463.0
186.0 410.0
153.0 562.0
159.0 492.0
175.0 450.0
163.0 476.0
152.0 569.0
179.0 435.0
158.0 499.0
