462.0 756.0
462.0 756.0
468.0 719.0
462.0 756.0
467.0 734.0
467.0 734.0
477.0 686.0
476.0 697.0
476.0 697.0
476.0 697.0
467.0 734.0
470.0 718.0
470.0 718.0
473.0 711.0
467.0 734.0
477.0 686.0
462.0 756.0
467.0 734.0
470.0 718.0
470.0 718.0
476.0 697.0
461.0 765.0
470.0 718.0
464.0 755.0
464.0 755.0
464.0 755.0
473.0 711.0
467.0 734.0
461.0 765.0
476.0 697.0
473.0 711.0
485.0 675.0
467.0 734.0
470.0 718.0
461.0 765.0
473.0 711.0
477.0 686.0
476.0 697.0
477.0 686.0
482.0 681.0
462.0 756.0
485.0 675.0
477.0 686.0
470.0 718.0
470.0 718.0
482.0 681.0
474.0 700.0
482.0 681.0
474.0 700.0
482.0 681.0
465.0 735.0
476.0 697.0
476.0 697.0
482.0 681.0
474.0 700.0
485.0 675.0
461.0 765.0
482.0 681.0
474.0 700.0
464.0 755.0
477.0 686.0
477.0 686.0
462.0 756.0
473.0 711.0
461.0 765.0
461.0 765.0
485.0 675.0
461.0 765.0
477.0 686.0
464.0 755.0
473.0 711.0
473.0 711.0
485.0 675.0
474.0 700.0
464.0 755.0
468.0 719.0
485.0 675.0
474.0 700.0
474.0 700.0
461.0 765.0
464.0 755.0
473.0 711.0
470.0 718.0
485.0 675.0
474.0 700.0
462.0 756.0
465.0 735.0
482.0 681.0
461.0 765.0
485.0 675.0
482.0 681.0
464.0 755.0
477.0 686.0
476.0 697.0
465.0 735.0
482.0 681.0
473.0 711.0
474.0 700.0
467.0 734.0
485.0 675.0
