544.0 1281.0
544.0 1281.0
606.0 1116.0
546.0 1254.0
605.0 1120.0
546.0 1254.0
598.0 1135.0
598.0 1135.0
575.0 1164.0
546.0 1254.0
598.0 1135.0
551.0 1227.0
575.0 1164.0
591.0 1148.0
550.0 1231.0
599.0 1128.0
537.0 1372.0
545.0 1270.0
537.0 1372.0
603.0 1121.0
561.0 1192.0
570.0 1170.0
545.0 1270.0
551.0 1227.0
599.0 1128.0
613.0 1109.0
544.0 1281.0
542.0 1348.0
550.0 1231.0
542.0 1348.0
562.0 1188.0
562.0 1188.0
561.0 1192.0
607.0 1114.0
607.0 1114.0
542.0 1348.0
562.0 1188.0
555.0 1211.0
595.0 1147.0
591.0 1148.0
596.0 1140.0
582.0 1154.0
555.0 1211.0
600.0 1124.0
547.0 1246.0
596.0 1140.0
570.0 1170.0
583.0 1150.0
591.0 1148.0
583.0 1150.0
560.0 1199.0
600.0 1124.0
578.0 1160.0
571.0 1168.0
560.0 1199.0
548.0 1239.0
556.0 1204.0
578.0 1160.0
582.0 1154.0
549.0 1235.0
559.0 1200.0
547.0 1246.0
537.0 1372.0
605.0 1120.0
556.0 1204.0
556.0 1204.0
549.0 1235.0
599.0 1128.0
551.0 1227.0
539.0 1358.0
613.0 1109.0
547.0 1246.0
596.0 1140.0
571.0 1168.0
583.0 1150.0
554.0 1215.0
578.0 1160.0
603.0 1121.0
554.0 1215.0
565.0 1180.0
569.0 1174.0
548.0 1239.0
553.0 1216.0
552.0 1220.0
595.0 1147.0
613.0 1109.0
569.0 1174.0
569.0 1174.0
545.0 1270.0
539.0 1358.0
582.0 1154.0
565.0 1180.0
575.0 1164.0
553.0 1216.0
559.0 1200.0
565.0 1180.0
555.0 1211.0
606.0 1116.0
548.0 1239.0
539.0 1358.0
