431.0 1191.0
423.0 1278.0
426.0 1246.0
479.0 1060.0
472.0 1075.0
476.0 1070.0
468.0 1076.0
485.0 1057.0
464.0 1081.0
485.0 1057.0
485.0 1057.0
425.0 1248.0
464.0 1081.0
432.0 1183.0
434.0 1175.0
432.0 1183.0
438.0 1151.0
429.0 1203.0
432.0 1183.0
425.0 1248.0
464.0 1081.0
476.0 1070.0
440.0 1145.0
474.0 1071.0
427.0 1209.0
431.0 1191.0
425.0 1248.0
427.0 1209.0
436.0 1169.0
448.0 1128.0
430.0 1192.0
479.0 1060.0
426.0 1246.0
440.0 1145.0
474.0 1071.0
444.0 1142.0
473.0 1073.0
474.0 1071.0
448.0 1128.0
431.0 1191.0
440.0 1145.0
479.0 1060.0
448.0 1128.0
477.0 1061.0
445.0 1134.0
423.0 1278.0
436.0 1169.0
423.0 1278.0
444.0 1142.0
457.0 1087.0
467.0 1078.0
450.0 1127.0
477.0 1061.0
434.0 1175.0
427.0 1209.0
472.0 1075.0
426.0 1246.0
456.0 1095.0
438.0 1151.0
445.0 1134.0
436.0 1169.0
451.0 1114.0
467.0 1078.0
450.0 1127.0
456.0 1095.0
457.0 1087.0
459.0 1083.0
452.0 1106.0
453.0 1105.0
467.0 1078.0
477.0 1061.0
445.0 1134.0
437.0 1159.0
457.0 1087.0
468.0 1076.0
451.0 1114.0
450.0 1127.0
482.0 1058.0
423.0 1278.0
476.0 1070.0
459.0 1083.0
453.0 1105.0
456.0 1095.0
428.0 1208.0
473.0 1073.0
437.0 1159.0
453.0 1105.0
482.0 1058.0
434.0 1175.0
459.0 1083.0
452.0 1106.0
482.0 1058.0
438.0 1151.0
452.0 1106.0
437.0 1159.0
430.0 1192.0
473.0 1073.0
430.0 1192.0
444.0 1142.0
451.0 1114.0
