217.0 1160.0
217.0 1160.0
223.0 1111.0
223.0 1111.0
260.0 1031.0
220.0 1133.0
254.0 1037.0
223.0 1111.0
220.0 1133.0
250.0 1048.0
254.0 1037.0
232.0 1080.0
254.0 1037.0
217.0 1160.0
216.0 1189.0
250.0 1048.0
261.0 1025.0
224.0 1105.0
240.0 1062.0
250.0 1048.0
261.0 1025.0
223.0 1111.0
219.0 1135.0
233.0 1075.0
219.0 1135.0
216.0 1189.0
224.0 1105.0
232.0 1080.0
228.0 1086.0
216.0 1189.0
232.0 1080.0
227.0 1092.0
232.0 1080.0
227.0 1092.0
254.0 1037.0
261.0 1025.0
226.0 1098.0
241.0 1058.0
242.0 1052.0
233.0 1075.0
261.0 1025.0
261.0 1025.0
226.0 1098.0
240.0 1062.0
237.0 1064.0
233.0 1075.0
220.0 1133.0
253.0 1043.0
224.0 1105.0
257.0 1035.0
236.0 1070.0
250.0 1048.0
237.0 1064.0
227.0 1092.0
238.0 1063.0
253.0 1043.0
218.0 1147.0
216.0 1189.0
236.0 1070.0
236.0 1070.0
218.0 1147.0
237.0 1064.0
222.0 1122.0
233.0 1075.0
224.0 1105.0
222.0 1122.0
226.0 1098.0
238.0 1063.0
217.0 1160.0
219.0 1135.0
218.0 1147.0
225.0 1099.0
220.0 1133.0
222.0 1122.0
218.0 1147.0
238.0 1063.0
242.0 1052.0
218.0 1147.0
222.0 1122.0
226.0 1098.0
223.0 1111.0
217.0 1160.0
216.0 1189.0
240.0 1062.0
253.0 1043.0
227.0 1092.0
253.0 1043.0
241.0 1058.0
242.0 1052.0
231.0 1084.0
222.0 1122.0
241.0 1058.0
237.0 1064.0
242.0 1052.0
240.0 1062.0
247.0 1050.0
238.0 1063.0
236.0 1070.0
241.0 1058.0
219.0 1135.0
