502.0 941.0
502.0 941.0
480.0 980.0
532.0 899.0
506.0 935.0
463.0 1051.0
480.0 980.0
524.0 908.0
475.0 990.0
465.0 1038.0
532.0 899.0
482.0 973.0
506.0 935.0
524.0 908.0
467.0 1029.0
530.0 901.0
463.0 1051.0
546.0 888.0
475.0 990.0
467.0 1029.0
463.0 1051.0
475.0 990.0
486.0 962.0
470.0 1015.0
467.0 1029.0
485.0 967.0
464.0 1041.0
546.0 888.0
482.0 973.0
485.0 967.0
529.0 902.0
484.0 968.0
546.0 888.0
508.0 922.0
493.0 951.0
462.0 1069.0
473.0 1001.0
474.0 1000.0
478.0 986.0
484.0 968.0
530.0 901.0
465.0 1038.0
498.0 946.0
470.0 1015.0
498.0 946.0
499.0 944.0
518.0 918.0
493.0 951.0
518.0 918.0
508.0 922.0
500.0 942.0
464.0 1041.0
497.0 950.0
486.0 962.0
504.0 936.0
468.0 1022.0
481.0 976.0
478.0 986.0
481.0 976.0
479.0 982.0
537.0 892.0
471.0 1008.0
539.0 890.0
468.0 1022.0
490.0 955.0
490.0 955.0
526.0 905.0
486.0 962.0
472.0 1004.0
473.0 1001.0
472.0 1004.0
539.0 890.0
470.0 1015.0
462.0 1069.0
521.0 912.0
462.0 1069.0
479.0 982.0
534.0 897.0
508.0 922.0
521.0 912.0
534.0 897.0
518.0 918.0
500.0 942.0
483.0 970.0
507.0 929.0
526.0 905.0
499.0 944.0
471.0 1008.0
521.0 912.0
507.0 929.0
507.0 929.0
474.0 1000.0
489.0 956.0
504.0 936.0
468.0 1022.0
537.0 892.0
529.0 902.0
497.0 950.0
489.0 956.0
483.0 970.0
