61.0 1136.0
63.0 1116.0
66.0 1063.0
66.0 1063.0
63.0 1116.0
63.0 1116.0
70.0 1043.0
65.0 1109.0
63.0 1116.0
61.0 1136.0
63.0 1116.0
78.0 1018.0
78.0 1018.0
61.0 1136.0
78.0 1018.0
75.0 1033.0
75.0 1033.0
64.0 1110.0
75.0 1033.0
65.0 1109.0
61.0 1136.0
73.0 1039.0
64.0 1110.0
75.0 1033.0
64.0 1110.0
61.0 1136.0
76.0 1024.0
65.0 1109.0
64.0 1110.0
61.0 1136.0
75.0 1033.0
78.0 1018.0
91.0 990.0
79.0 1014.0
66.0 1063.0
91.0 990.0
65.0 1109.0
77.0 1022.0
63.0 1116.0
79.0 1014.0
85.0 994.0
85.0 994.0
80.0 1007.0
80.0 1007.0
61.0 1136.0
75.0 1033.0
85.0 994.0
85.0 994.0
65.0 1109.0
70.0 1043.0
85.0 994.0
64.0 1110.0
79.0 1014.0
91.0 990.0
91.0 990.0
91.0 990.0
64.0 1110.0
85.0 994.0
83.0 1004.0
80.0 1007.0
83.0 1004.0
79.0 1014.0
88.0 991.0
65.0 1109.0
84.0 1001.0
79.0 1014.0
84.0 1001.0
80.0 1007.0
88.0 991.0
77.0 1022.0
83.0 1004.0
79.0 1014.0
63.0 1116.0
80.0 1007.0
79.0 1014.0
84.0 1001.0
83.0 1004.0
83.0 1004.0
77.0 1022.0
88.0 991.0
85.0 994.0
84.0 1001.0
83.0 1004.0
78.0 1018.0
77.0 1022.0
77.0 1022.0
81.0 1006.0
88.0 991.0
78.0 1018.0
78.0 1018.0
80.0 1007.0
84.0 1001.0
75.0 1033.0
77.0 1022.0
84.0 1001.0
88.0 991.0
91.0 990.0
84.0 1001.0
88.0 991.0
91.0 990.0
