738.0 1000.0
750.0 941.0
765.0 877.0
759.0 900.0
755.0 913.0
751.0 936.0
734.0 1028.0
728.0 1064.0
770.0 856.0
738.0 1000.0
751.0 936.0
737.0 1010.0
740.0 988.0
737.0 1010.0
759.0 900.0
747.0 946.0
740.0 988.0
771.0 843.0
755.0 913.0
728.0 1064.0
753.0 924.0
756.0 909.0
764.0 878.0
739.0 993.0
748.0 943.0
751.0 936.0
765.0 877.0
750.0 941.0
771.0 843.0
739.0 993.0
731.0 1042.0
726.0 1076.0
746.0 955.0
771.0 843.0
728.0 1064.0
735.0 1021.0
737.0 1010.0
747.0 946.0
762.0 880.0
764.0 878.0
747.0 946.0
770.0 856.0
753.0 924.0
726.0 1076.0
756.0 909.0
742.0 976.0
756.0 909.0
731.0 1042.0
762.0 880.0
742.0 976.0
769.0 857.0
760.0 890.0
768.0 860.0
759.0 900.0
761.0 884.0
748.0 943.0
761.0 884.0
766.0 867.0
731.0 1042.0
755.0 913.0
746.0 955.0
746.0 955.0
729.0 1054.0
736.0 1018.0
729.0 1054.0
733.0 1031.0
730.0 1051.0
744.0 964.0
727.0 1073.0
741.0 979.0
740.0 988.0
745.0 958.0
730.0 1051.0
727.0 1073.0
743.0 967.0
753.0 924.0
741.0 979.0
741.0 979.0
768.0 860.0
745.0 958.0
733.0 1031.0
769.0 857.0
761.0 884.0
726.0 1076.0
733.0 1031.0
749.0 942.0
766.0 867.0
727.0 1073.0
736.0 1018.0
735.0 1021.0
739.0 993.0
732.0 1039.0
743.0 967.0
768.0 860.0
736.0 1018.0
732.0 1039.0
743.0 967.0
766.0 867.0
729.0 1054.0
744.0 964.0
