4771.0 348.0
4771.0 348.0
4703.0 353.0
4703.0 353.0
4818.0 344.0
4818.0 344.0
4598.0 390.0
4818.0 344.0
4598.0 390.0
4739.0 349.0
4574.0 397.0
4647.0 368.0
4703.0 353.0
4598.0 390.0
4647.0 368.0
4631.0 372.0
4818.0 344.0
4598.0 390.0
4739.0 349.0
4703.0 353.0
4574.0 397.0
4829.0 343.0
4829.0 343.0
4585.0 393.0
4598.0 390.0
4631.0 372.0
4829.0 343.0
4574.0 397.0
4735.0 352.0
4585.0 393.0
4703.0 353.0
4631.0 372.0
4829.0 343.0
4585.0 393.0
4829.0 343.0
4600.0 380.0
4600.0 380.0
4574.0 397.0
4574.0 397.0
4647.0 368.0
4647.0 368.0
4585.0 393.0
4703.0 353.0
4574.0 397.0
4771.0 348.0
4600.0 380.0
4631.0 372.0
4771.0 348.0
4771.0 348.0
4735.0 352.0
4613.0 375.0
4613.0 375.0
4613.0 375.0
4598.0 390.0
4656.0 357.0
4735.0 352.0
4771.0 348.0
4613.0 375.0
4585.0 393.0
4735.0 352.0
4631.0 372.0
4862.0 339.0
4703.0 353.0
4652.0 359.0
4652.0 359.0
4862.0 339.0
4862.0 339.0
4574.0 397.0
4829.0 343.0
4613.0 375.0
4631.0 372.0
4656.0 357.0
4862.0 339.0
4652.0 359.0
4647.0 368.0
4652.0 359.0
4829.0 343.0
4585.0 393.0
4818.0 344.0
4613.0 375.0
4656.0 357.0
4613.0 375.0
4656.0 357.0
4818.0 344.0
4862.0 339.0
4600.0 380.0
4652.0 359.0
4600.0 380.0
4647.0 368.0
4585.0 393.0
4735.0 352.0
4656.0 357.0
4818.0 344.0
4735.0 352.0
4656.0 357.0
4631.0 372.0
4862.0 339.0
4600.0 380.0
4862.0 339.0
4652.0 359.0
