2675.0 198.0
2675.0 198.0
2675.0 198.0
2675.0 198.0
2675.0 198.0
2630.0 241.0
2630.0 241.0
2654.0 202.0
2630.0 241.0
2631.0 223.0
2631.0 223.0
2630.0 241.0
2630.0 241.0
2681.0 192.0
2639.0 211.0
2681.0 192.0
2654.0 202.0
2681.0 192.0
2631.0 223.0
2654.0 202.0
2639.0 211.0
2654.0 202.0
2675.0 198.0
2639.0 211.0
2639.0 211.0
2681.0 192.0
2631.0 223.0
2628.0 245.0
2654.0 202.0
2631.0 223.0
2628.0 245.0
2675.0 198.0
2639.0 211.0
2652.0 204.0
2691.0 186.0
2678.0 193.0
2678.0 193.0
2675.0 198.0
2631.0 223.0
2678.0 193.0
2639.0 211.0
2630.0 241.0
2628.0 245.0
2652.0 204.0
2681.0 192.0
2678.0 193.0
2633.0 219.0
2681.0 192.0
2691.0 186.0
2633.0 219.0
2630.0 241.0
2652.0 204.0
2639.0 211.0
2678.0 193.0
2652.0 204.0
2691.0 186.0
2654.0 202.0
2639.0 211.0
2667.0 199.0
2633.0 219.0
2667.0 199.0
2652.0 204.0
2639.0 211.0
2681.0 192.0
2628.0 245.0
2667.0 199.0
2667.0 199.0
2628.0 245.0
2681.0 192.0
2654.0 202.0
2667.0 199.0
2678.0 193.0
2691.0 186.0
2691.0 186.0
2633.0 219.0
2678.0 193.0
2631.0 223.0
2667.0 199.0
2628.0 245.0
2691.0 186.0
2667.0 199.0
2667.0 199.0
2652.0 204.0
2652.0 204.0
2667.0 199.0
2652.0 204.0
2631.0 223.0
2691.0 186.0
2691.0 186.0
2633.0 219.0
2633.0 219.0
2654.0 202.0
2630.0 241.0
2628.0 245.0
2633.0 219.0
2633.0 219.0
2678.0 193.0
2675.0 198.0
2691.0 186.0
2628.0 245.0
