10171.0 1666.0
10263.0 1596.0
10171.0 1666.0
10581.0 1504.0
10304.0 1576.0
10299.0 1578.0
10535.0 1515.0
10354.0 1563.0
10337.0 1570.0
10348.0 1568.0
10240.0 1606.0
10263.0 1596.0
10258.0 1598.0
10548.0 1514.0
10304.0 1576.0
10398.0 1551.0
10269.0 1594.0
10134.0 1784.0
10398.0 1551.0
10147.0 1710.0
10196.0 1630.0
10509.0 1524.0
10216.0 1622.0
10269.0 1594.0
10145.0 1765.0
10506.0 1526.0
10365.0 1559.0
10464.0 1535.0
10143.0 1774.0
10184.0 1644.0
10597.0 1501.0
10414.0 1544.0
10551.0 1512.0
10348.0 1568.0
10196.0 1630.0
10121.0 1809.0
10513.0 1522.0
10153.0 1691.0
10467.0 1533.0
10147.0 1710.0
10578.0 1506.0
10486.0 1531.0
10335.0 1571.0
10281.0 1586.0
10145.0 1765.0
10240.0 1606.0
10121.0 1809.0
10417.0 1542.0
10417.0 1542.0
10463.0 1536.0
10528.0 1520.0
10295.0 1584.0
10486.0 1531.0
10318.0 1572.0
10318.0 1572.0
10183.0 1652.0
10295.0 1584.0
10531.0 1518.0
10255.0 1600.0
10255.0 1600.0
10551.0 1512.0
10532.0 1517.0
10281.0 1586.0
10443.0 1540.0
10513.0 1522.0
10365.0 1559.0
10234.0 1612.0
10571.0 1510.0
10594.0 1503.0
10447.0 1538.0
10467.0 1533.0
10577.0 1507.0
10222.0 1620.0
10275.0 1592.0
10525.0 1521.0
10371.0 1553.0
10443.0 1540.0
10371.0 1553.0
10143.0 1774.0
10447.0 1538.0
10237.0 1608.0
10222.0 1620.0
10184.0 1644.0
10183.0 1652.0
10401.0 1549.0
10216.0 1622.0
10275.0 1592.0
10310.0 1574.0
10310.0 1574.0
10489.0 1529.0
10351.0 1565.0
10597.0 1501.0
10299.0 1578.0
10278.0 1588.0
10574.0 1509.0
10234.0 1612.0
10354.0 1563.0
10296.0 1580.0
10134.0 1784.0
10368.0 1555.0
