16213.0 3311.0
16081.0 3347.0
16068.0 3348.0
15597.0 3546.0
16086.0 3345.0
15846.0 3402.0
16187.0 3316.0
15957.0 3380.0
15603.0 3534.0
15947.0 3388.0
16198.0 3314.0
15994.0 3365.0
16094.0 3332.0
15449.0 3742.0
15529.0 3606.0
15675.0 3483.0
15451.0 3738.0
16090.0 3341.0
16026.0 3351.0
15667.0 3487.0
15484.0 3681.0
15774.0 3428.0
15689.0 3474.0
15968.0 3375.0
15743.0 3439.0
15599.0 3541.0
15492.0 3659.0
15437.0 3764.0
15446.0 3745.0
15460.0 3728.0
15620.0 3525.0
15640.0 3504.0
15581.0 3556.0
15811.0 3408.0
15428.0 3768.0
15587.0 3554.0
15749.0 3437.0
15627.0 3515.0
15422.0 3781.0
15726.0 3454.0
15661.0 3489.0
16297.0 3296.0
15559.0 3569.0
15612.0 3529.0
15558.0 3577.0
15573.0 3563.0
16222.0 3306.0
16133.0 3318.0
15617.0 3528.0
15572.0 3568.0
15497.0 3652.0
15469.0 3713.0
15454.0 3735.0
15501.0 3643.0
15472.0 3703.0
16203.0 3312.0
15521.0 3613.0
15891.0 3397.0
15423.0 3775.0
15506.0 3636.0
15704.0 3460.0
15515.0 3625.0
15781.0 3425.0
15417.0 3788.0
15759.0 3431.0
15463.0 3725.0
16001.0 3355.0
15635.0 3511.0
15789.0 3414.0
15541.0 3586.0
16087.0 3343.0
15503.0 3639.0
15483.0 3698.0
15609.0 3532.0
15923.0 3389.0
15907.0 3393.0
15518.0 3616.0
15445.0 3751.0
15440.0 3761.0
15830.0 3406.0
15535.0 3598.0
15512.0 3628.0
15538.0 3595.0
15621.0 3517.0
15876.0 3398.0
15852.0 3400.0
15490.0 3668.0
15526.0 3609.0
15654.0 3494.0
15498.0 3646.0
15680.0 3476.0
15544.0 3583.0
15593.0 3553.0
16239.0 3298.0
15694.0 3466.0
15651.0 3503.0
15553.0 3581.0
15736.0 3448.0
15787.0 3424.0
15441.0 3757.0
