311.0 705.0
312.0 697.0
313.0 687.0
314.0 679.0
315.0 662.0
316.0 661.0
317.0 644.0
319.0 642.0
321.0 628.0
323.0 626.0
324.0 621.0
325.0 608.0
326.0 607.0
327.0 590.0
328.0 583.0
329.0 573.0
330.0 571.0
331.0 569.0
332.0 567.0
333.0 559.0
334.0 557.0
335.0 552.0
336.0 550.0
338.0 549.0
339.0 547.0
341.0 545.0
342.0 543.0
343.0 534.0
344.0 532.0
346.0 531.0
348.0 530.0
349.0 527.0
350.0 523.0
353.0 517.0
355.0 512.0
356.0 509.0
359.0 505.0
360.0 504.0
362.0 501.0
365.0 500.0
366.0 498.0
369.0 496.0
370.0 494.0
373.0 493.0
376.0 491.0
