98.0 1161.0
99.0 1153.0
100.0 1125.0
101.0 1109.0
102.0 1101.0
103.0 1093.0
104.0 1083.0
105.0 1076.0
106.0 1068.0
107.0 1059.0
108.0 1053.0
109.0 1043.0
110.0 1042.0
111.0 1033.0
112.0 1023.0
113.0 1014.0
114.0 1001.0
116.0 985.0
118.0 975.0
119.0 970.0
121.0 957.0
123.0 952.0
125.0 944.0
127.0 940.0
129.0 934.0
131.0 925.0
132.0 923.0
133.0 922.0
134.0 917.0
135.0 913.0
137.0 905.0
139.0 900.0
140.0 899.0
141.0 897.0
142.0 896.0
143.0 893.0
145.0 887.0
146.0 886.0
150.0 885.0
153.0 883.0
154.0 878.0
155.0 874.0
159.0 872.0
160.0 867.0
163.0 864.0
166.0 863.0
167.0 860.0
169.0 855.0
