330.0 1127.0
331.0 1123.0
332.0 1108.0
333.0 1105.0
334.0 1095.0
335.0 1092.0
336.0 1084.0
337.0 1079.0
338.0 1073.0
339.0 1068.0
340.0 1062.0
341.0 1057.0
342.0 1051.0
343.0 1046.0
344.0 1033.0
345.0 1029.0
347.0 1019.0
348.0 1006.0
349.0 994.0
350.0 987.0
351.0 976.0
352.0 969.0
354.0 960.0
357.0 950.0
360.0 949.0
361.0 940.0
363.0 939.0
365.0 932.0
367.0 929.0
368.0 922.0
369.0 920.0
370.0 917.0
371.0 914.0
372.0 908.0
373.0 904.0
374.0 896.0
375.0 894.0
377.0 892.0
379.0 890.0
380.0 886.0
381.0 884.0
383.0 882.0
385.0 880.0
387.0 878.0
388.0 876.0
389.0 872.0
391.0 870.0
393.0 868.0
395.0 866.0
397.0 863.0
399.0 861.0
403.0 859.0
404.0 857.0
405.0 856.0
406.0 854.0
408.0 852.0
409.0 850.0
410.0 848.0
411.0 846.0
412.0 845.0
413.0 843.0
419.0 842.0
