9474.0 669.0
9475.0 660.0
9476.0 649.0
9478.0 645.0
9480.0 639.0
9482.0 634.0
9490.0 627.0
9492.0 622.0
9496.0 619.0
9499.0 610.0
9501.0 605.0
9503.0 600.0
9505.0 595.0
9513.0 594.0
9515.0 593.0
9516.0 591.0
9517.0 588.0
9522.0 584.0
9524.0 579.0
9532.0 574.0
9538.0 573.0
9540.0 568.0
9557.0 565.0
9564.0 562.0
9570.0 558.0
9580.0 556.0
9583.0 554.0
9589.0 550.0
9599.0 544.0
9605.0 537.0
9613.0 536.0
9621.0 534.0
9629.0 533.0
9643.0 527.0
9651.0 526.0
9665.0 524.0
9671.0 520.0
9679.0 519.0
9693.0 517.0
9700.0 516.0
9714.0 512.0
9742.0 505.0
9795.0 504.0
9858.0 502.0
9874.0 500.0
9955.0 498.0
9994.0 495.0
10069.0 494.0
10074.0 488.0
10075.0 485.0
