15313.0 4014.0
15314.0 4002.0
15315.0 4000.0
15316.0 3988.0
15317.0 3983.0
15318.0 3969.0
15319.0 3965.0
15321.0 3950.0
15322.0 3946.0
15324.0 3941.0
15325.0 3937.0
15327.0 3935.0
15328.0 3933.0
15329.0 3921.0
15330.0 3916.0
15331.0 3915.0
15332.0 3913.0
15333.0 3901.0
15334.0 3896.0
15335.0 3894.0
15341.0 3891.0
15342.0 3889.0
15344.0 3883.0
15347.0 3873.0
15348.0 3868.0
15352.0 3863.0
15353.0 3858.0
15363.0 3854.0
15364.0 3849.0
15365.0 3842.0
15366.0 3837.0
15370.0 3835.0
15373.0 3830.0
15374.0 3825.0
15378.0 3823.0
15385.0 3818.0
15387.0 3816.0
15388.0 3814.0
15393.0 3812.0
15394.0 3811.0
15395.0 3806.0
15396.0 3802.0
15402.0 3782.0
15404.0 3772.0
15406.0 3766.0
15408.0 3756.0
15409.0 3754.0
15410.0 3753.0
15413.0 3738.0
15414.0 3737.0
15420.0 3722.0
15422.0 3721.0
15426.0 3718.0
15427.0 3717.0
15428.0 3706.0
15433.0 3702.0
15435.0 3701.0
15438.0 3698.0
15441.0 3686.0
15448.0 3684.0
15451.0 3678.0
15456.0 3671.0
15461.0 3666.0
15465.0 3658.0
15473.0 3654.0
15474.0 3653.0
15475.0 3650.0
15480.0 3642.0
15484.0 3640.0
15488.0 3630.0
15489.0 3620.0
15493.0 3612.0
15494.0 3611.0
15495.0 3605.0
15500.0 3596.0
15506.0 3592.0
15507.0 3591.0
15508.0 3585.0
15513.0 3576.0
15520.0 3574.0
15523.0 3568.0
15528.0 3561.0
15530.0 3559.0
15533.0 3556.0
15537.0 3548.0
15543.0 3545.0
15545.0 3544.0
15546.0 3540.0
15550.0 3532.0
15556.0 3527.0
15559.0 3519.0
15563.0 3517.0
15566.0 3513.0
15572.0 3507.0
15575.0 3500.0
15579.0 3497.0
15587.0 3490.0
15588.0 3488.0
15595.0 3478.0
15604.0 3476.0
15607.0 3468.0
15614.0 3466.0
15615.0 3465.0
15616.0 3462.0
15618.0 3458.0
15624.0 3456.0
15632.0 3453.0
15634.0 3447.0
15636.0 3446.0
15643.0 3444.0
15644.0 3443.0
15645.0 3440.0
15646.0 3437.0
15647.0 3436.0
15653.0 3435.0
15654.0 3434.0
15655.0 3431.0
15657.0 3427.0
15668.0 3426.0
15671.0 3423.0
15673.0 3422.0
15674.0 3419.0
15675.0 3418.0
15682.0 3414.0
15692.0 3405.0
15702.0 3401.0
15710.0 3396.0
15712.0 3392.0
15720.0 3387.0
15730.0 3383.0
15739.0 3381.0
15740.0 3374.0
15749.0 3372.0
15754.0 3370.0
15758.0 3369.0
15759.0 3368.0
15764.0 3367.0
15766.0 3363.0
15768.0 3362.0
15769.0 3359.0
15775.0 3357.0
15778.0 3356.0
15779.0 3352.0
15780.0 3351.0
15786.0 3347.0
15787.0 3346.0
15789.0 3345.0
15791.0 3344.0
15795.0 3341.0
15796.0 3340.0
15799.0 3339.0
15800.0 3338.0
15802.0 3336.0
15809.0 3331.0
15811.0 3330.0
15813.0 3329.0
15814.0 3326.0
15818.0 3325.0
15821.0 3321.0
15823.0 3320.0
15825.0 3319.0
15830.0 3315.0
15834.0 3313.0
15840.0 3312.0
15844.0 3307.0
15852.0 3306.0
15854.0 3304.0
15858.0 3303.0
15860.0 3301.0
15862.0 3300.0
15870.0 3298.0
15872.0 3297.0
15876.0 3296.0
15878.0 3294.0
15883.0 3291.0
15892.0 3290.0
15893.0 3288.0
15898.0 3285.0
15901.0 3284.0
15908.0 3282.0
15911.0 3281.0
15916.0 3278.0
15926.0 3275.0
15932.0 3274.0
15942.0 3271.0
15953.0 3270.0
15958.0 3269.0
15962.0 3268.0
15963.0 3267.0
15965.0 3265.0
15966.0 3264.0
15968.0 3263.0
15969.0 3262.0
15976.0 3261.0
15978.0 3257.0
15979.0 3256.0
15980.0 3255.0
15982.0 3254.0
15983.0 3253.0
15989.0 3252.0
15990.0 3251.0
15992.0 3248.0
15993.0 3247.0
15999.0 3246.0
16000.0 3245.0
16001.0 3244.0
16003.0 3243.0
16004.0 3242.0
16009.0 3241.0
16010.0 3240.0
16013.0 3237.0
16014.0 3236.0
16021.0 3235.0
16023.0 3234.0
16024.0 3233.0
16030.0 3230.0
16031.0 3229.0
16040.0 3227.0
16041.0 3226.0
16061.0 3225.0
16063.0 3224.0
16064.0 3223.0
16070.0 3220.0
16071.0 3219.0
16080.0 3217.0
16081.0 3216.0
16108.0 3215.0
16109.0 3214.0
16118.0 3212.0
16119.0 3211.0
16149.0 3208.0
16159.0 3205.0
16194.0 3203.0
16204.0 3201.0
16216.0 3200.0
16220.0 3195.0
16232.0 3193.0
16244.0 3191.0
16260.0 3185.0
16272.0 3183.0
16294.0 3181.0
16355.0 3180.0
