99.0 1134.0
101.0 1108.0
102.0 1100.0
103.0 1099.0
104.0 1091.0
105.0 1064.0
106.0 1053.0
108.0 1039.0
109.0 1029.0
110.0 1019.0
111.0 1015.0
112.0 1005.0
114.0 997.0
116.0 991.0
118.0 983.0
120.0 976.0
121.0 969.0
122.0 962.0
123.0 952.0
124.0 944.0
125.0 940.0
126.0 936.0
127.0 932.0
128.0 926.0
130.0 919.0
131.0 913.0
133.0 911.0
134.0 904.0
135.0 893.0
138.0 888.0
139.0 884.0
141.0 881.0
142.0 874.0
144.0 868.0
145.0 866.0
148.0 862.0
150.0 858.0
151.0 856.0
154.0 852.0
157.0 851.0
163.0 850.0
166.0 849.0
167.0 847.0
170.0 846.0
