445.0 1095.0
446.0 1075.0
447.0 1065.0
448.0 1060.0
449.0 1046.0
450.0 1036.0
452.0 1033.0
453.0 1032.0
454.0 1022.0
455.0 1019.0
456.0 1014.0
457.0 1010.0
458.0 1005.0
459.0 1004.0
460.0 994.0
461.0 986.0
462.0 979.0
463.0 974.0
465.0 965.0
466.0 960.0
468.0 959.0
469.0 953.0
470.0 948.0
471.0 947.0
472.0 946.0
473.0 944.0
474.0 936.0
476.0 934.0
477.0 932.0
479.0 925.0
481.0 923.0
482.0 921.0
484.0 919.0
485.0 918.0
486.0 914.0
488.0 913.0
489.0 909.0
490.0 908.0
492.0 906.0
494.0 905.0
495.0 904.0
496.0 903.0
498.0 901.0
500.0 899.0
501.0 885.0
503.0 882.0
505.0 877.0
506.0 874.0
508.0 871.0
510.0 866.0
512.0 863.0
516.0 861.0
517.0 857.0
519.0 853.0
521.0 847.0
525.0 844.0
