5684.0 766.0
5688.0 765.0
5696.0 763.0
5700.0 762.0
5704.0 761.0
5706.0 752.0
5710.0 751.0
5714.0 715.0
5720.0 708.0
5730.0 694.0
5736.0 687.0
5748.0 685.0
5754.0 678.0
5768.0 677.0
5772.0 675.0
5778.0 668.0
5796.0 666.0
5798.0 663.0
5804.0 660.0
5812.0 658.0
5814.0 656.0
5820.0 648.0
5838.0 644.0
5840.0 635.0
5848.0 632.0
5850.0 620.0
5864.0 618.0
5866.0 616.0
5868.0 615.0
5874.0 610.0
5884.0 602.0
5894.0 601.0
5912.0 600.0
5918.0 595.0
5934.0 592.0
5938.0 590.0
5944.0 586.0
5950.0 579.0
5978.0 578.0
5994.0 573.0
6012.0 572.0
6020.0 566.0
6034.0 564.0
6036.0 563.0
6050.0 562.0
6062.0 561.0
6080.0 559.0
6094.0 557.0
6100.0 554.0
6136.0 553.0
6150.0 552.0
6154.0 551.0
6158.0 549.0
6172.0 547.0
6174.0 546.0
6200.0 544.0
6268.0 540.0
6280.0 536.0
6312.0 535.0
6320.0 534.0
6328.0 532.0
6362.0 531.0
6366.0 528.0
6398.0 527.0
6406.0 526.0
6412.0 523.0
6420.0 522.0
6454.0 519.0
6510.0 517.0
