7949.0 1291.0
7953.0 1264.0
7954.0 1253.0
7957.0 1246.0
7962.0 1240.0
7965.0 1229.0
7972.0 1228.0
7974.0 1223.0
7976.0 1220.0
7977.0 1209.0
7982.0 1205.0
7985.0 1201.0
7987.0 1197.0
7992.0 1187.0
7994.0 1186.0
7997.0 1181.0
8001.0 1174.0
8004.0 1167.0
8007.0 1165.0
8008.0 1163.0
8011.0 1158.0
8013.0 1154.0
8018.0 1150.0
8023.0 1148.0
8026.0 1147.0
8027.0 1146.0
8029.0 1142.0
8031.0 1138.0
8035.0 1137.0
8037.0 1125.0
8050.0 1120.0
8051.0 1107.0
8070.0 1101.0
8076.0 1096.0
8077.0 1094.0
8085.0 1092.0
8089.0 1086.0
8101.0 1081.0
8105.0 1080.0
8107.0 1079.0
8111.0 1078.0
8118.0 1077.0
8121.0 1075.0
8122.0 1072.0
8131.0 1071.0
8137.0 1069.0
8139.0 1068.0
8141.0 1065.0
8142.0 1063.0
8145.0 1062.0
8146.0 1059.0
8154.0 1057.0
8155.0 1053.0
8161.0 1050.0
8167.0 1045.0
8175.0 1044.0
8176.0 1042.0
8181.0 1039.0
8188.0 1038.0
8191.0 1037.0
8193.0 1036.0
8196.0 1033.0
8198.0 1030.0
8203.0 1028.0
8204.0 1025.0
8206.0 1024.0
8207.0 1023.0
8209.0 1022.0
8212.0 1019.0
8213.0 1018.0
8218.0 1017.0
8220.0 1016.0
8223.0 1013.0
8224.0 1012.0
8226.0 1011.0
8233.0 1010.0
8245.0 1009.0
8247.0 1007.0
8249.0 1006.0
8251.0 1005.0
8252.0 1004.0
8253.0 1000.0
8256.0 998.0
8258.0 995.0
8263.0 993.0
8267.0 987.0
8269.0 984.0
8275.0 982.0
8283.0 979.0
8289.0 977.0
8292.0 976.0
8296.0 975.0
8298.0 973.0
8300.0 971.0
8306.0 969.0
8311.0 968.0
8317.0 966.0
8327.0 964.0
8332.0 963.0
8334.0 961.0
8339.0 958.0
8347.0 957.0
8351.0 956.0
8352.0 955.0
8364.0 954.0
8365.0 952.0
8371.0 951.0
8375.0 950.0
8378.0 948.0
8380.0 947.0
8385.0 944.0
8396.0 943.0
8402.0 940.0
8403.0 939.0
8410.0 936.0
8417.0 932.0
8428.0 931.0
8442.0 924.0
8480.0 920.0
8543.0 919.0
8547.0 918.0
8551.0 917.0
8555.0 916.0
8556.0 912.0
8560.0 911.0
8564.0 910.0
8568.0 909.0
8578.0 908.0
8581.0 906.0
8591.0 905.0
8594.0 903.0
8598.0 902.0
8599.0 898.0
8602.0 896.0
8606.0 895.0
8626.0 894.0
8630.0 893.0
8682.0 890.0
8684.0 886.0
