9950.0 1887.0
9952.0 1857.0
9959.0 1854.0
9961.0 1853.0
9962.0 1852.0
9964.0 1847.0
9966.0 1844.0
9970.0 1843.0
9972.0 1838.0
9973.0 1831.0
9975.0 1828.0
9977.0 1821.0
9982.0 1814.0
9984.0 1811.0
9986.0 1803.0
9997.0 1802.0
9999.0 1799.0
10002.0 1784.0
10004.0 1781.0
10006.0 1773.0
10008.0 1770.0
10015.0 1767.0
10016.0 1765.0
10026.0 1764.0
10028.0 1756.0
10034.0 1750.0
10039.0 1748.0
10043.0 1744.0
10044.0 1739.0
10046.0 1737.0
10047.0 1730.0
10048.0 1725.0
10052.0 1721.0
10054.0 1716.0
10059.0 1708.0
10063.0 1694.0
10074.0 1693.0
10076.0 1684.0
10080.0 1683.0
10083.0 1681.0
10089.0 1670.0
10100.0 1669.0
10102.0 1660.0
10106.0 1659.0
10109.0 1657.0
10117.0 1655.0
10119.0 1649.0
10126.0 1646.0
10134.0 1643.0
10139.0 1640.0
10145.0 1639.0
10146.0 1637.0
10147.0 1633.0
10154.0 1630.0
10162.0 1627.0
10167.0 1624.0
10174.0 1621.0
10182.0 1616.0
10189.0 1613.0
10197.0 1610.0
10202.0 1607.0
10208.0 1606.0
10209.0 1604.0
10210.0 1600.0
10217.0 1597.0
10225.0 1594.0
10230.0 1591.0
10237.0 1588.0
10247.0 1584.0
10255.0 1583.0
10262.0 1581.0
10263.0 1577.0
10270.0 1574.0
10278.0 1570.0
10284.0 1568.0
10286.0 1567.0
10294.0 1563.0
10301.0 1560.0
10307.0 1558.0
10317.0 1553.0
10334.0 1551.0
10340.0 1549.0
10341.0 1547.0
10345.0 1546.0
10358.0 1543.0
10362.0 1540.0
10379.0 1537.0
10383.0 1534.0
10385.0 1532.0
10390.0 1530.0
10398.0 1529.0
10404.0 1526.0
10406.0 1523.0
10411.0 1521.0
10412.0 1520.0
10415.0 1519.0
10417.0 1518.0
10420.0 1517.0
10422.0 1516.0
10428.0 1511.0
10433.0 1509.0
10449.0 1508.0
10451.0 1507.0
10453.0 1504.0
10458.0 1502.0
10470.0 1498.0
10471.0 1496.0
10476.0 1494.0
10488.0 1491.0
10493.0 1489.0
10506.0 1486.0
10511.0 1484.0
10513.0 1483.0
10518.0 1481.0
10530.0 1478.0
10535.0 1476.0
10546.0 1475.0
10548.0 1473.0
10553.0 1471.0
10563.0 1470.0
10566.0 1469.0
10568.0 1468.0
10571.0 1467.0
10574.0 1466.0
10576.0 1465.0
10589.0 1464.0
10592.0 1463.0
10594.0 1462.0
10599.0 1461.0
10602.0 1460.0
10604.0 1459.0
10617.0 1458.0
10620.0 1457.0
10622.0 1456.0
10638.0 1455.0
10641.0 1454.0
10643.0 1453.0
10656.0 1452.0
10659.0 1451.0
10661.0 1450.0
