326.0 1101.0
327.0 1100.0
328.0 1081.0
331.0 1073.0
332.0 1061.0
334.0 1057.0
335.0 1049.0
336.0 1041.0
338.0 1037.0
339.0 1035.0
340.0 1034.0
341.0 1022.0
342.0 1014.0
344.0 1010.0
346.0 1006.0
347.0 1002.0
348.0 997.0
349.0 994.0
350.0 990.0
351.0 986.0
352.0 977.0
353.0 971.0
355.0 964.0
356.0 958.0
358.0 954.0
359.0 947.0
360.0 945.0
361.0 941.0
362.0 939.0
363.0 934.0
364.0 930.0
365.0 925.0
366.0 924.0
367.0 920.0
368.0 912.0
370.0 910.0
371.0 905.0
373.0 903.0
374.0 897.0
375.0 893.0
377.0 891.0
378.0 884.0
381.0 882.0
382.0 879.0
383.0 878.0
384.0 873.0
385.0 872.0
386.0 870.0
387.0 868.0
390.0 866.0
391.0 863.0
392.0 861.0
393.0 860.0
394.0 855.0
395.0 854.0
396.0 852.0
397.0 849.0
398.0 848.0
399.0 847.0
401.0 846.0
402.0 841.0
405.0 838.0
407.0 836.0
408.0 832.0
410.0 830.0
413.0 827.0
415.0 825.0
424.0 824.0
426.0 823.0
427.0 817.0
429.0 813.0
433.0 811.0
438.0 809.0
