49.0 1334.0
50.0 1175.0
51.0 1167.0
52.0 1152.0
53.0 1149.0
54.0 1131.0
55.0 1129.0
56.0 1108.0
57.0 1106.0
58.0 1101.0
59.0 1089.0
60.0 1087.0
61.0 1082.0
62.0 1072.0
63.0 1069.0
64.0 1061.0
65.0 1059.0
66.0 1051.0
68.0 1049.0
69.0 1044.0
71.0 1041.0
72.0 1030.0
74.0 1022.0
76.0 1016.0
78.0 1004.0
80.0 998.0
81.0 994.0
83.0 982.0
85.0 976.0
87.0 972.0
88.0 970.0
89.0 967.0
90.0 966.0
91.0 963.0
92.0 960.0
93.0 959.0
94.0 956.0
96.0 954.0
97.0 951.0
99.0 948.0
101.0 946.0
102.0 943.0
104.0 940.0
108.0 939.0
