440.0 1103.0
442.0 1096.0
443.0 1084.0
446.0 1073.0
447.0 1070.0
448.0 1066.0
449.0 1062.0
451.0 1056.0
452.0 1051.0
453.0 1041.0
454.0 1038.0
455.0 1027.0
458.0 1019.0
459.0 1009.0
460.0 1005.0
461.0 999.0
463.0 995.0
464.0 983.0
465.0 977.0
467.0 973.0
469.0 964.0
470.0 963.0
471.0 957.0
475.0 944.0
477.0 942.0
481.0 941.0
482.0 940.0
483.0 939.0
484.0 937.0
485.0 936.0
486.0 934.0
489.0 932.0
490.0 931.0
491.0 929.0
492.0 926.0
493.0 924.0
494.0 919.0
495.0 914.0
496.0 909.0
497.0 907.0
498.0 906.0
499.0 901.0
500.0 899.0
501.0 885.0
503.0 882.0
505.0 877.0
506.0 874.0
508.0 871.0
510.0 866.0
512.0 863.0
516.0 854.0
519.0 853.0
520.0 851.0
521.0 847.0
525.0 844.0
543.0 843.0
