2618.0 691.0
2624.0 673.0
2632.0 669.0
2642.0 667.0
2644.0 632.0
2646.0 627.0
2656.0 626.0
2658.0 621.0
2672.0 618.0
2674.0 614.0
2676.0 610.0
2680.0 609.0
2686.0 607.0
2692.0 603.0
2698.0 601.0
2704.0 598.0
2708.0 596.0
2710.0 594.0
2720.0 590.0
2722.0 581.0
2728.0 577.0
2740.0 576.0
2742.0 575.0
2748.0 574.0
2750.0 567.0
2754.0 563.0
2768.0 561.0
2770.0 560.0
2772.0 559.0
2776.0 547.0
2784.0 544.0
2790.0 542.0
2800.0 541.0
2802.0 538.0
2808.0 536.0
2810.0 535.0
2812.0 524.0
2890.0 521.0
2896.0 520.0
2900.0 514.0
2904.0 512.0
2926.0 508.0
2972.0 507.0
2982.0 504.0
3004.0 500.0
3064.0 498.0
3088.0 495.0
3096.0 491.0
