7947.0 1242.0
7952.0 1238.0
7953.0 1235.0
7958.0 1231.0
7960.0 1229.0
7965.0 1215.0
7970.0 1211.0
7975.0 1208.0
7977.0 1205.0
7980.0 1204.0
7982.0 1201.0
7987.0 1198.0
7992.0 1194.0
7993.0 1191.0
8000.0 1189.0
8003.0 1184.0
8012.0 1178.0
8015.0 1177.0
8018.0 1175.0
8022.0 1170.0
8024.0 1168.0
8027.0 1166.0
8028.0 1163.0
8033.0 1159.0
8035.0 1151.0
8041.0 1144.0
8043.0 1139.0
8047.0 1137.0
8051.0 1125.0
8060.0 1118.0
8066.0 1114.0
8071.0 1111.0
8072.0 1110.0
8076.0 1106.0
8078.0 1105.0
8082.0 1104.0
8084.0 1098.0
8092.0 1084.0
8101.0 1083.0
8102.0 1078.0
8111.0 1075.0
8117.0 1073.0
8119.0 1069.0
8121.0 1067.0
8123.0 1063.0
8125.0 1062.0
8131.0 1061.0
8133.0 1060.0
8134.0 1057.0
8135.0 1056.0
8141.0 1050.0
8144.0 1041.0
8156.0 1040.0
8158.0 1039.0
8163.0 1038.0
8164.0 1031.0
8173.0 1022.0
8185.0 1021.0
8187.0 1020.0
8194.0 1017.0
8195.0 1016.0
8198.0 1012.0
8207.0 1011.0
8209.0 1002.0
8221.0 998.0
8233.0 997.0
8235.0 996.0
8239.0 995.0
8244.0 990.0
8249.0 989.0
8257.0 986.0
8260.0 979.0
8274.0 976.0
8281.0 974.0
8290.0 972.0
8302.0 971.0
8305.0 967.0
8312.0 960.0
8335.0 959.0
8345.0 955.0
8357.0 954.0
8360.0 953.0
8372.0 950.0
8381.0 949.0
8393.0 948.0
8411.0 946.0
8423.0 943.0
8430.0 942.0
8434.0 937.0
8457.0 935.0
8466.0 930.0
8479.0 928.0
8483.0 923.0
8503.0 922.0
8506.0 921.0
8507.0 917.0
8515.0 916.0
8530.0 915.0
8535.0 914.0
8539.0 910.0
8555.0 908.0
8562.0 907.0
8575.0 902.0
8578.0 900.0
8582.0 899.0
8611.0 896.0
8627.0 892.0
8635.0 891.0
8648.0 889.0
8651.0 887.0
8697.0 885.0
