15274.0 3951.0
15277.0 3942.0
15278.0 3907.0
15280.0 3896.0
15282.0 3891.0
15283.0 3887.0
15285.0 3882.0
15287.0 3880.0
15288.0 3877.0
15289.0 3873.0
15291.0 3868.0
15293.0 3866.0
15297.0 3865.0
15298.0 3862.0
15299.0 3858.0
15301.0 3853.0
15306.0 3849.0
15308.0 3844.0
15310.0 3842.0
15311.0 3839.0
15312.0 3835.0
15314.0 3830.0
15316.0 3828.0
15320.0 3827.0
15321.0 3824.0
15322.0 3820.0
15324.0 3815.0
15329.0 3813.0
15330.0 3812.0
15331.0 3811.0
15332.0 3807.0
15333.0 3806.0
15335.0 3804.0
15338.0 3802.0
15340.0 3797.0
15341.0 3796.0
15343.0 3791.0
15346.0 3786.0
15348.0 3784.0
15351.0 3783.0
15353.0 3781.0
15354.0 3778.0
15355.0 3777.0
15356.0 3771.0
15359.0 3768.0
15360.0 3767.0
15361.0 3766.0
15362.0 3762.0
15364.0 3760.0
15367.0 3758.0
15369.0 3753.0
15370.0 3752.0
15372.0 3747.0
15375.0 3745.0
15380.0 3744.0
15381.0 3743.0
15382.0 3742.0
15383.0 3739.0
15385.0 3737.0
15387.0 3735.0
15390.0 3729.0
15391.0 3724.0
15393.0 3722.0
15394.0 3718.0
15396.0 3716.0
15399.0 3714.0
15401.0 3709.0
15404.0 3703.0
15407.0 3701.0
15415.0 3700.0
15416.0 3699.0
15417.0 3695.0
15420.0 3689.0
15423.0 3687.0
15426.0 3686.0
15431.0 3684.0
15433.0 3676.0
15434.0 3673.0
15436.0 3671.0
15438.0 3669.0
15441.0 3667.0
15443.0 3661.0
15446.0 3656.0
15449.0 3654.0
15453.0 3650.0
15456.0 3648.0
15462.0 3643.0
15465.0 3641.0
15469.0 3637.0
15471.0 3636.0
15472.0 3635.0
15474.0 3634.0
15478.0 3627.0
15484.0 3624.0
15485.0 3621.0
15489.0 3619.0
15491.0 3614.0
15495.0 3612.0
15496.0 3609.0
15500.0 3608.0
15501.0 3604.0
15504.0 3601.0
15510.0 3598.0
15511.0 3596.0
15512.0 3593.0
15515.0 3592.0
15516.0 3591.0
15519.0 3582.0
15524.0 3574.0
15526.0 3568.0
15531.0 3565.0
15532.0 3559.0
15540.0 3551.0
15543.0 3550.0
15548.0 3548.0
15551.0 3546.0
15553.0 3545.0
15558.0 3540.0
15560.0 3537.0
15564.0 3536.0
15565.0 3532.0
15568.0 3529.0
15571.0 3528.0
15573.0 3525.0
15576.0 3523.0
15580.0 3518.0
15584.0 3516.0
15589.0 3512.0
15591.0 3509.0
15595.0 3507.0
15596.0 3505.0
15597.0 3499.0
15602.0 3492.0
15608.0 3491.0
15610.0 3489.0
15615.0 3486.0
15617.0 3482.0
15620.0 3481.0
15622.0 3475.0
15628.0 3474.0
15630.0 3473.0
15632.0 3472.0
15635.0 3471.0
15637.0 3470.0
15638.0 3469.0
15640.0 3466.0
15642.0 3463.0
15646.0 3460.0
15652.0 3459.0
15653.0 3457.0
15658.0 3456.0
15661.0 3455.0
15662.0 3453.0
15668.0 3452.0
15669.0 3451.0
15671.0 3448.0
15673.0 3445.0
15677.0 3442.0
15683.0 3441.0
15685.0 3440.0
15689.0 3439.0
15690.0 3435.0
15695.0 3432.0
15696.0 3428.0
15703.0 3418.0
15710.0 3415.0
15711.0 3411.0
15718.0 3404.0
15723.0 3403.0
15725.0 3401.0
15726.0 3397.0
15733.0 3394.0
15734.0 3390.0
15738.0 3389.0
15741.0 3385.0
15743.0 3384.0
15749.0 3382.0
15751.0 3378.0
15753.0 3377.0
15758.0 3370.0
15767.0 3367.0
15769.0 3363.0
15773.0 3360.0
15774.0 3356.0
15780.0 3355.0
15782.0 3353.0
15784.0 3351.0
15788.0 3343.0
15801.0 3339.0
15809.0 3334.0
15815.0 3331.0
15817.0 3322.0
15830.0 3318.0
15840.0 3317.0
15846.0 3314.0
15856.0 3312.0
15858.0 3305.0
15862.0 3304.0
15870.0 3301.0
15875.0 3300.0
15885.0 3299.0
15891.0 3296.0
15897.0 3295.0
15903.0 3287.0
15913.0 3286.0
15915.0 3283.0
15925.0 3282.0
15939.0 3278.0
15951.0 3274.0
15963.0 3273.0
15973.0 3272.0
15978.0 3271.0
15987.0 3268.0
15990.0 3267.0
15999.0 3264.0
16017.0 3262.0
16018.0 3258.0
16031.0 3257.0
16034.0 3252.0
16038.0 3248.0
16053.0 3247.0
16054.0 3242.0
16059.0 3239.0
16074.0 3235.0
16084.0 3234.0
16098.0 3232.0
16100.0 3231.0
16104.0 3229.0
16114.0 3226.0
16116.0 3224.0
16119.0 3223.0
16124.0 3219.0
16132.0 3218.0
16145.0 3217.0
16148.0 3214.0
16149.0 3211.0
16152.0 3208.0
16167.0 3207.0
16170.0 3205.0
16179.0 3204.0
16181.0 3202.0
16191.0 3201.0
16193.0 3200.0
16198.0 3198.0
16206.0 3194.0
16214.0 3193.0
16218.0 3191.0
16220.0 3189.0
16228.0 3188.0
16231.0 3186.0
16239.0 3185.0
16243.0 3183.0
16245.0 3181.0
16246.0 3180.0
16248.0 3178.0
16257.0 3177.0
16259.0 3175.0
16274.0 3174.0
16298.0 3172.0
16322.0 3170.0
16330.0 3168.0
16350.0 3161.0
16381.0 3158.0
16389.0 3153.0
16392.0 3150.0
16400.0 3145.0
16417.0 3142.0
16425.0 3137.0
16428.0 3134.0
