29742.0 11675.0
29744.0 11667.0
29745.0 11651.0
29746.0 11635.0
29747.0 11623.0
29749.0 11604.0
29751.0 11596.0
29752.0 11587.0
29754.0 11579.0
29756.0 11574.0
29759.0 11557.0
29765.0 11535.0
29768.0 11517.0
29769.0 11487.0
29770.0 11424.0
29771.0 11420.0
29774.0 11399.0
29778.0 11391.0
29779.0 11387.0
29782.0 11383.0
29783.0 11370.0
29787.0 11362.0
29791.0 11357.0
29793.0 11349.0
29795.0 11348.0
29797.0 11341.0
29798.0 11340.0
29799.0 11336.0
29802.0 11328.0
29804.0 11321.0
29806.0 11309.0
29809.0 11301.0
29813.0 11292.0
29815.0 11280.0
29818.0 11272.0
29822.0 11264.0
29825.0 11259.0
29828.0 11251.0
29832.0 11243.0
29836.0 11238.0
29842.0 11231.0
29846.0 11226.0
29849.0 11218.0
29853.0 11210.0
29857.0 11205.0
29860.0 11204.0
29864.0 11196.0
29868.0 11191.0
29870.0 11183.0
29874.0 11175.0
29878.0 11170.0
29886.0 11169.0
29887.0 11167.0
29889.0 11159.0
29893.0 11151.0
29897.0 11146.0
29903.0 11136.0
29911.0 11135.0
29912.0 11133.0
29915.0 11131.0
29920.0 11129.0
29921.0 11125.0
29922.0 11112.0
29930.0 11111.0
29934.0 11107.0
29936.0 11106.0
29938.0 11104.0
29939.0 11102.0
29941.0 11100.0
29942.0 11098.0
29944.0 11090.0
29947.0 11088.0
29950.0 11086.0
29951.0 11082.0
29953.0 11080.0
29956.0 11070.0
29959.0 11068.0
29963.0 11064.0
29966.0 11063.0
29968.0 11062.0
29970.0 11057.0
29971.0 11053.0
29975.0 11044.0
29978.0 11043.0
29981.0 11042.0
29984.0 11040.0
29985.0 11038.0
29987.0 11036.0
29988.0 11035.0
29990.0 11034.0
29992.0 11031.0
29993.0 11027.0
29994.0 11025.0
29997.0 11018.0
30000.0 11017.0
30006.0 11014.0
30008.0 11012.0
30009.0 11008.0
30013.0 10999.0
30016.0 10998.0
30019.0 10997.0
30022.0 10995.0
30023.0 10993.0
30025.0 10991.0
30026.0 10990.0
30028.0 10989.0
30030.0 10986.0
30031.0 10982.0
30035.0 10973.0
30038.0 10972.0
30044.0 10969.0
30047.0 10965.0
30048.0 10964.0
30050.0 10963.0
30052.0 10962.0
30054.0 10958.0
30055.0 10955.0
30056.0 10954.0
30057.0 10953.0
30059.0 10948.0
30062.0 10946.0
30063.0 10943.0
30065.0 10941.0
30068.0 10939.0
30069.0 10931.0
30075.0 10927.0
30076.0 10924.0
30078.0 10922.0
30080.0 10920.0
30081.0 10918.0
30083.0 10915.0
30084.0 10911.0
30085.0 10909.0
30088.0 10902.0
30093.0 10896.0
30095.0 10895.0
30097.0 10892.0
30100.0 10885.0
30103.0 10882.0
30104.0 10881.0
30105.0 10880.0
30106.0 10875.0
30107.0 10874.0
30108.0 10873.0
30109.0 10870.0
30110.0 10869.0
30112.0 10863.0
30113.0 10862.0
30116.0 10859.0
30118.0 10857.0
30119.0 10852.0
30121.0 10850.0
30122.0 10847.0
30125.0 10840.0
30131.0 10836.0
30134.0 10831.0
30138.0 10829.0
30139.0 10824.0
30143.0 10820.0
30147.0 10816.0
30148.0 10815.0
30152.0 10811.0
30156.0 10807.0
30157.0 10804.0
30161.0 10800.0
30166.0 10795.0
30170.0 10791.0
30171.0 10790.0
30175.0 10786.0
30178.0 10785.0
30179.0 10782.0
30180.0 10781.0
30181.0 10778.0
30182.0 10777.0
30187.0 10776.0
30188.0 10773.0
30189.0 10770.0
30190.0 10769.0
30191.0 10762.0
30194.0 10755.0
30199.0 10754.0
30200.0 10753.0
30202.0 10747.0
30203.0 10746.0
30207.0 10741.0
30210.0 10739.0
30211.0 10738.0
30216.0 10732.0
30218.0 10731.0
30219.0 10730.0
30223.0 10725.0
30226.0 10721.0
30231.0 10720.0
30232.0 10716.0
30234.0 10713.0
30235.0 10712.0
30239.0 10707.0
30242.0 10705.0
30243.0 10704.0
30246.0 10703.0
30248.0 10698.0
30250.0 10697.0
30251.0 10696.0
30255.0 10691.0
30259.0 10688.0
30262.0 10687.0
30264.0 10682.0
30269.0 10678.0
30273.0 10675.0
30278.0 10669.0
30283.0 10667.0
30288.0 10663.0
30291.0 10659.0
30296.0 10653.0
30299.0 10651.0
30304.0 10645.0
30307.0 10643.0
30312.0 10642.0
30315.0 10635.0
30320.0 10629.0
30330.0 10628.0
30332.0 10625.0
30337.0 10619.0
30342.0 10615.0
30343.0 10614.0
30352.0 10610.0
30354.0 10608.0
30359.0 10602.0
30363.0 10601.0
30365.0 10596.0
30370.0 10594.0
30371.0 10589.0
30377.0 10577.0
30380.0 10576.0
30384.0 10570.0
30385.0 10565.0
30388.0 10564.0
30392.0 10558.0
30395.0 10557.0
30398.0 10553.0
30399.0 10543.0
30402.0 10542.0
30407.0 10531.0
30410.0 10530.0
30416.0 10527.0
30419.0 10526.0
30420.0 10519.0
30423.0 10518.0
30429.0 10515.0
30432.0 10514.0
30435.0 10513.0
30437.0 10508.0
30440.0 10507.0
30446.0 10504.0
30449.0 10503.0
30452.0 10502.0
30453.0 10498.0
30456.0 10497.0
30459.0 10492.0
30462.0 10491.0
30470.0 10487.0
30473.0 10486.0
30476.0 10481.0
30479.0 10480.0
30487.0 10479.0
30491.0 10475.0
30492.0 10471.0
30495.0 10470.0
30501.0 10467.0
30504.0 10466.0
30508.0 10464.0
30509.0 10460.0
30512.0 10459.0
30518.0 10456.0
30521.0 10455.0
30524.0 10454.0
30526.0 10453.0
30527.0 10452.0
30530.0 10451.0
30533.0 10450.0
30534.0 10446.0
30537.0 10445.0
30540.0 10440.0
30543.0 10439.0
30551.0 10435.0
30554.0 10434.0
30557.0 10429.0
30560.0 10428.0
30568.0 10425.0
30571.0 10422.0
30573.0 10419.0
30576.0 10418.0
30577.0 10417.0
30580.0 10416.0
30582.0 10415.0
30583.0 10413.0
30584.0 10410.0
30588.0 10408.0
30590.0 10405.0
30592.0 10402.0
30596.0 10401.0
30597.0 10400.0
30600.0 10399.0
30601.0 10396.0
30604.0 10393.0
30605.0 10390.0
30612.0 10389.0
30613.0 10387.0
30614.0 10386.0
30616.0 10385.0
30617.0 10381.0
30623.0 10380.0
30626.0 10377.0
30627.0 10374.0
30630.0 10373.0
30631.0 10371.0
30638.0 10369.0
30639.0 10365.0
30642.0 10364.0
30643.0 10361.0
30648.0 10360.0
30651.0 10358.0
30652.0 10357.0
30654.0 10356.0
30655.0 10352.0
30660.0 10351.0
30661.0 10348.0
30664.0 10347.0
30669.0 10345.0
30672.0 10343.0
30673.0 10339.0
30676.0 10338.0
30681.0 10337.0
30682.0 10334.0
30687.0 10333.0
30688.0 10331.0
30690.0 10330.0
30693.0 10329.0
30694.0 10325.0
30702.0 10324.0
30705.0 10322.0
30706.0 10318.0
30709.0 10317.0
30711.0 10316.0
30715.0 10313.0
30720.0 10312.0
30723.0 10309.0
30726.0 10308.0
30727.0 10304.0
30737.0 10303.0
30739.0 10302.0
30740.0 10301.0
30741.0 10298.0
30744.0 10295.0
30751.0 10293.0
30756.0 10292.0
30757.0 10288.0
30761.0 10287.0
30762.0 10286.0
30764.0 10285.0
30768.0 10284.0
30770.0 10283.0
30771.0 10282.0
30773.0 10281.0
30774.0 10278.0
30780.0 10274.0
30784.0 10273.0
30785.0 10272.0
30790.0 10267.0
30794.0 10266.0
30796.0 10265.0
30797.0 10264.0
30803.0 10262.0
30807.0 10261.0
30808.0 10257.0
30813.0 10253.0
30817.0 10252.0
30819.0 10251.0
30822.0 10244.0
30831.0 10238.0
30843.0 10231.0
30851.0 10227.0
30856.0 10219.0
30871.0 10213.0
30879.0 10212.0
30880.0 10208.0
30886.0 10202.0
30899.0 10198.0
30901.0 10196.0
30906.0 10194.0
30908.0 10192.0
30910.0 10191.0
30914.0 10190.0
30915.0 10188.0
30920.0 10187.0
30921.0 10186.0
30924.0 10184.0
30928.0 10182.0
30931.0 10180.0
30935.0 10179.0
30937.0 10176.0
30942.0 10171.0
30948.0 10168.0
30951.0 10165.0
30957.0 10162.0
30962.0 10157.0
30971.0 10151.0
30980.0 10149.0
30986.0 10145.0
30987.0 10143.0
30996.0 10141.0
30998.0 10140.0
31002.0 10137.0
31005.0 10135.0
31007.0 10134.0
31012.0 10133.0
31016.0 10132.0
31020.0 10128.0
31023.0 10126.0
31030.0 10125.0
31032.0 10124.0
31036.0 10120.0
31041.0 10118.0
31048.0 10116.0
31058.0 10114.0
31059.0 10111.0
31063.0 10110.0
31066.0 10108.0
31078.0 10106.0
31081.0 10102.0
31084.0 10101.0
31093.0 10100.0
31096.0 10098.0
31099.0 10095.0
31111.0 10092.0
31121.0 10090.0
31130.0 10089.0
31132.0 10088.0
31136.0 10086.0
31143.0 10085.0
31146.0 10084.0
31151.0 10080.0
31155.0 10079.0
31157.0 10078.0
31160.0 10077.0
31167.0 10076.0
31170.0 10073.0
31171.0 10072.0
31174.0 10071.0
31181.0 10070.0
31182.0 10068.0
31185.0 10067.0
31192.0 10065.0
31196.0 10062.0
31199.0 10061.0
31211.0 10056.0
31214.0 10055.0
31228.0 10052.0
31238.0 10051.0
31243.0 10046.0
31264.0 10044.0
31267.0 10042.0
31275.0 10041.0
31276.0 10039.0
31283.0 10038.0
31285.0 10034.0
31288.0 10033.0
31289.0 10032.0
31294.0 10031.0
31295.0 10030.0
31300.0 10026.0
31301.0 10024.0
31312.0 10023.0
31313.0 10022.0
31314.0 10021.0
31315.0 10020.0
31318.0 10018.0
31319.0 10016.0
31326.0 10014.0
31327.0 10012.0
31337.0 10008.0
31342.0 10007.0
31343.0 10005.0
31344.0 10004.0
31352.0 10001.0
31358.0 9999.0
31361.0 9997.0
31362.0 9996.0
31364.0 9995.0
31368.0 9994.0
31370.0 9993.0
31371.0 9992.0
31374.0 9990.0
31375.0 9989.0
31376.0 9987.0
31387.0 9986.0
31388.0 9985.0
31389.0 9984.0
31393.0 9982.0
31394.0 9979.0
31400.0 9977.0
31406.0 9973.0
31418.0 9972.0
31419.0 9970.0
31426.0 9968.0
31430.0 9967.0
31431.0 9966.0
31436.0 9963.0
31437.0 9962.0
31442.0 9961.0
31443.0 9960.0
31449.0 9956.0
31454.0 9954.0
31458.0 9953.0
31462.0 9952.0
31464.0 9951.0
31465.0 9950.0
31468.0 9948.0
31469.0 9947.0
31470.0 9945.0
31478.0 9944.0
31482.0 9943.0
31483.0 9942.0
31484.0 9940.0
31488.0 9937.0
31494.0 9935.0
31500.0 9931.0
31515.0 9928.0
31520.0 9926.0
31524.0 9925.0
31530.0 9924.0
31533.0 9923.0
31534.0 9921.0
31536.0 9920.0
31538.0 9918.0
31544.0 9916.0
31550.0 9912.0
31565.0 9909.0
31574.0 9908.0
31580.0 9906.0
31582.0 9905.0
31586.0 9902.0
31594.0 9899.0
31609.0 9896.0
31618.0 9895.0
31624.0 9893.0
31630.0 9889.0
31641.0 9888.0
31645.0 9886.0
31647.0 9884.0
31656.0 9883.0
31659.0 9880.0
31667.0 9876.0
31677.0 9875.0
31680.0 9870.0
31693.0 9867.0
31696.0 9865.0
31705.0 9863.0
31708.0 9861.0
31713.0 9859.0
31716.0 9857.0
31726.0 9853.0
31729.0 9851.0
31744.0 9850.0
31747.0 9849.0
31748.0 9848.0
31752.0 9846.0
31758.0 9843.0
31762.0 9842.0
31764.0 9840.0
31772.0 9838.0
31780.0 9834.0
31790.0 9833.0
31792.0 9830.0
31800.0 9826.0
31813.0 9820.0
31826.0 9819.0
31831.0 9818.0
31835.0 9817.0
31843.0 9813.0
31851.0 9811.0
31856.0 9807.0
31864.0 9805.0
31881.0 9804.0
31882.0 9803.0
31885.0 9802.0
31889.0 9800.0
31891.0 9798.0
31896.0 9795.0
31897.0 9794.0
31902.0 9792.0
31904.0 9790.0
31906.0 9789.0
31908.0 9787.0
31911.0 9785.0
31916.0 9784.0
31919.0 9782.0
31920.0 9781.0
31921.0 9779.0
31923.0 9777.0
31929.0 9776.0
31930.0 9775.0
31931.0 9774.0
31934.0 9772.0
31939.0 9771.0
31941.0 9769.0
31943.0 9768.0
31944.0 9766.0
31945.0 9765.0
31946.0 9764.0
31952.0 9763.0
31953.0 9762.0
31954.0 9761.0
31961.0 9759.0
31963.0 9758.0
31964.0 9756.0
31966.0 9755.0
31968.0 9752.0
31970.0 9751.0
31976.0 9749.0
31978.0 9748.0
31986.0 9746.0
31988.0 9745.0
31996.0 9744.0
31999.0 9743.0
32005.0 9739.0
32007.0 9738.0
32009.0 9735.0
32011.0 9734.0
32021.0 9731.0
32023.0 9730.0
32032.0 9729.0
32039.0 9728.0
32042.0 9726.0
32044.0 9725.0
32049.0 9722.0
32054.0 9721.0
32059.0 9719.0
32061.0 9718.0
32069.0 9717.0
32071.0 9715.0
32076.0 9713.0
32082.0 9712.0
32085.0 9710.0
32091.0 9709.0
32094.0 9708.0
32100.0 9706.0
32102.0 9705.0
32108.0 9704.0
32111.0 9702.0
32117.0 9701.0
32120.0 9697.0
32129.0 9696.0
32132.0 9694.0
32133.0 9693.0
32136.0 9692.0
32141.0 9690.0
32144.0 9686.0
32148.0 9685.0
32152.0 9683.0
32156.0 9680.0
32168.0 9679.0
32170.0 9678.0
32172.0 9677.0
32175.0 9674.0
32179.0 9670.0
32183.0 9669.0
32199.0 9668.0
32200.0 9667.0
32201.0 9666.0
32205.0 9662.0
32209.0 9661.0
32214.0 9658.0
32227.0 9657.0
32234.0 9656.0
32240.0 9650.0
32250.0 9649.0
32257.0 9644.0
32277.0 9642.0
32283.0 9636.0
32293.0 9635.0
32303.0 9634.0
32313.0 9633.0
32314.0 9631.0
32321.0 9629.0
32331.0 9628.0
32341.0 9627.0
32351.0 9626.0
32352.0 9624.0
32362.0 9623.0
32372.0 9622.0
32382.0 9621.0
32402.0 9620.0
32411.0 9618.0
32417.0 9616.0
32426.0 9615.0
32436.0 9614.0
32455.0 9609.0
32462.0 9608.0
32472.0 9607.0
32477.0 9605.0
32487.0 9604.0
32506.0 9599.0
32541.0 9597.0
32573.0 9595.0
32608.0 9594.0
32663.0 9592.0
