322.0 1258.0
323.0 1224.0
324.0 1196.0
325.0 1173.0
326.0 1169.0
327.0 1156.0
328.0 1152.0
329.0 1139.0
330.0 1127.0
331.0 1123.0
332.0 1110.0
333.0 1106.0
334.0 1101.0
335.0 1088.0
337.0 1076.0
338.0 1057.0
339.0 1053.0
340.0 1049.0
341.0 1046.0
342.0 1036.0
343.0 1021.0
344.0 1008.0
345.0 1000.0
346.0 987.0
347.0 982.0
348.0 974.0
349.0 961.0
350.0 960.0
352.0 947.0
353.0 946.0
356.0 940.0
357.0 937.0
358.0 927.0
359.0 921.0
360.0 914.0
364.0 910.0
366.0 900.0
369.0 899.0
370.0 894.0
373.0 893.0
375.0 884.0
376.0 881.0
379.0 878.0
380.0 875.0
383.0 870.0
384.0 867.0
386.0 866.0
387.0 863.0
388.0 861.0
390.0 855.0
391.0 850.0
394.0 849.0
395.0 844.0
398.0 842.0
399.0 837.0
401.0 836.0
403.0 834.0
404.0 831.0
408.0 825.0
410.0 823.0
411.0 820.0
415.0 819.0
416.0 817.0
418.0 815.0
419.0 812.0
420.0 810.0
428.0 809.0
435.0 808.0
