198.0 1299.0
199.0 1243.0
200.0 1235.0
201.0 1231.0
202.0 1223.0
203.0 1217.0
205.0 1213.0
206.0 1206.0
207.0 1200.0
208.0 1144.0
209.0 1126.0
210.0 1111.0
212.0 1107.0
213.0 1106.0
214.0 1099.0
215.0 1096.0
216.0 1092.0
217.0 1084.0
220.0 1077.0
221.0 1075.0
223.0 1067.0
225.0 1066.0
227.0 1063.0
228.0 1056.0
230.0 1053.0
234.0 1048.0
236.0 1045.0
237.0 1044.0
239.0 1036.0
241.0 1034.0
242.0 1030.0
243.0 1029.0
245.0 1027.0
246.0 1025.0
247.0 1021.0
248.0 1020.0
249.0 1017.0
251.0 1013.0
252.0 1010.0
255.0 1007.0
257.0 1001.0
259.0 999.0
261.0 998.0
262.0 997.0
263.0 996.0
265.0 995.0
266.0 994.0
267.0 990.0
269.0 988.0
271.0 985.0
273.0 983.0
276.0 980.0
279.0 979.0
282.0 976.0
308.0 975.0
