7946.0 1294.0
7947.0 1270.0
7948.0 1259.0
7953.0 1255.0
7955.0 1254.0
7956.0 1243.0
7959.0 1236.0
7964.0 1232.0
7966.0 1231.0
7967.0 1230.0
7968.0 1219.0
7975.0 1217.0
7977.0 1211.0
7978.0 1209.0
7983.0 1201.0
7986.0 1194.0
7989.0 1193.0
7990.0 1187.0
7992.0 1186.0
7995.0 1177.0
8002.0 1170.0
8004.0 1164.0
8014.0 1163.0
8015.0 1160.0
8016.0 1147.0
8030.0 1143.0
8033.0 1136.0
8037.0 1125.0
8050.0 1120.0
8051.0 1107.0
8070.0 1101.0
8077.0 1094.0
8094.0 1093.0
8096.0 1088.0
8106.0 1086.0
8110.0 1084.0
8115.0 1080.0
8122.0 1078.0
8129.0 1076.0
8130.0 1070.0
8134.0 1066.0
8148.0 1064.0
8158.0 1063.0
8160.0 1058.0
8161.0 1050.0
8165.0 1049.0
8174.0 1033.0
8188.0 1030.0
8191.0 1028.0
8192.0 1026.0
8196.0 1020.0
8199.0 1018.0
8206.0 1013.0
8212.0 1012.0
8218.0 1011.0
8223.0 1007.0
8227.0 1006.0
8230.0 1004.0
8235.0 1000.0
8238.0 994.0
8246.0 990.0
8249.0 988.0
8262.0 983.0
8270.0 977.0
8276.0 975.0
8287.0 974.0
8289.0 973.0
8290.0 972.0
8292.0 969.0
8299.0 965.0
8306.0 961.0
8319.0 959.0
8326.0 955.0
8347.0 954.0
8350.0 950.0
8365.0 949.0
8379.0 946.0
8389.0 944.0
8408.0 940.0
8414.0 937.0
8430.0 936.0
8433.0 934.0
8436.0 933.0
8450.0 928.0
8456.0 925.0
8475.0 922.0
8479.0 921.0
8482.0 920.0
8488.0 917.0
8507.0 914.0
8511.0 913.0
8530.0 910.0
8560.0 909.0
8567.0 907.0
8574.0 906.0
8575.0 903.0
8583.0 901.0
8587.0 900.0
8590.0 896.0
8606.0 892.0
8614.0 891.0
8629.0 890.0
8630.0 887.0
8638.0 885.0
8659.0 882.0
8662.0 880.0
8684.0 878.0
8723.0 876.0
