24744.0 7665.0
24747.0 7656.0
24748.0 7646.0
24751.0 7637.0
24754.0 7634.0
24755.0 7624.0
24758.0 7615.0
24760.0 7612.0
24762.0 7608.0
24763.0 7603.0
24765.0 7599.0
24767.0 7590.0
24769.0 7586.0
24770.0 7581.0
24772.0 7577.0
24774.0 7574.0
24777.0 7565.0
24780.0 7561.0
24781.0 7552.0
24784.0 7543.0
24786.0 7535.0
24789.0 7526.0
24792.0 7522.0
24793.0 7513.0
24796.0 7504.0
24799.0 7501.0
24800.0 7497.0
24803.0 7488.0
24806.0 7485.0
24807.0 7475.0
24810.0 7466.0
24813.0 7463.0
24815.0 7458.0
24817.0 7457.0
24819.0 7453.0
24821.0 7444.0
24824.0 7435.0
24828.0 7432.0
24830.0 7408.0
24835.0 7404.0
24836.0 7393.0
24838.0 7390.0
24841.0 7389.0
24843.0 7386.0
24844.0 7375.0
24848.0 7372.0
24849.0 7371.0
24851.0 7370.0
24853.0 7368.0
24854.0 7357.0
24857.0 7344.0
24860.0 7341.0
24861.0 7334.0
24862.0 7330.0
24863.0 7329.0
24865.0 7327.0
24866.0 7323.0
24867.0 7319.0
24868.0 7314.0
24871.0 7310.0
24872.0 7308.0
24874.0 7299.0
24876.0 7296.0
24877.0 7295.0
24879.0 7293.0
24880.0 7281.0
24883.0 7278.0
24885.0 7277.0
24886.0 7271.0
24889.0 7266.0
24890.0 7264.0
24893.0 7260.0
24894.0 7257.0
24895.0 7249.0
24899.0 7234.0
24904.0 7230.0
24905.0 7224.0
24907.0 7222.0
24910.0 7220.0
24912.0 7216.0
24913.0 7212.0
24916.0 7211.0
24918.0 7209.0
24919.0 7204.0
24920.0 7202.0
24922.0 7200.0
24925.0 7198.0
24927.0 7194.0
24928.0 7190.0
24933.0 7187.0
24934.0 7182.0
24937.0 7181.0
24938.0 7180.0
24940.0 7176.0
24942.0 7168.0
24948.0 7153.0
24956.0 7152.0
24958.0 7143.0
24963.0 7140.0
24965.0 7130.0
24973.0 7124.0
24974.0 7118.0
24979.0 7110.0
24982.0 7108.0
24984.0 7103.0
24985.0 7096.0
24990.0 7088.0
24995.0 7086.0
24999.0 7082.0
25000.0 7078.0
25002.0 7073.0
25007.0 7065.0
25012.0 7063.0
25016.0 7059.0
25017.0 7055.0
25019.0 7050.0
25024.0 7046.0
25027.0 7044.0
25031.0 7041.0
25033.0 7040.0
25034.0 7037.0
25037.0 7034.0
25041.0 7028.0
25045.0 7026.0
25048.0 7022.0
25050.0 7017.0
25055.0 7016.0
25059.0 7015.0
25060.0 7007.0
25067.0 6998.0
25075.0 6993.0
25077.0 6989.0
25082.0 6988.0
25085.0 6980.0
25092.0 6974.0
25095.0 6971.0
25099.0 6970.0
25102.0 6965.0
25105.0 6963.0
25109.0 6961.0
25112.0 6960.0
25115.0 6954.0
25119.0 6953.0
25122.0 6950.0
25123.0 6946.0
25126.0 6945.0
25127.0 6941.0
25130.0 6940.0
25131.0 6937.0
25132.0 6929.0
25138.0 6928.0
25139.0 6924.0
25140.0 6920.0
25142.0 6913.0
25146.0 6912.0
25148.0 6907.0
25150.0 6904.0
25151.0 6900.0
25157.0 6899.0
25158.0 6891.0
25160.0 6890.0
25161.0 6884.0
25167.0 6878.0
25169.0 6875.0
25171.0 6872.0
25174.0 6870.0
25176.0 6868.0
25177.0 6862.0
25182.0 6859.0
25184.0 6858.0
25186.0 6853.0
25187.0 6850.0
25192.0 6847.0
25194.0 6845.0
25196.0 6841.0
25201.0 6837.0
25204.0 6833.0
25207.0 6832.0
25209.0 6830.0
25210.0 6828.0
25211.0 6825.0
25215.0 6824.0
25216.0 6822.0
25218.0 6820.0
25220.0 6816.0
25225.0 6813.0
25227.0 6811.0
25228.0 6808.0
25233.0 6805.0
25235.0 6803.0
25239.0 6800.0
25244.0 6797.0
25246.0 6795.0
25247.0 6792.0
25252.0 6789.0
25254.0 6787.0
25261.0 6784.0
25263.0 6781.0
25265.0 6779.0
25269.0 6778.0
25270.0 6773.0
25272.0 6771.0
25273.0 6769.0
25275.0 6767.0
25280.0 6761.0
25282.0 6759.0
25287.0 6756.0
25289.0 6754.0
25291.0 6750.0
25293.0 6748.0
25295.0 6747.0
25297.0 6745.0
25300.0 6743.0
25302.0 6741.0
25304.0 6739.0
25309.0 6733.0
25312.0 6732.0
25314.0 6731.0
25315.0 6729.0
25320.0 6726.0
25321.0 6725.0
25322.0 6724.0
25323.0 6723.0
25326.0 6720.0
25329.0 6719.0
25331.0 6715.0
25333.0 6713.0
25335.0 6712.0
25336.0 6710.0
25340.0 6708.0
25342.0 6704.0
25345.0 6701.0
25349.0 6698.0
25351.0 6697.0
25352.0 6689.0
25355.0 6687.0
25358.0 6683.0
25360.0 6676.0
25366.0 6672.0
25371.0 6666.0
25374.0 6662.0
25377.0 6660.0
25380.0 6658.0
25382.0 6649.0
25388.0 6645.0
25393.0 6639.0
25399.0 6635.0
25407.0 6632.0
25409.0 6631.0
25413.0 6628.0
25415.0 6627.0
25419.0 6625.0
25423.0 6624.0
25427.0 6623.0
25429.0 6620.0
25435.0 6617.0
25441.0 6616.0
25447.0 6613.0
25452.0 6611.0
25458.0 6607.0
25462.0 6606.0
25466.0 6604.0
25468.0 6603.0
25472.0 6600.0
25474.0 6599.0
25478.0 6597.0
25482.0 6596.0
25485.0 6595.0
25486.0 6594.0
25488.0 6592.0
25494.0 6589.0
25499.0 6588.0
25501.0 6587.0
25502.0 6586.0
25506.0 6585.0
25509.0 6584.0
25510.0 6582.0
25515.0 6580.0
25520.0 6578.0
25526.0 6574.0
25538.0 6570.0
25543.0 6569.0
25548.0 6566.0
25556.0 6564.0
25560.0 6562.0
25568.0 6560.0
25571.0 6559.0
25574.0 6558.0
25576.0 6556.0
25578.0 6552.0
25586.0 6549.0
25590.0 6548.0
25599.0 6547.0
25600.0 6543.0
25605.0 6540.0
25617.0 6536.0
25631.0 6533.0
25636.0 6530.0
25643.0 6528.0
25644.0 6527.0
25648.0 6526.0
25655.0 6524.0
25658.0 6521.0
25663.0 6518.0
25675.0 6514.0
25686.0 6513.0
25689.0 6511.0
25698.0 6509.0
25701.0 6507.0
25709.0 6506.0
25717.0 6505.0
25718.0 6504.0
25721.0 6502.0
25723.0 6500.0
25730.0 6498.0
25735.0 6496.0
25738.0 6494.0
25745.0 6492.0
25746.0 6491.0
25750.0 6490.0
25756.0 6489.0
25757.0 6488.0
25760.0 6485.0
25765.0 6482.0
25776.0 6480.0
25777.0 6478.0
25783.0 6477.0
25793.0 6473.0
25801.0 6471.0
25803.0 6470.0
25806.0 6469.0
25808.0 6468.0
25811.0 6467.0
25812.0 6464.0
25814.0 6462.0
25816.0 6461.0
25819.0 6456.0
25824.0 6455.0
25827.0 6449.0
25833.0 6448.0
25835.0 6447.0
25838.0 6444.0
25839.0 6443.0
25846.0 6435.0
25857.0 6433.0
25858.0 6431.0
25861.0 6430.0
25865.0 6423.0
25881.0 6422.0
25883.0 6421.0
25885.0 6420.0
25887.0 6418.0
25889.0 6413.0
25891.0 6411.0
25907.0 6410.0
25913.0 6403.0
25929.0 6398.0
25945.0 6397.0
25951.0 6390.0
25967.0 6389.0
25971.0 6388.0
25976.0 6385.0
25984.0 6384.0
25989.0 6382.0
25993.0 6380.0
25998.0 6377.0
26002.0 6375.0
26011.0 6374.0
26018.0 6369.0
26024.0 6367.0
26033.0 6366.0
26035.0 6363.0
26040.0 6361.0
26049.0 6360.0
26056.0 6356.0
26057.0 6355.0
26062.0 6354.0
26071.0 6353.0
26073.0 6350.0
26078.0 6348.0
26087.0 6347.0
26095.0 6342.0
26104.0 6341.0
26115.0 6340.0
26118.0 6338.0
26126.0 6336.0
26137.0 6332.0
26146.0 6331.0
26158.0 6330.0
26160.0 6328.0
26169.0 6327.0
26188.0 6326.0
26197.0 6325.0
26204.0 6321.0
26216.0 6320.0
26227.0 6317.0
26255.0 6315.0
26337.0 6313.0
26341.0 6312.0
26367.0 6310.0
26423.0 6307.0
26440.0 6306.0
26447.0 6304.0
26453.0 6302.0
26460.0 6300.0
26466.0 6298.0
26473.0 6297.0
26479.0 6295.0
26486.0 6294.0
26493.0 6292.0
26499.0 6290.0
26514.0 6288.0
26520.0 6286.0
26537.0 6285.0
26546.0 6284.0
26549.0 6283.0
26553.0 6282.0
26558.0 6281.0
26559.0 6280.0
26582.0 6279.0
26587.0 6278.0
26588.0 6277.0
26597.0 6275.0
26620.0 6274.0
26626.0 6272.0
26636.0 6271.0
26653.0 6270.0
