416.0 1290.0
417.0 1247.0
418.0 1216.0
420.0 1194.0
422.0 1177.0
424.0 1165.0
426.0 1161.0
427.0 1155.0
428.0 1149.0
429.0 1143.0
430.0 1142.0
431.0 1139.0
432.0 1138.0
433.0 1127.0
434.0 1126.0
435.0 1123.0
436.0 1122.0
437.0 1121.0
438.0 1116.0
439.0 1115.0
441.0 1106.0
443.0 1101.0
445.0 1100.0
446.0 1096.0
447.0 1095.0
449.0 1093.0
450.0 1090.0
451.0 1085.0
452.0 1082.0
455.0 1078.0
456.0 1075.0
457.0 1071.0
460.0 1069.0
461.0 1064.0
462.0 1056.0
466.0 1050.0
468.0 1045.0
470.0 1044.0
472.0 1039.0
474.0 1034.0
478.0 1029.0
480.0 1024.0
484.0 1023.0
486.0 1022.0
487.0 1020.0
488.0 1017.0
489.0 1015.0
492.0 1013.0
494.0 1005.0
499.0 1003.0
501.0 1001.0
502.0 999.0
506.0 997.0
509.0 994.0
511.0 993.0
529.0 992.0
534.0 990.0
540.0 988.0
545.0 986.0
