9465.0 670.0
9474.0 666.0
9475.0 657.0
9483.0 652.0
9485.0 647.0
9488.0 631.0
9490.0 626.0
9494.0 612.0
9496.0 607.0
9504.0 603.0
9506.0 598.0
9512.0 596.0
9513.0 586.0
9515.0 581.0
9521.0 579.0
9523.0 574.0
9538.0 573.0
9540.0 568.0
9554.0 566.0
9559.0 565.0
9561.0 560.0
9568.0 559.0
9570.0 558.0
9581.0 557.0
9583.0 554.0
9589.0 550.0
9599.0 544.0
9605.0 537.0
9613.0 536.0
9621.0 534.0
9629.0 533.0
9643.0 527.0
9651.0 526.0
9665.0 524.0
9672.0 523.0
9689.0 520.0
9692.0 519.0
9694.0 518.0
9696.0 517.0
9706.0 512.0
9738.0 511.0
9740.0 510.0
9745.0 505.0
9748.0 504.0
9764.0 503.0
9777.0 500.0
9786.0 499.0
9789.0 498.0
9791.0 497.0
9807.0 496.0
9819.0 494.0
9835.0 493.0
9844.0 490.0
9860.0 489.0
9861.0 486.0
9877.0 485.0
9916.0 484.0
