19371.0 5974.0
19373.0 5957.0
19375.0 5949.0
19378.0 5945.0
19381.0 5939.0
19383.0 5937.0
19386.0 5933.0
19387.0 5929.0
19389.0 5927.0
19390.0 5925.0
19393.0 5919.0
19394.0 5916.0
19395.0 5911.0
19396.0 5908.0
19397.0 5886.0
19398.0 5882.0
19399.0 5878.0
19400.0 5874.0
19401.0 5850.0
19402.0 5846.0
19403.0 5842.0
19404.0 5838.0
19406.0 5835.0
19407.0 5831.0
19408.0 5827.0
19410.0 5825.0
19411.0 5821.0
19412.0 5816.0
19413.0 5812.0
19414.0 5808.0
19415.0 5804.0
19417.0 5801.0
19418.0 5797.0
19419.0 5793.0
19421.0 5790.0
19422.0 5786.0
19423.0 5785.0
19424.0 5783.0
19425.0 5779.0
19426.0 5775.0
19429.0 5771.0
19430.0 5767.0
19432.0 5765.0
19433.0 5761.0
19434.0 5757.0
19436.0 5753.0
19438.0 5749.0
19440.0 5744.0
19445.0 5742.0
19447.0 5739.0
19449.0 5732.0
19451.0 5724.0
19454.0 5723.0
19460.0 5716.0
19467.0 5710.0
19469.0 5709.0
19471.0 5701.0
19475.0 5697.0
19480.0 5696.0
19482.0 5690.0
19485.0 5688.0
19486.0 5682.0
19493.0 5680.0
19494.0 5678.0
19495.0 5675.0
19497.0 5669.0
19501.0 5667.0
19502.0 5664.0
19505.0 5662.0
19506.0 5661.0
19507.0 5660.0
19509.0 5652.0
19512.0 5651.0
19513.0 5650.0
19514.0 5643.0
19516.0 5641.0
19517.0 5637.0
19519.0 5635.0
19520.0 5633.0
19521.0 5632.0
19522.0 5631.0
19523.0 5627.0
19524.0 5626.0
19525.0 5625.0
19527.0 5622.0
19530.0 5616.0
19533.0 5614.0
19534.0 5612.0
19535.0 5611.0
19536.0 5610.0
19538.0 5607.0
19541.0 5601.0
19544.0 5599.0
19550.0 5596.0
19553.0 5594.0
19557.0 5592.0
19558.0 5588.0
19561.0 5586.0
19563.0 5585.0
19564.0 5584.0
19565.0 5583.0
19567.0 5582.0
19568.0 5577.0
19571.0 5575.0
19574.0 5574.0
19575.0 5565.0
19577.0 5563.0
19581.0 5555.0
19582.0 5554.0
19583.0 5553.0
19585.0 5552.0
19586.0 5550.0
19588.0 5544.0
19591.0 5542.0
19592.0 5540.0
19593.0 5539.0
19594.0 5538.0
19596.0 5537.0
19599.0 5529.0
19602.0 5527.0
19608.0 5524.0
19611.0 5522.0
19614.0 5520.0
19616.0 5516.0
19617.0 5514.0
19621.0 5513.0
19622.0 5512.0
19624.0 5511.0
19625.0 5509.0
19626.0 5505.0
19627.0 5502.0
19629.0 5500.0
19634.0 5499.0
19635.0 5494.0
19637.0 5492.0
19639.0 5485.0
19645.0 5482.0
19646.0 5481.0
19647.0 5479.0
19649.0 5475.0
19652.0 5472.0
19653.0 5471.0
19654.0 5469.0
19657.0 5465.0
19658.0 5464.0
19659.0 5461.0
19662.0 5458.0
19664.0 5455.0
19666.0 5448.0
19672.0 5446.0
19674.0 5440.0
19675.0 5437.0
19678.0 5433.0
19681.0 5429.0
19683.0 5427.0
19686.0 5412.0
19691.0 5406.0
19693.0 5401.0
19700.0 5397.0
19705.0 5384.0
19716.0 5372.0
19725.0 5370.0
19727.0 5364.0
19729.0 5363.0
19730.0 5356.0
19733.0 5354.0
19737.0 5351.0
19739.0 5340.0
19744.0 5333.0
19746.0 5327.0
19748.0 5326.0
19752.0 5317.0
19756.0 5314.0
19759.0 5313.0
19761.0 5307.0
19762.0 5304.0
19763.0 5301.0
19765.0 5300.0
19767.0 5297.0
19768.0 5296.0
19769.0 5291.0
19771.0 5290.0
19777.0 5289.0
19778.0 5284.0
19781.0 5279.0
19785.0 5275.0
19787.0 5269.0
19794.0 5268.0
19795.0 5267.0
19796.0 5263.0
19798.0 5262.0
19799.0 5260.0
19800.0 5257.0
19802.0 5256.0
19805.0 5252.0
19806.0 5247.0
19808.0 5246.0
19811.0 5242.0
19813.0 5239.0
19815.0 5237.0
19818.0 5235.0
19819.0 5232.0
19821.0 5227.0
19824.0 5225.0
19825.0 5224.0
19827.0 5220.0
19831.0 5218.0
19834.0 5215.0
19835.0 5214.0
19836.0 5211.0
19839.0 5206.0
19840.0 5205.0
19843.0 5204.0
19845.0 5196.0
19847.0 5192.0
19853.0 5182.0
19861.0 5180.0
19862.0 5173.0
19868.0 5163.0
19877.0 5154.0
19884.0 5147.0
19891.0 5146.0
19893.0 5138.0
19900.0 5137.0
19902.0 5133.0
19907.0 5130.0
19911.0 5124.0
19916.0 5121.0
19933.0 5120.0
19935.0 5112.0
19942.0 5109.0
19948.0 5105.0
19955.0 5103.0
19961.0 5101.0
19963.0 5097.0
19964.0 5090.0
19977.0 5087.0
19987.0 5081.0
19995.0 5079.0
19999.0 5077.0
20004.0 5076.0
20005.0 5073.0
20009.0 5071.0
20013.0 5070.0
20016.0 5063.0
20021.0 5059.0
20028.0 5051.0
20052.0 5048.0
20063.0 5046.0
20068.0 5042.0
20081.0 5041.0
20085.0 5039.0
20091.0 5036.0
20101.0 5033.0
20114.0 5032.0
20120.0 5027.0
20133.0 5026.0
20139.0 5023.0
20149.0 5020.0
20161.0 5018.0
20166.0 5017.0
20171.0 5016.0
20175.0 5013.0
20181.0 5011.0
20187.0 5007.0
20190.0 5005.0
20192.0 5003.0
20201.0 5001.0
20205.0 4999.0
20211.0 4998.0
20212.0 4996.0
20215.0 4995.0
20217.0 4991.0
20227.0 4989.0
20229.0 4986.0
20232.0 4985.0
20238.0 4980.0
20243.0 4978.0
20252.0 4976.0
20255.0 4970.0
20264.0 4968.0
20268.0 4966.0
20273.0 4964.0
20280.0 4958.0
20293.0 4954.0
20297.0 4952.0
20308.0 4950.0
20321.0 4949.0
20323.0 4947.0
20328.0 4945.0
20330.0 4944.0
20332.0 4943.0
20339.0 4942.0
20349.0 4940.0
20351.0 4939.0
20358.0 4937.0
20362.0 4935.0
20363.0 4932.0
20367.0 4930.0
20380.0 4929.0
20382.0 4927.0
20386.0 4926.0
20390.0 4924.0
20391.0 4921.0
20395.0 4919.0
20406.0 4915.0
20414.0 4913.0
20424.0 4909.0
20432.0 4905.0
20440.0 4903.0
20455.0 4900.0
20458.0 4899.0
20463.0 4898.0
20466.0 4897.0
20470.0 4895.0
20471.0 4894.0
20478.0 4893.0
20479.0 4892.0
20486.0 4889.0
20494.0 4887.0
20511.0 4886.0
20518.0 4885.0
20519.0 4884.0
20526.0 4881.0
20534.0 4879.0
20541.0 4878.0
20547.0 4877.0
20549.0 4876.0
20550.0 4874.0
20558.0 4872.0
20573.0 4870.0
20577.0 4869.0
20583.0 4868.0
20585.0 4867.0
20595.0 4865.0
20604.0 4861.0
20613.0 4860.0
20614.0 4859.0
20616.0 4858.0
20625.0 4857.0
20626.0 4853.0
20636.0 4851.0
20647.0 4850.0
20649.0 4849.0
20650.0 4847.0
20657.0 4844.0
20666.0 4843.0
20667.0 4842.0
20679.0 4841.0
20687.0 4840.0
20688.0 4838.0
20690.0 4837.0
20697.0 4834.0
20711.0 4833.0
20712.0 4832.0
20715.0 4830.0
20727.0 4829.0
20728.0 4828.0
20733.0 4827.0
20735.0 4822.0
20747.0 4821.0
20748.0 4820.0
20757.0 4817.0
20762.0 4814.0
20772.0 4810.0
20777.0 4809.0
20784.0 4808.0
20792.0 4802.0
20804.0 4800.0
20816.0 4797.0
20822.0 4794.0
20830.0 4793.0
20834.0 4792.0
20839.0 4790.0
20841.0 4789.0
20846.0 4786.0
20862.0 4785.0
20865.0 4781.0
20888.0 4780.0
20890.0 4776.0
20911.0 4773.0
20933.0 4771.0
20937.0 4768.0
20946.0 4766.0
20947.0 4765.0
20950.0 4763.0
20958.0 4762.0
20961.0 4759.0
20965.0 4756.0
20973.0 4755.0
20977.0 4752.0
20986.0 4751.0
20990.0 4749.0
20991.0 4748.0
20997.0 4747.0
20999.0 4746.0
21001.0 4744.0
21007.0 4742.0
21016.0 4741.0
21022.0 4735.0
21035.0 4734.0
21045.0 4733.0
21047.0 4728.0
21054.0 4727.0
21056.0 4725.0
21071.0 4724.0
21077.0 4722.0
21079.0 4720.0
21081.0 4718.0
21088.0 4717.0
21103.0 4716.0
21109.0 4714.0
21113.0 4710.0
21130.0 4709.0
21135.0 4708.0
21136.0 4705.0
21149.0 4704.0
21151.0 4701.0
21153.0 4700.0
21155.0 4698.0
21161.0 4694.0
21166.0 4691.0
21172.0 4690.0
21174.0 4685.0
21185.0 4684.0
21189.0 4682.0
21195.0 4678.0
21204.0 4675.0
21208.0 4673.0
21238.0 4672.0
21242.0 4670.0
21250.0 4669.0
21263.0 4668.0
21267.0 4666.0
21271.0 4664.0
21280.0 4662.0
21287.0 4661.0
21301.0 4660.0
21304.0 4658.0
21314.0 4652.0
21326.0 4651.0
21331.0 4650.0
21335.0 4648.0
21355.0 4646.0
