99.0 1178.0
100.0 1132.0
102.0 1103.0
104.0 1089.0
105.0 1079.0
106.0 1073.0
107.0 1069.0
108.0 1057.0
109.0 1048.0
110.0 1033.0
111.0 1031.0
112.0 1018.0
113.0 1016.0
114.0 999.0
115.0 996.0
116.0 981.0
118.0 975.0
119.0 969.0
120.0 967.0
121.0 957.0
123.0 951.0
124.0 944.0
125.0 940.0
126.0 936.0
127.0 932.0
128.0 927.0
129.0 926.0
130.0 919.0
131.0 913.0
133.0 911.0
134.0 904.0
135.0 893.0
138.0 888.0
139.0 884.0
141.0 881.0
142.0 874.0
144.0 868.0
145.0 866.0
148.0 862.0
150.0 858.0
151.0 856.0
154.0 852.0
157.0 851.0
