521.0 1362.0
522.0 1353.0
523.0 1344.0
524.0 1335.0
525.0 1318.0
526.0 1308.0
527.0 1299.0
528.0 1289.0
529.0 1280.0
530.0 1279.0
531.0 1267.0
532.0 1266.0
534.0 1258.0
535.0 1257.0
536.0 1245.0
537.0 1244.0
539.0 1236.0
540.0 1229.0
541.0 1226.0
542.0 1223.0
543.0 1216.0
544.0 1210.0
545.0 1207.0
547.0 1201.0
548.0 1198.0
550.0 1194.0
551.0 1191.0
552.0 1188.0
553.0 1181.0
554.0 1175.0
555.0 1172.0
557.0 1170.0
558.0 1164.0
559.0 1161.0
560.0 1160.0
561.0 1159.0
562.0 1156.0
563.0 1153.0
565.0 1152.0
566.0 1148.0
568.0 1147.0
569.0 1142.0
570.0 1141.0
571.0 1137.0
573.0 1134.0
574.0 1133.0
576.0 1129.0
578.0 1128.0
579.0 1125.0
583.0 1118.0
585.0 1117.0
586.0 1111.0
588.0 1110.0
589.0 1104.0
595.0 1103.0
596.0 1097.0
600.0 1092.0
601.0 1089.0
602.0 1088.0
603.0 1081.0
604.0 1078.0
608.0 1072.0
609.0 1071.0
615.0 1069.0
617.0 1067.0
618.0 1061.0
621.0 1058.0
622.0 1057.0
625.0 1049.0
633.0 1044.0
