29721.0 11656.0
29724.0 11650.0
29725.0 11634.0
29726.0 11586.0
29727.0 11580.0
29728.0 11574.0
29733.0 11563.0
29736.0 11558.0
29737.0 11552.0
29738.0 11366.0
29739.0 11365.0
29741.0 11353.0
29742.0 11352.0
29749.0 11349.0
29750.0 11338.0
29751.0 11320.0
29752.0 11309.0
29754.0 11307.0
29755.0 11296.0
29758.0 11287.0
29761.0 11276.0
29764.0 11263.0
29767.0 11254.0
29770.0 11251.0
29772.0 11247.0
29773.0 11242.0
29776.0 11233.0
29779.0 11230.0
29781.0 11225.0
29784.0 11224.0
29785.0 11220.0
29788.0 11217.0
29790.0 11212.0
29792.0 11210.0
29795.0 11207.0
29797.0 11205.0
29798.0 11200.0
29801.0 11197.0
29803.0 11196.0
29804.0 11194.0
29806.0 11191.0
29807.0 11187.0
29810.0 11184.0
29811.0 11164.0
29819.0 11151.0
29829.0 11146.0
29830.0 11135.0
29833.0 11132.0
29838.0 11128.0
29839.0 11127.0
29841.0 11126.0
29842.0 11119.0
29853.0 11118.0
29856.0 11115.0
29858.0 11114.0
29859.0 11113.0
29861.0 11112.0
29868.0 11110.0
29869.0 11097.0
29876.0 11094.0
29878.0 11092.0
29879.0 11091.0
29880.0 11087.0
29882.0 11085.0
29883.0 11082.0
29884.0 11079.0
29887.0 11075.0
29888.0 11069.0
29891.0 11067.0
29894.0 11066.0
29895.0 11057.0
29898.0 11056.0
29901.0 11052.0
29903.0 11046.0
29906.0 11043.0
29907.0 11040.0
29910.0 11034.0
29913.0 11028.0
29916.0 11027.0
29917.0 11025.0
29918.0 11024.0
29919.0 11015.0
29922.0 11014.0
29925.0 11012.0
29926.0 11003.0
29929.0 11002.0
29934.0 10998.0
29936.0 10995.0
29940.0 10993.0
29941.0 10986.0
29944.0 10984.0
29947.0 10978.0
29951.0 10975.0
29952.0 10974.0
29953.0 10965.0
29959.0 10962.0
29960.0 10953.0
29967.0 10952.0
29968.0 10951.0
29969.0 10949.0
29971.0 10945.0
29973.0 10944.0
29974.0 10938.0
29980.0 10935.0
29984.0 10934.0
29986.0 10932.0
29987.0 10923.0
29994.0 10922.0
29995.0 10921.0
29996.0 10919.0
29998.0 10915.0
30000.0 10914.0
30001.0 10908.0
30008.0 10907.0
30009.0 10903.0
30012.0 10900.0
30016.0 10898.0
30019.0 10895.0
30020.0 10893.0
30022.0 10891.0
30023.0 10886.0
30025.0 10882.0
30027.0 10881.0
30028.0 10875.0
30036.0 10869.0
30038.0 10868.0
30039.0 10862.0
30043.0 10860.0
30047.0 10857.0
30049.0 10856.0
30050.0 10850.0
30052.0 10849.0
30054.0 10847.0
30055.0 10842.0
30062.0 10840.0
30063.0 10836.0
30064.0 10826.0
30065.0 10823.0
30068.0 10822.0
30072.0 10820.0
30075.0 10819.0
30076.0 10816.0
30077.0 10813.0
30080.0 10812.0
30081.0 10808.0
30084.0 10807.0
30085.0 10804.0
30087.0 10801.0
30090.0 10800.0
30091.0 10797.0
30094.0 10796.0
30095.0 10794.0
30098.0 10788.0
30101.0 10787.0
30102.0 10784.0
30105.0 10783.0
30109.0 10781.0
30112.0 10774.0
30115.0 10773.0
30116.0 10770.0
30119.0 10769.0
30123.0 10767.0
30125.0 10762.0
30129.0 10758.0
30133.0 10756.0
30134.0 10753.0
30137.0 10752.0
30138.0 10749.0
30139.0 10748.0
30142.0 10746.0
30143.0 10744.0
30147.0 10742.0
30148.0 10739.0
30151.0 10738.0
30152.0 10735.0
30155.0 10734.0
30156.0 10732.0
30159.0 10731.0
30160.0 10730.0
30161.0 10727.0
30165.0 10723.0
30169.0 10720.0
30173.0 10718.0
30174.0 10714.0
30175.0 10713.0
30178.0 10711.0
30179.0 10709.0
30183.0 10706.0
30187.0 10704.0
30188.0 10700.0
30191.0 10699.0
30192.0 10697.0
30195.0 10696.0
30198.0 10693.0
30200.0 10690.0
30201.0 10688.0
30203.0 10686.0
30205.0 10685.0
30206.0 10683.0
30209.0 10679.0
30213.0 10678.0
30215.0 10674.0
30219.0 10671.0
30224.0 10665.0
30227.0 10664.0
30230.0 10661.0
30232.0 10659.0
30235.0 10658.0
30237.0 10653.0
30243.0 10650.0
30246.0 10646.0
30249.0 10643.0
30250.0 10639.0
30257.0 10637.0
30259.0 10633.0
30260.0 10630.0
30262.0 10629.0
30263.0 10628.0
30264.0 10627.0
30266.0 10623.0
30269.0 10622.0
30270.0 10617.0
30274.0 10614.0
30275.0 10609.0
30282.0 10607.0
30283.0 10606.0
30287.0 10602.0
30289.0 10601.0
30290.0 10596.0
30294.0 10592.0
30307.0 10589.0
30309.0 10587.0
30316.0 10583.0
30317.0 10577.0
30322.0 10576.0
30327.0 10575.0
30328.0 10573.0
30330.0 10572.0
30331.0 10571.0
30332.0 10568.0
30334.0 10567.0
30336.0 10564.0
30341.0 10561.0
30348.0 10560.0
30351.0 10557.0
30352.0 10556.0
30358.0 10553.0
30359.0 10552.0
30360.0 10548.0
30362.0 10544.0
30373.0 10540.0
30378.0 10539.0
30381.0 10535.0
30388.0 10534.0
30389.0 10531.0
30392.0 10528.0
30393.0 10525.0
30394.0 10521.0
30396.0 10520.0
30397.0 10514.0
30403.0 10506.0
30407.0 10504.0
30411.0 10493.0
30420.0 10491.0
30422.0 10483.0
30430.0 10481.0
30432.0 10477.0
30436.0 10475.0
30438.0 10472.0
30440.0 10464.0
30448.0 10462.0
30451.0 10454.0
30459.0 10452.0
30460.0 10451.0
30463.0 10448.0
30470.0 10442.0
30471.0 10441.0
30479.0 10440.0
30481.0 10432.0
30486.0 10431.0
30488.0 10428.0
30491.0 10425.0
30499.0 10423.0
30500.0 10421.0
30501.0 10419.0
30502.0 10415.0
30506.0 10410.0
30514.0 10409.0
30515.0 10408.0
30517.0 10400.0
30525.0 10398.0
30532.0 10393.0
30535.0 10387.0
30543.0 10385.0
30547.0 10378.0
30550.0 10377.0
30555.0 10374.0
30562.0 10369.0
30565.0 10364.0
30571.0 10363.0
30575.0 10362.0
30577.0 10361.0
30579.0 10357.0
30580.0 10355.0
30582.0 10353.0
30587.0 10351.0
30589.0 10347.0
30597.0 10345.0
30599.0 10340.0
30601.0 10339.0
30602.0 10338.0
30604.0 10335.0
30607.0 10334.0
30610.0 10332.0
30612.0 10331.0
30614.0 10330.0
30615.0 10325.0
30616.0 10321.0
30620.0 10320.0
30625.0 10319.0
30628.0 10316.0
30629.0 10312.0
30633.0 10311.0
30638.0 10310.0
30640.0 10308.0
30642.0 10307.0
30647.0 10303.0
30651.0 10302.0
30652.0 10301.0
30653.0 10292.0
30658.0 10291.0
30661.0 10289.0
30666.0 10288.0
30668.0 10287.0
30672.0 10284.0
30673.0 10279.0
30676.0 10275.0
30681.0 10274.0
30682.0 10272.0
30687.0 10271.0
30689.0 10266.0
30694.0 10265.0
30696.0 10262.0
30699.0 10260.0
30702.0 10259.0
30705.0 10255.0
30707.0 10254.0
30709.0 10253.0
30710.0 10251.0
30711.0 10250.0
30712.0 10249.0
30716.0 10248.0
30718.0 10245.0
30722.0 10240.0
30727.0 10239.0
30728.0 10237.0
30730.0 10236.0
30732.0 10234.0
30734.0 10233.0
30735.0 10231.0
30736.0 10229.0
30737.0 10228.0
30739.0 10223.0
30742.0 10222.0
30743.0 10218.0
30748.0 10217.0
30750.0 10216.0
30751.0 10215.0
30753.0 10212.0
30755.0 10210.0
30757.0 10207.0
30762.0 10206.0
30764.0 10205.0
30765.0 10204.0
30766.0 10203.0
30767.0 10201.0
30768.0 10200.0
30770.0 10198.0
30775.0 10197.0
30778.0 10194.0
30780.0 10192.0
30784.0 10187.0
30791.0 10185.0
30792.0 10183.0
30793.0 10182.0
30794.0 10181.0
30795.0 10180.0
30797.0 10178.0
30799.0 10174.0
30801.0 10172.0
30806.0 10171.0
30809.0 10169.0
30811.0 10167.0
30816.0 10163.0
30818.0 10161.0
30822.0 10159.0
30824.0 10155.0
30826.0 10153.0
30830.0 10152.0
30832.0 10148.0
30834.0 10146.0
30838.0 10144.0
30840.0 10142.0
30844.0 10141.0
30848.0 10139.0
30850.0 10137.0
30855.0 10135.0
30860.0 10134.0
30861.0 10132.0
30865.0 10130.0
30867.0 10127.0
30869.0 10125.0
30873.0 10123.0
30875.0 10121.0
30879.0 10119.0
30883.0 10117.0
30885.0 10115.0
30890.0 10113.0
30895.0 10112.0
30897.0 10109.0
30899.0 10107.0
30903.0 10105.0
30905.0 10103.0
30910.0 10102.0
30914.0 10100.0
30916.0 10099.0
30918.0 10098.0
30920.0 10095.0
30922.0 10093.0
30926.0 10091.0
30928.0 10089.0
30933.0 10087.0
30938.0 10086.0
30941.0 10084.0
30943.0 10082.0
30947.0 10080.0
30949.0 10078.0
30953.0 10076.0
30955.0 10073.0
30957.0 10071.0
30961.0 10069.0
30963.0 10067.0
30968.0 10065.0
30973.0 10064.0
30978.0 10062.0
30983.0 10060.0
30990.0 10059.0
30992.0 10057.0
30996.0 10055.0
30998.0 10053.0
31003.0 10049.0
31011.0 10048.0
31019.0 10046.0
31021.0 10044.0
31026.0 10040.0
31027.0 10039.0
31030.0 10038.0
31032.0 10033.0
31038.0 10031.0
31040.0 10029.0
31045.0 10028.0
31055.0 10024.0
31063.0 10023.0
31065.0 10016.0
31078.0 10012.0
31088.0 10010.0
31093.0 10009.0
31096.0 10006.0
31098.0 10005.0
31103.0 10004.0
31106.0 10001.0
31111.0 10000.0
31120.0 9997.0
31121.0 9996.0
31127.0 9995.0
31130.0 9993.0
31135.0 9992.0
31136.0 9991.0
31138.0 9989.0
31140.0 9984.0
31145.0 9983.0
31148.0 9980.0
31153.0 9979.0
31163.0 9975.0
31170.0 9974.0
31173.0 9971.0
31178.0 9970.0
31180.0 9968.0
31184.0 9966.0
31185.0 9965.0
31187.0 9963.0
31192.0 9960.0
31195.0 9959.0
31196.0 9958.0
31199.0 9953.0
31203.0 9951.0
31215.0 9949.0
31217.0 9946.0
31222.0 9943.0
31225.0 9942.0
31226.0 9941.0
31229.0 9936.0
31233.0 9934.0
31246.0 9932.0
31247.0 9931.0
31252.0 9930.0
31254.0 9928.0
31258.0 9925.0
31265.0 9922.0
31268.0 9918.0
31281.0 9916.0
31285.0 9915.0
31287.0 9914.0
31291.0 9912.0
31293.0 9909.0
31298.0 9907.0
31300.0 9906.0
31303.0 9905.0
31304.0 9904.0
31313.0 9900.0
31320.0 9899.0
31322.0 9897.0
31327.0 9894.0
31329.0 9893.0
31332.0 9892.0
31333.0 9891.0
31335.0 9888.0
31347.0 9887.0
31354.0 9884.0
31358.0 9880.0
31364.0 9875.0
31383.0 9873.0
31388.0 9872.0
31389.0 9868.0
31402.0 9864.0
31409.0 9863.0
31417.0 9859.0
31421.0 9858.0
31422.0 9857.0
31428.0 9856.0
31430.0 9854.0
31434.0 9852.0
31438.0 9850.0
31442.0 9849.0
31446.0 9847.0
31450.0 9845.0
31457.0 9844.0
31458.0 9842.0
31459.0 9841.0
31465.0 9840.0
31471.0 9836.0
31475.0 9834.0
31486.0 9831.0
31487.0 9829.0
31502.0 9824.0
31512.0 9823.0
31516.0 9821.0
31518.0 9819.0
31524.0 9818.0
31528.0 9816.0
31532.0 9814.0
31540.0 9811.0
31541.0 9810.0
31546.0 9809.0
31553.0 9805.0
31557.0 9803.0
31569.0 9798.0
31587.0 9795.0
31591.0 9793.0
31603.0 9788.0
31615.0 9787.0
31619.0 9785.0
31626.0 9784.0
31631.0 9780.0
31649.0 9779.0
31651.0 9777.0
31652.0 9776.0
31655.0 9775.0
31661.0 9774.0
31667.0 9770.0
31686.0 9769.0
31688.0 9766.0
31705.0 9762.0
31726.0 9758.0
31744.0 9756.0
31750.0 9755.0
31765.0 9752.0
31784.0 9751.0
31785.0 9750.0
31789.0 9749.0
31808.0 9748.0
31809.0 9747.0
31828.0 9746.0
31835.0 9745.0
31836.0 9744.0
31838.0 9743.0
31850.0 9739.0
31865.0 9737.0
31866.0 9736.0
31881.0 9734.0
31896.0 9733.0
31906.0 9732.0
31907.0 9731.0
31922.0 9729.0
31925.0 9725.0
31940.0 9723.0
31941.0 9722.0
31956.0 9720.0
31976.0 9719.0
31983.0 9718.0
31991.0 9717.0
31994.0 9716.0
32009.0 9714.0
32024.0 9713.0
32027.0 9709.0
32042.0 9707.0
32043.0 9706.0
32053.0 9705.0
32058.0 9704.0
32068.0 9703.0
32069.0 9702.0
32084.0 9700.0
32090.0 9698.0
32095.0 9697.0
32105.0 9696.0
32106.0 9695.0
32116.0 9694.0
32121.0 9693.0
32125.0 9691.0
32136.0 9689.0
32139.0 9688.0
32146.0 9686.0
32157.0 9684.0
32160.0 9683.0
32166.0 9679.0
32178.0 9677.0
32187.0 9674.0
32199.0 9672.0
32216.0 9670.0
32228.0 9668.0
32246.0 9667.0
32251.0 9666.0
32258.0 9665.0
32301.0 9664.0
32303.0 9663.0
32321.0 9662.0
32326.0 9661.0
32333.0 9660.0
32580.0 9658.0
32604.0 9656.0
32662.0 9654.0
32675.0 9652.0
32701.0 9650.0
32712.0 9649.0
32718.0 9647.0
32729.0 9646.0
32735.0 9645.0
32738.0 9644.0
32743.0 9643.0
32746.0 9640.0
32763.0 9637.0
32780.0 9636.0
32781.0 9635.0
32790.0 9634.0
32793.0 9632.0
32813.0 9630.0
32818.0 9629.0
32823.0 9628.0
32826.0 9625.0
32846.0 9623.0
32853.0 9622.0
32863.0 9621.0
32873.0 9620.0
32882.0 9619.0
32888.0 9618.0
32893.0 9617.0
32896.0 9614.0
32916.0 9612.0
32925.0 9611.0
32942.0 9610.0
32945.0 9609.0
32957.0 9608.0
32962.0 9607.0
32977.0 9606.0
32982.0 9605.0
