445.0 1115.0
447.0 1087.0
448.0 1069.0
449.0 1054.0
450.0 1051.0
451.0 1046.0
452.0 1025.0
453.0 1022.0
454.0 1008.0
455.0 1005.0
456.0 1000.0
457.0 999.0
458.0 997.0
459.0 994.0
460.0 985.0
462.0 984.0
463.0 981.0
464.0 974.0
465.0 973.0
467.0 970.0
468.0 964.0
469.0 962.0
471.0 959.0
472.0 953.0
473.0 951.0
475.0 948.0
476.0 944.0
477.0 940.0
479.0 936.0
480.0 934.0
482.0 930.0
483.0 925.0
485.0 923.0
488.0 922.0
489.0 917.0
490.0 913.0
494.0 909.0
495.0 903.0
499.0 899.0
500.0 892.0
504.0 888.0
505.0 885.0
509.0 881.0
519.0 879.0
521.0 876.0
522.0 872.0
524.0 869.0
528.0 866.0
530.0 864.0
534.0 861.0
540.0 860.0
542.0 859.0
