97.0 1211.0
99.0 1196.0
100.0 1132.0
102.0 1103.0
104.0 1089.0
105.0 1069.0
106.0 1062.0
107.0 1061.0
108.0 1044.0
109.0 1031.0
110.0 1024.0
111.0 1020.0
112.0 1006.0
114.0 998.0
115.0 997.0
116.0 990.0
117.0 979.0
118.0 972.0
119.0 971.0
120.0 966.0
121.0 959.0
122.0 956.0
123.0 946.0
125.0 941.0
126.0 940.0
127.0 935.0
128.0 926.0
130.0 920.0
131.0 913.0
133.0 911.0
134.0 908.0
135.0 893.0
138.0 888.0
139.0 884.0
141.0 881.0
142.0 874.0
144.0 868.0
145.0 866.0
148.0 862.0
150.0 858.0
151.0 856.0
154.0 852.0
157.0 851.0
