19355.0 6177.0
19360.0 6159.0
19361.0 6156.0
19365.0 6154.0
19366.0 6117.0
19371.0 6112.0
19372.0 6096.0
19378.0 6080.0
19384.0 6078.0
19385.0 6074.0
19388.0 6061.0
19391.0 6053.0
19394.0 6045.0
19397.0 6037.0
19400.0 6033.0
19401.0 6027.0
19404.0 6020.0
19405.0 5996.0
19411.0 5990.0
19412.0 5989.0
19414.0 5974.0
19415.0 5962.0
19419.0 5959.0
19421.0 5956.0
19422.0 5939.0
19428.0 5923.0
19433.0 5845.0
19439.0 5817.0
19443.0 5811.0
19446.0 5806.0
19449.0 5783.0
19455.0 5781.0
19456.0 5772.0
19460.0 5769.0
19462.0 5764.0
19464.0 5754.0
19469.0 5753.0
19471.0 5743.0
19472.0 5738.0
19477.0 5734.0
19479.0 5727.0
19484.0 5723.0
19486.0 5719.0
19489.0 5716.0
19490.0 5713.0
19491.0 5686.0
19493.0 5670.0
19495.0 5618.0
19500.0 5607.0
19505.0 5602.0
19506.0 5596.0
19508.0 5578.0
19513.0 5568.0
19518.0 5567.0
19519.0 5563.0
19521.0 5558.0
19523.0 5555.0
19525.0 5552.0
19526.0 5546.0
19528.0 5534.0
19531.0 5530.0
19532.0 5527.0
19533.0 5526.0
19534.0 5521.0
19535.0 5518.0
19536.0 5517.0
19541.0 5509.0
19543.0 5503.0
19544.0 5500.0
19545.0 5499.0
19550.0 5497.0
19552.0 5491.0
19554.0 5487.0
19560.0 5482.0
19561.0 5479.0
19562.0 5478.0
19567.0 5476.0
19568.0 5472.0
19569.0 5469.0
19570.0 5468.0
19571.0 5466.0
19576.0 5463.0
19577.0 5460.0
19579.0 5456.0
19585.0 5451.0
19587.0 5447.0
19592.0 5445.0
19593.0 5441.0
19595.0 5437.0
19600.0 5435.0
19601.0 5432.0
19602.0 5431.0
19603.0 5429.0
19609.0 5423.0
19611.0 5419.0
19617.0 5414.0
19619.0 5410.0
19625.0 5404.0
19627.0 5400.0
19643.0 5398.0
19644.0 5391.0
19651.0 5389.0
19652.0 5388.0
19653.0 5386.0
19654.0 5384.0
19658.0 5382.0
19661.0 5378.0
19663.0 5374.0
19668.0 5373.0
19670.0 5371.0
19671.0 5370.0
19678.0 5364.0
19680.0 5360.0
19682.0 5359.0
19684.0 5355.0
19690.0 5349.0
19692.0 5345.0
19709.0 5336.0
19721.0 5333.0
19722.0 5331.0
19724.0 5327.0
19728.0 5325.0
19735.0 5321.0
19737.0 5318.0
19742.0 5314.0
19744.0 5310.0
19748.0 5306.0
19750.0 5305.0
19753.0 5303.0
19755.0 5302.0
19756.0 5298.0
19757.0 5295.0
19759.0 5294.0
19763.0 5291.0
19765.0 5287.0
19767.0 5286.0
19772.0 5283.0
19774.0 5279.0
19775.0 5276.0
19780.0 5275.0
19781.0 5269.0
19783.0 5268.0
19788.0 5265.0
19789.0 5264.0
19790.0 5258.0
19797.0 5256.0
19799.0 5253.0
19806.0 5252.0
19807.0 5249.0
19810.0 5245.0
19816.0 5241.0
19819.0 5240.0
19825.0 5236.0
19830.0 5235.0
19832.0 5234.0
19833.0 5232.0
19836.0 5231.0
19838.0 5229.0
19839.0 5224.0
19844.0 5222.0
19845.0 5220.0
19848.0 5216.0
19854.0 5213.0
19857.0 5211.0
19863.0 5208.0
19868.0 5203.0
19874.0 5199.0
19877.0 5198.0
19882.0 5197.0
19883.0 5194.0
19888.0 5193.0
19890.0 5192.0
19892.0 5190.0
19893.0 5188.0
19897.0 5182.0
19903.0 5178.0
19906.0 5177.0
19912.0 5171.0
19921.0 5166.0
19933.0 5162.0
19939.0 5160.0
19943.0 5154.0
19949.0 5150.0
19952.0 5149.0
19958.0 5145.0
19974.0 5142.0
19978.0 5138.0
19984.0 5135.0
19987.0 5129.0
19990.0 5126.0
19998.0 5123.0
20000.0 5120.0
20004.0 5119.0
20007.0 5115.0
20010.0 5113.0
20013.0 5112.0
20016.0 5109.0
20019.0 5103.0
20025.0 5102.0
20027.0 5100.0
20028.0 5099.0
20029.0 5097.0
20031.0 5092.0
20039.0 5089.0
20041.0 5086.0
20044.0 5084.0
20049.0 5083.0
20052.0 5081.0
20054.0 5078.0
20057.0 5075.0
20064.0 5074.0
20065.0 5072.0
20067.0 5069.0
20070.0 5067.0
20075.0 5066.0
20078.0 5060.0
20086.0 5057.0
20088.0 5054.0
20096.0 5051.0
20104.0 5043.0
20112.0 5040.0
20114.0 5037.0
20122.0 5034.0
20130.0 5033.0
20132.0 5032.0
20136.0 5031.0
20138.0 5030.0
20144.0 5028.0
20146.0 5025.0
20154.0 5022.0
20162.0 5021.0
20163.0 5019.0
20165.0 5016.0
20173.0 5013.0
20177.0 5012.0
20183.0 5011.0
20185.0 5009.0
20191.0 5008.0
20195.0 5007.0
20197.0 5004.0
20201.0 5003.0
20206.0 5001.0
20207.0 5000.0
20211.0 4997.0
20216.0 4995.0
20220.0 4994.0
20224.0 4993.0
20225.0 4992.0
20226.0 4989.0
20230.0 4988.0
20235.0 4986.0
20238.0 4985.0
20242.0 4984.0
20243.0 4982.0
20245.0 4980.0
20252.0 4979.0
20255.0 4978.0
20257.0 4976.0
20262.0 4973.0
20271.0 4972.0
20274.0 4969.0
20285.0 4968.0
20287.0 4966.0
20288.0 4965.0
20297.0 4964.0
20302.0 4961.0
20304.0 4959.0
20307.0 4958.0
20322.0 4957.0
20327.0 4956.0
20332.0 4955.0
20336.0 4953.0
20338.0 4951.0
20341.0 4950.0
20344.0 4949.0
20347.0 4948.0
20350.0 4947.0
20353.0 4944.0
20356.0 4943.0
20357.0 4942.0
20360.0 4941.0
20361.0 4940.0
20363.0 4938.0
20367.0 4936.0
20371.0 4934.0
20376.0 4933.0
20377.0 4930.0
20386.0 4929.0
20397.0 4926.0
20398.0 4925.0
20405.0 4920.0
20406.0 4919.0
20409.0 4917.0
20411.0 4916.0
20418.0 4915.0
20419.0 4914.0
20421.0 4913.0
20423.0 4911.0
20425.0 4910.0
20430.0 4909.0
20434.0 4908.0
20437.0 4903.0
20439.0 4902.0
20441.0 4901.0
20451.0 4897.0
20453.0 4896.0
20455.0 4895.0
20461.0 4892.0
20463.0 4891.0
20465.0 4889.0
20467.0 4888.0
20472.0 4884.0
20474.0 4883.0
20476.0 4881.0
20478.0 4880.0
20486.0 4878.0
20488.0 4877.0
20490.0 4875.0
20492.0 4874.0
20503.0 4870.0
20505.0 4869.0
20507.0 4867.0
20509.0 4866.0
20517.0 4864.0
20519.0 4863.0
20521.0 4861.0
20523.0 4860.0
20539.0 4858.0
20546.0 4856.0
20553.0 4855.0
20554.0 4854.0
20560.0 4853.0
20564.0 4851.0
20568.0 4848.0
20575.0 4847.0
20577.0 4845.0
20582.0 4842.0
20591.0 4839.0
20592.0 4836.0
20604.0 4832.0
20609.0 4830.0
20613.0 4829.0
20616.0 4826.0
20621.0 4825.0
20622.0 4824.0
20629.0 4822.0
20630.0 4820.0
20633.0 4817.0
20638.0 4816.0
20640.0 4814.0
20644.0 4812.0
20648.0 4808.0
20652.0 4807.0
20655.0 4806.0
20657.0 4803.0
20661.0 4800.0
20665.0 4799.0
20667.0 4797.0
20670.0 4796.0
20675.0 4792.0
20676.0 4790.0
20684.0 4788.0
20685.0 4785.0
20693.0 4781.0
20699.0 4779.0
20702.0 4778.0
20704.0 4776.0
20708.0 4774.0
20711.0 4773.0
20712.0 4771.0
20715.0 4770.0
20719.0 4769.0
20721.0 4767.0
20726.0 4763.0
20727.0 4761.0
20730.0 4760.0
20736.0 4756.0
20739.0 4755.0
20744.0 4752.0
20747.0 4751.0
20759.0 4750.0
20761.0 4746.0
20764.0 4745.0
20773.0 4743.0
20776.0 4742.0
20777.0 4741.0
20780.0 4740.0
20791.0 4739.0
20794.0 4738.0
20795.0 4737.0
20798.0 4736.0
20804.0 4735.0
20807.0 4734.0
20816.0 4731.0
20819.0 4730.0
20820.0 4729.0
20823.0 4728.0
20843.0 4727.0
20856.0 4726.0
20859.0 4725.0
20860.0 4724.0
20863.0 4723.0
20883.0 4722.0
20892.0 4721.0
20895.0 4720.0
20896.0 4719.0
20899.0 4718.0
20916.0 4716.0
20919.0 4715.0
20924.0 4714.0
20927.0 4713.0
20935.0 4712.0
20948.0 4711.0
20951.0 4710.0
20961.0 4709.0
20967.0 4708.0
20975.0 4707.0
20988.0 4706.0
20991.0 4705.0
21001.0 4704.0
21041.0 4703.0
21047.0 4702.0
21053.0 4701.0
21056.0 4700.0
21062.0 4699.0
21085.0 4698.0
21088.0 4697.0
21094.0 4696.0
21144.0 4695.0
21146.0 4693.0
21156.0 4689.0
21168.0 4687.0
21171.0 4686.0
21177.0 4684.0
21186.0 4681.0
21192.0 4679.0
21197.0 4678.0
21209.0 4676.0
21227.0 4672.0
21245.0 4671.0
21247.0 4669.0
21261.0 4667.0
21265.0 4665.0
21283.0 4663.0
21308.0 4662.0
21345.0 4659.0
21348.0 4658.0
21371.0 4655.0
21373.0 4653.0
21376.0 4652.0
21386.0 4648.0
21389.0 4647.0
21412.0 4644.0
21415.0 4643.0
21424.0 4642.0
21427.0 4641.0
21430.0 4640.0
21433.0 4639.0
21511.0 4637.0
21521.0 4635.0
21530.0 4633.0
21551.0 4632.0
21556.0 4629.0
