24677.0 7639.0
24680.0 7633.0
24681.0 7617.0
24683.0 7585.0
24685.0 7562.0
24688.0 7558.0
24692.0 7549.0
24695.0 7542.0
24698.0 7540.0
24701.0 7536.0
24702.0 7529.0
24708.0 7520.0
24710.0 7519.0
24712.0 7486.0
24716.0 7467.0
24723.0 7459.0
24725.0 7448.0
24732.0 7439.0
24734.0 7435.0
24741.0 7434.0
24746.0 7433.0
24748.0 7430.0
24750.0 7427.0
24751.0 7424.0
24753.0 7423.0
24754.0 7421.0
24758.0 7417.0
24759.0 7412.0
24762.0 7403.0
24771.0 7398.0
24776.0 7397.0
24778.0 7394.0
24780.0 7390.0
24782.0 7389.0
24783.0 7384.0
24786.0 7381.0
24789.0 7370.0
24792.0 7367.0
24793.0 7350.0
24808.0 7333.0
24811.0 7330.0
24818.0 7324.0
24822.0 7317.0
24825.0 7310.0
24833.0 7306.0
24835.0 7305.0
24836.0 7304.0
24837.0 7299.0
24841.0 7294.0
24844.0 7291.0
24845.0 7282.0
24852.0 7274.0
24856.0 7271.0
24858.0 7270.0
24860.0 7269.0
24861.0 7266.0
24863.0 7263.0
24865.0 7262.0
24867.0 7261.0
24868.0 7258.0
24872.0 7255.0
24874.0 7254.0
24876.0 7251.0
24878.0 7250.0
24879.0 7247.0
24883.0 7243.0
24886.0 7237.0
24889.0 7230.0
24891.0 7226.0
24894.0 7221.0
24896.0 7220.0
24900.0 7219.0
24902.0 7215.0
24904.0 7214.0
24905.0 7210.0
24907.0 7207.0
24910.0 7205.0
24912.0 7201.0
24915.0 7190.0
24920.0 7184.0
24926.0 7179.0
24928.0 7174.0
24931.0 7173.0
24932.0 7162.0
24938.0 7161.0
24940.0 7145.0
24948.0 7141.0
24951.0 7134.0
24953.0 7133.0
24955.0 7132.0
24956.0 7129.0
24962.0 7125.0
24964.0 7122.0
24966.0 7112.0
24977.0 7101.0
24979.0 7100.0
24981.0 7099.0
24982.0 7096.0
24988.0 7092.0
24990.0 7089.0
24992.0 7088.0
24993.0 7085.0
24997.0 7083.0
25003.0 7079.0
25005.0 7076.0
25007.0 7067.0
25016.0 7065.0
25018.0 7056.0
25020.0 7055.0
25022.0 7054.0
25023.0 7051.0
25028.0 7049.0
25029.0 7047.0
25031.0 7044.0
25032.0 7039.0
25034.0 7036.0
25037.0 7034.0
25039.0 7031.0
25040.0 7027.0
25042.0 7024.0
25045.0 7022.0
25047.0 7019.0
25050.0 7017.0
25052.0 7012.0
25057.0 7007.0
25060.0 7006.0
25062.0 7004.0
25063.0 7003.0
25065.0 7001.0
25068.0 6994.0
25070.0 6992.0
25073.0 6989.0
25075.0 6987.0
25076.0 6982.0
25077.0 6978.0
25081.0 6977.0
25082.0 6973.0
25086.0 6972.0
25089.0 6969.0
25092.0 6967.0
25093.0 6960.0
25095.0 6949.0
25100.0 6944.0
25107.0 6940.0
25111.0 6931.0
25114.0 6928.0
25116.0 6926.0
25119.0 6923.0
25123.0 6922.0
25126.0 6920.0
25127.0 6917.0
25130.0 6910.0
25135.0 6905.0
25140.0 6899.0
25145.0 6894.0
25149.0 6893.0
25153.0 6888.0
25156.0 6881.0
25161.0 6876.0
25170.0 6875.0
25171.0 6870.0
25175.0 6869.0
25176.0 6865.0
25179.0 6863.0
25184.0 6858.0
25193.0 6857.0
25195.0 6856.0
25198.0 6852.0
25205.0 6851.0
25206.0 6846.0
25209.0 6844.0
25211.0 6841.0
25214.0 6839.0
25219.0 6834.0
25224.0 6833.0
25225.0 6828.0
25228.0 6824.0
25237.0 6822.0
25240.0 6817.0
25243.0 6813.0
25249.0 6811.0
25250.0 6808.0
25251.0 6807.0
25253.0 6799.0
25258.0 6792.0
25264.0 6789.0
25265.0 6787.0
25268.0 6778.0
25275.0 6773.0
25279.0 6768.0
25286.0 6763.0
25288.0 6760.0
25295.0 6755.0
25299.0 6750.0
25306.0 6745.0
25311.0 6744.0
25312.0 6742.0
25316.0 6739.0
25322.0 6734.0
25324.0 6730.0
25329.0 6729.0
25332.0 6724.0
25335.0 6722.0
25336.0 6716.0
25345.0 6713.0
25350.0 6712.0
25351.0 6709.0
25355.0 6704.0
25361.0 6695.0
25372.0 6691.0
25375.0 6687.0
25381.0 6686.0
25383.0 6684.0
25386.0 6683.0
25388.0 6681.0
25390.0 6675.0
25393.0 6670.0
25400.0 6666.0
25411.0 6665.0
25412.0 6664.0
25417.0 6662.0
25420.0 6660.0
25422.0 6655.0
25426.0 6653.0
25427.0 6651.0
25429.0 6648.0
25436.0 6644.0
25440.0 6642.0
25442.0 6639.0
25444.0 6637.0
25445.0 6634.0
25451.0 6633.0
25452.0 6630.0
25464.0 6628.0
25469.0 6627.0
25471.0 6625.0
25472.0 6624.0
25473.0 6622.0
25474.0 6619.0
25478.0 6618.0
25481.0 6616.0
25485.0 6614.0
25488.0 6611.0
25494.0 6610.0
25495.0 6607.0
25503.0 6605.0
25507.0 6603.0
25510.0 6602.0
25514.0 6600.0
25516.0 6599.0
25517.0 6596.0
25519.0 6594.0
25522.0 6593.0
25526.0 6591.0
25527.0 6586.0
25537.0 6584.0
25546.0 6582.0
25548.0 6578.0
25557.0 6577.0
25558.0 6576.0
25562.0 6571.0
25565.0 6570.0
25569.0 6568.0
25570.0 6563.0
25580.0 6561.0
25590.0 6560.0
25591.0 6555.0
25601.0 6553.0
25613.0 6551.0
25614.0 6546.0
25622.0 6544.0
25626.0 6539.0
25635.0 6538.0
25636.0 6537.0
25643.0 6536.0
25647.0 6531.0
25657.0 6529.0
25668.0 6528.0
25674.0 6526.0
25678.0 6522.0
25688.0 6520.0
25704.0 6519.0
25705.0 6517.0
25707.0 6515.0
25710.0 6513.0
25720.0 6511.0
25728.0 6509.0
25732.0 6505.0
25738.0 6503.0
25742.0 6501.0
25753.0 6499.0
25754.0 6495.0
25763.0 6493.0
25767.0 6491.0
25779.0 6485.0
25796.0 6484.0
25798.0 6483.0
25804.0 6480.0
25810.0 6477.0
25817.0 6476.0
25825.0 6473.0
25829.0 6470.0
25839.0 6469.0
25844.0 6466.0
25851.0 6465.0
25853.0 6463.0
25859.0 6462.0
25862.0 6461.0
25863.0 6460.0
25864.0 6459.0
25869.0 6458.0
25870.0 6457.0
25876.0 6454.0
25877.0 6453.0
25882.0 6452.0
25887.0 6449.0
25888.0 6448.0
25890.0 6447.0
25899.0 6446.0
25901.0 6443.0
25902.0 6442.0
25906.0 6441.0
25915.0 6436.0
25916.0 6435.0
25921.0 6434.0
25927.0 6433.0
25931.0 6429.0
25941.0 6427.0
25948.0 6425.0
25949.0 6424.0
25955.0 6420.0
25966.0 6419.0
25968.0 6415.0
25980.0 6410.0
25994.0 6403.0
26012.0 6402.0
26013.0 6400.0
26016.0 6399.0
26023.0 6397.0
26026.0 6395.0
26030.0 6392.0
26039.0 6390.0
26048.0 6388.0
26052.0 6387.0
26054.0 6384.0
26058.0 6383.0
26066.0 6381.0
26068.0 6380.0
26072.0 6378.0
26076.0 6377.0
26080.0 6376.0
26081.0 6373.0
26085.0 6372.0
26090.0 6370.0
26091.0 6369.0
26092.0 6368.0
26095.0 6367.0
26099.0 6366.0
26102.0 6362.0
26106.0 6361.0
26107.0 6357.0
26111.0 6356.0
26119.0 6354.0
26121.0 6353.0
26123.0 6352.0
26125.0 6351.0
26128.0 6346.0
26132.0 6345.0
26140.0 6343.0
26142.0 6342.0
26146.0 6340.0
26154.0 6339.0
26156.0 6335.0
26160.0 6334.0
26168.0 6332.0
26170.0 6331.0
26174.0 6329.0
26182.0 6328.0
26188.0 6325.0
26201.0 6324.0
26203.0 6323.0
26207.0 6321.0
26215.0 6320.0
26221.0 6317.0
26234.0 6316.0
26240.0 6313.0
26272.0 6311.0
26287.0 6309.0
26291.0 6308.0
26299.0 6306.0
26305.0 6303.0
26325.0 6301.0
26332.0 6300.0
26337.0 6299.0
26341.0 6298.0
26347.0 6297.0
26349.0 6296.0
26355.0 6295.0
26357.0 6294.0
26365.0 6293.0
26369.0 6292.0
26374.0 6290.0
26381.0 6289.0
26386.0 6288.0
26390.0 6287.0
26398.0 6285.0
26407.0 6283.0
26414.0 6282.0
26419.0 6281.0
26430.0 6280.0
26431.0 6278.0
26455.0 6277.0
26461.0 6276.0
26467.0 6274.0
26477.0 6273.0
26508.0 6272.0
26573.0 6269.0
26583.0 6268.0
26600.0 6267.0
26608.0 6265.0
26610.0 6262.0
26620.0 6261.0
26781.0 6260.0
26784.0 6259.0
26791.0 6258.0
26797.0 6257.0
26802.0 6254.0
26809.0 6253.0
26820.0 6252.0
26823.0 6251.0
26830.0 6250.0
26833.0 6249.0
26837.0 6248.0
26843.0 6247.0
26845.0 6246.0
26849.0 6245.0
26851.0 6244.0
26863.0 6243.0
26870.0 6242.0
26887.0 6241.0
26889.0 6240.0
26891.0 6239.0
26895.0 6238.0
26905.0 6236.0
