21.0 823.0
52.0 608.0
52.0 608.0
21.0 823.0
22.0 772.0
23.0 720.0
22.0 772.0
31.0 669.0
24.0 699.0
23.0 720.0
26.0 687.0
34.0 658.0
24.0 699.0
26.0 687.0
34.0 658.0
35.0 653.0
36.0 643.0
36.0 643.0
37.0 633.0
40.0 626.0
28.0 682.0
38.0 632.0
30.0 676.0
38.0 632.0
40.0 626.0
29.0 681.0
28.0 682.0
35.0 653.0
30.0 676.0
42.0 623.0
43.0 620.0
43.0 620.0
46.0 616.0
47.0 614.0
47.0 614.0
41.0 624.0
48.0 612.0
44.0 618.0
37.0 633.0
48.0 612.0
44.0 618.0
41.0 624.0
49.0 611.0
45.0 617.0
51.0 609.0
50.0 610.0
46.0 616.0
51.0 609.0
42.0 623.0
49.0 611.0
29.0 681.0
45.0 617.0
50.0 610.0
52.0 608.0
21.0 823.0
22.0 772.0
24.0 699.0
26.0 687.0
34.0 658.0
36.0 643.0
38.0 632.0
40.0 626.0
35.0 653.0
28.0 682.0
30.0 676.0
43.0 620.0
47.0 614.0
37.0 633.0
41.0 624.0
48.0 612.0
44.0 618.0
46.0 616.0
29.0 681.0
45.0 617.0
50.0 610.0
49.0 611.0
42.0 623.0
51.0 609.0
21.0 823.0
52.0 608.0
22.0 772.0
24.0 699.0
26.0 687.0
34.0 658.0
36.0 643.0
38.0 632.0
40.0 626.0
28.0 682.0
35.0 653.0
30.0 676.0
43.0 620.0
47.0 614.0
37.0 633.0
44.0 618.0
48.0 612.0
41.0 624.0
50.0 610.0
46.0 616.0
29.0 681.0
45.0 617.0
