54.0 1213.0
91.0 975.0
54.0 1213.0
91.0 975.0
55.0 1200.0
56.0 1167.0
57.0 1154.0
58.0 1134.0
83.0 984.0
58.0 1134.0
59.0 1117.0
60.0 1109.0
61.0 1094.0
86.0 980.0
56.0 1167.0
55.0 1200.0
57.0 1154.0
62.0 1083.0
63.0 1071.0
61.0 1094.0
67.0 1049.0
64.0 1068.0
62.0 1083.0
68.0 1038.0
65.0 1057.0
86.0 980.0
88.0 979.0
89.0 977.0
59.0 1117.0
69.0 1033.0
60.0 1109.0
70.0 1025.0
70.0 1025.0
82.0 990.0
80.0 998.0
81.0 992.0
71.0 1019.0
68.0 1038.0
65.0 1057.0
69.0 1033.0
66.0 1052.0
83.0 984.0
73.0 1015.0
74.0 1011.0
63.0 1071.0
66.0 1052.0
77.0 1004.0
72.0 1018.0
76.0 1007.0
64.0 1068.0
67.0 1049.0
77.0 1004.0
73.0 1015.0
78.0 1001.0
89.0 977.0
81.0 992.0
74.0 1011.0
79.0 1000.0
75.0 1009.0
82.0 990.0
75.0 1009.0
80.0 998.0
76.0 1007.0
71.0 1019.0
78.0 1001.0
79.0 1000.0
72.0 1018.0
88.0 979.0
91.0 975.0
54.0 1213.0
58.0 1134.0
56.0 1167.0
55.0 1200.0
57.0 1154.0
61.0 1094.0
62.0 1083.0
86.0 980.0
59.0 1117.0
60.0 1109.0
70.0 1025.0
68.0 1038.0
65.0 1057.0
69.0 1033.0
83.0 984.0
63.0 1071.0
66.0 1052.0
73.0 1015.0
77.0 1004.0
64.0 1068.0
67.0 1049.0
89.0 977.0
81.0 992.0
74.0 1011.0
75.0 1009.0
82.0 990.0
80.0 998.0
76.0 1007.0
71.0 1019.0
78.0 1001.0
88.0 979.0
