1466.0 356.0
1788.0 237.0
1466.0 356.0
1788.0 237.0
1504.0 294.0
1470.0 330.0
1730.0 239.0
1467.0 343.0
1491.0 310.0
1500.0 306.0
1467.0 343.0
1763.0 238.0
1485.0 322.0
1694.0 245.0
1719.0 244.0
1524.0 286.0
1667.0 249.0
1763.0 238.0
1515.0 292.0
1649.0 256.0
1684.0 248.0
1653.0 253.0
1548.0 280.0
1537.0 282.0
1630.0 257.0
1524.0 286.0
1610.0 261.0
1537.0 282.0
1554.0 276.0
1667.0 249.0
1624.0 258.0
1470.0 330.0
1478.0 325.0
1602.0 265.0
1653.0 253.0
1729.0 241.0
1720.0 242.0
1515.0 292.0
1624.0 258.0
1694.0 245.0
1592.0 268.0
1684.0 248.0
1561.0 274.0
1564.0 272.0
1610.0 261.0
1602.0 265.0
1589.0 269.0
1580.0 270.0
1571.0 271.0
1580.0 270.0
1491.0 310.0
1554.0 276.0
1548.0 280.0
1592.0 268.0
1478.0 325.0
1496.0 308.0
1571.0 271.0
1504.0 294.0
1606.0 263.0
1500.0 306.0
1496.0 308.0
1606.0 263.0
1630.0 257.0
1485.0 322.0
1561.0 274.0
1649.0 256.0
1564.0 272.0
1483.0 323.0
1589.0 269.0
1480.0 324.0
1480.0 324.0
1483.0 323.0
1730.0 239.0
1720.0 242.0
1729.0 241.0
1719.0 244.0
1466.0 356.0
1788.0 237.0
1467.0 343.0
1763.0 238.0
1524.0 286.0
1537.0 282.0
1667.0 249.0
1470.0 330.0
1653.0 253.0
1515.0 292.0
1624.0 258.0
1694.0 245.0
1684.0 248.0
1610.0 261.0
1602.0 265.0
1580.0 270.0
1491.0 310.0
1554.0 276.0
1548.0 280.0
1592.0 268.0
1478.0 325.0
1571.0 271.0
1504.0 294.0
1496.0 308.0
