17319.0 1034.0
16534.0 1418.0
17319.0 1034.0
16534.0 1418.0
17077.0 1045.0
17210.0 1043.0
16638.0 1209.0
16633.0 1255.0
17307.0 1037.0
17253.0 1038.0
16663.0 1185.0
16638.0 1209.0
16535.0 1394.0
16576.0 1335.0
16947.0 1078.0
16963.0 1067.0
16612.0 1292.0
16614.0 1274.0
16553.0 1357.0
16674.0 1178.0
16548.0 1373.0
16540.0 1378.0
16663.0 1185.0
16585.0 1333.0
16927.0 1080.0
16854.0 1106.0
16575.0 1349.0
16631.0 1266.0
16701.0 1172.0
16588.0 1322.0
16786.0 1125.0
17071.0 1048.0
17041.0 1053.0
16866.0 1097.0
16721.0 1151.0
16607.0 1296.0
16787.0 1117.0
16751.0 1130.0
16898.0 1094.0
16535.0 1394.0
16710.0 1163.0
16983.0 1065.0
16999.0 1059.0
17248.0 1039.0
17219.0 1042.0
16606.0 1306.0
16830.0 1110.0
16633.0 1255.0
16702.0 1167.0
16732.0 1144.0
16909.0 1089.0
16721.0 1151.0
16909.0 1089.0
16857.0 1099.0
16674.0 1178.0
16766.0 1129.0
16622.0 1268.0
16821.0 1112.0
17035.0 1056.0
16927.0 1080.0
17019.0 1057.0
16766.0 1129.0
16750.0 1138.0
16602.0 1314.0
16904.0 1093.0
16963.0 1067.0
16999.0 1059.0
17019.0 1057.0
16947.0 1078.0
16983.0 1065.0
16596.0 1316.0
16732.0 1144.0
16710.0 1163.0
16802.0 1116.0
17310.0 1035.0
16816.0 1114.0
16830.0 1110.0
16562.0 1355.0
16745.0 1140.0
17041.0 1053.0
17071.0 1048.0
16802.0 1116.0
16540.0 1378.0
16548.0 1373.0
16866.0 1097.0
17219.0 1042.0
16701.0 1172.0
16603.0 1309.0
16745.0 1140.0
16571.0 1351.0
16562.0 1355.0
17210.0 1043.0
16571.0 1351.0
16898.0 1094.0
16854.0 1106.0
16619.0 1271.0
16593.0 1319.0
17248.0 1039.0
16612.0 1292.0
17077.0 1045.0
