7948.0 1255.0
8497.0 928.0
8497.0 928.0
7948.0 1255.0
8401.0 942.0
8167.0 1049.0
8470.0 929.0
8144.0 1068.0
8091.0 1104.0
8219.0 1026.0
8205.0 1030.0
8443.0 933.0
8284.0 986.0
8065.0 1130.0
8076.0 1125.0
8146.0 1061.0
8470.0 929.0
8116.0 1083.0
8282.0 991.0
8348.0 966.0
8420.0 940.0
8424.0 935.0
8271.0 995.0
7984.0 1183.0
8265.0 997.0
8085.0 1113.0
8443.0 933.0
8164.0 1058.0
8024.0 1155.0
8033.0 1154.0
8012.0 1169.0
8323.0 975.0
8185.0 1039.0
8314.0 976.0
8356.0 963.0
7989.0 1179.0
8362.0 960.0
7953.0 1244.0
8180.0 1045.0
8386.0 955.0
7980.0 1198.0
7955.0 1225.0
8125.0 1080.0
8104.0 1101.0
8258.0 1003.0
8238.0 1015.0
8247.0 1009.0
8043.0 1141.0
7964.0 1218.0
8018.0 1167.0
8200.0 1033.0
8394.0 949.0
8335.0 967.0
7953.0 1244.0
7954.0 1233.0
8247.0 1009.0
7971.0 1205.0
8036.0 1147.0
8136.0 1074.0
8373.0 959.0
8001.0 1172.0
8160.0 1060.0
8258.0 1003.0
8394.0 949.0
8307.0 980.0
8297.0 982.0
7981.0 1190.0
8106.0 1096.0
8297.0 982.0
8054.0 1137.0
7971.0 1205.0
8089.0 1111.0
7967.0 1211.0
8238.0 1015.0
8078.0 1120.0
8185.0 1039.0
8200.0 1033.0
8021.0 1162.0
7964.0 1218.0
8331.0 971.0
8114.0 1095.0
8386.0 955.0
8373.0 959.0
8115.0 1091.0
7954.0 1233.0
8221.0 1021.0
8227.0 1019.0
8078.0 1120.0
8043.0 1141.0
7996.0 1176.0
8061.0 1134.0
8054.0 1137.0
8036.0 1147.0
7967.0 1211.0
8136.0 1074.0
8128.0 1077.0
7955.0 1225.0
7981.0 1190.0
7980.0 1198.0
8227.0 1019.0
