32244.0 9756.0
29856.0 11641.0
32244.0 9756.0
29856.0 11641.0
32115.0 9764.0
31440.0 9920.0
31639.0 9897.0
31310.0 9971.0
30478.0 10485.0
30134.0 10865.0
30193.0 10751.0
30603.0 10393.0
30428.0 10514.0
32017.0 9771.0
31402.0 9966.0
30011.0 11066.0
29870.0 11498.0
30668.0 10385.0
30166.0 10850.0
30568.0 10414.0
31201.0 10009.0
30869.0 10233.0
31135.0 10049.0
30920.0 10163.0
32007.0 9779.0
31742.0 9832.0
30172.0 10804.0
29919.0 11324.0
29957.0 11217.0
29972.0 11151.0
31265.0 9998.0
31932.0 9787.0
29933.0 11315.0
31688.0 9852.0
31823.0 9816.0
31097.0 10083.0
31051.0 10086.0
30396.0 10579.0
30345.0 10585.0
30769.0 10260.0
31135.0 10049.0
30670.0 10344.0
29900.0 11370.0
30705.0 10322.0
30734.0 10282.0
29938.0 11263.0
31516.0 9915.0
30307.0 10616.0
30111.0 10922.0
30232.0 10709.0
30101.0 10960.0
31584.0 9908.0
31201.0 10009.0
30043.0 11001.0
31727.0 9851.0
30034.0 11045.0
29991.0 11105.0
31878.0 9805.0
30896.0 10203.0
30336.0 10615.0
31823.0 9816.0
31516.0 9915.0
30497.0 10453.0
30067.0 10999.0
30261.0 10693.0
29885.0 11469.0
29972.0 11151.0
29957.0 11217.0
30427.0 10547.0
29900.0 11370.0
29886.0 11423.0
30530.0 10426.0
30920.0 10163.0
30400.0 10549.0
30268.0 10658.0
30111.0 10922.0
31377.0 9969.0
32183.0 9758.0
30830.0 10239.0
32183.0 9758.0
29991.0 11105.0
29886.0 11423.0
31878.0 9805.0
30295.0 10648.0
29860.0 11592.0
30830.0 10239.0
30977.0 10125.0
29864.0 11546.0
30191.0 10787.0
29864.0 11546.0
31932.0 9787.0
31584.0 9908.0
30977.0 10125.0
30994.0 10120.0
29938.0 11263.0
29860.0 11592.0
30896.0 10203.0
30769.0 10260.0
31051.0 10086.0
30994.0 10120.0
