24662.0 7764.0
24664.0 7749.0
24666.0 7740.0
24668.0 7725.0
24670.0 7711.0
24673.0 7699.0
24675.0 7689.0
24678.0 7677.0
24679.0 7667.0
24683.0 7666.0
24684.0 7645.0
24690.0 7636.0
24691.0 7632.0
24693.0 7614.0
24700.0 7600.0
24705.0 7595.0
24707.0 7587.0
24709.0 7583.0
24712.0 7577.0
24714.0 7576.0
24716.0 7572.0
24718.0 7570.0
24719.0 7566.0
24721.0 7564.0
24723.0 7562.0
24724.0 7558.0
24726.0 7495.0
24732.0 7481.0
24733.0 7478.0
24734.0 7467.0
24735.0 7462.0
24740.0 7453.0
24741.0 7450.0
24743.0 7434.0
24751.0 7417.0
24752.0 7414.0
24755.0 7412.0
24756.0 7398.0
24761.0 7397.0
24762.0 7392.0
24763.0 7381.0
24766.0 7376.0
24770.0 7373.0
24771.0 7371.0
24772.0 7366.0
24773.0 7359.0
24779.0 7358.0
24780.0 7356.0
24781.0 7349.0
24782.0 7344.0
24786.0 7341.0
24789.0 7337.0
24790.0 7334.0
24792.0 7331.0
24793.0 7324.0
24799.0 7322.0
24801.0 7315.0
24802.0 7309.0
24806.0 7305.0
24809.0 7302.0
24811.0 7300.0
24812.0 7298.0
24813.0 7294.0
24815.0 7290.0
24819.0 7287.0
24821.0 7280.0
24822.0 7279.0
24826.0 7270.0
24831.0 7265.0
24835.0 7255.0
24841.0 7254.0
24842.0 7250.0
24844.0 7246.0
24846.0 7244.0
24848.0 7241.0
24850.0 7236.0
24851.0 7235.0
24855.0 7226.0
24863.0 7222.0
24864.0 7211.0
24877.0 7197.0
24886.0 7194.0
24891.0 7190.0
24895.0 7179.0
24900.0 7178.0
24902.0 7175.0
24908.0 7171.0
24909.0 7170.0
24910.0 7168.0
24915.0 7161.0
24924.0 7158.0
24925.0 7155.0
24926.0 7154.0
24931.0 7153.0
24932.0 7149.0
24933.0 7143.0
24934.0 7140.0
24943.0 7138.0
24946.0 7135.0
24947.0 7126.0
24956.0 7124.0
24960.0 7121.0
24961.0 7117.0
24962.0 7116.0
24969.0 7112.0
24970.0 7106.0
24972.0 7104.0
24981.0 7102.0
24984.0 7097.0
24985.0 7090.0
24994.0 7088.0
24998.0 7085.0
24999.0 7081.0
25000.0 7080.0
25007.0 7076.0
25008.0 7070.0
25017.0 7068.0
25021.0 7065.0
25022.0 7061.0
25023.0 7060.0
25026.0 7056.0
25031.0 7054.0
25034.0 7053.0
25035.0 7047.0
25039.0 7046.0
25040.0 7041.0
25044.0 7038.0
25046.0 7036.0
25048.0 7035.0
25049.0 7033.0
25052.0 7021.0
25059.0 7018.0
25061.0 7017.0
25062.0 7011.0
25064.0 7007.0
25066.0 7000.0
25069.0 6999.0
25070.0 6984.0
25075.0 6981.0
25080.0 6972.0
25085.0 6969.0
25088.0 6964.0
25089.0 6955.0
25094.0 6952.0
25099.0 6943.0
25104.0 6940.0
25107.0 6935.0
25112.0 6932.0
25113.0 6930.0
25117.0 6923.0
25121.0 6916.0
25126.0 6913.0
25130.0 6902.0
25135.0 6899.0
25139.0 6896.0
25140.0 6890.0
25145.0 6887.0
25148.0 6882.0
25153.0 6879.0
25154.0 6877.0
25158.0 6870.0
25163.0 6867.0
25167.0 6865.0
25168.0 6862.0
25169.0 6860.0
25172.0 6857.0
25176.0 6851.0
25178.0 6849.0
25181.0 6848.0
25183.0 6846.0
25186.0 6843.0
25187.0 6841.0
25191.0 6838.0
25194.0 6837.0
25196.0 6829.0
25201.0 6826.0
25206.0 6821.0
25207.0 6819.0
25211.0 6818.0
25212.0 6816.0
25214.0 6815.0
25217.0 6814.0
25219.0 6812.0
25222.0 6809.0
25223.0 6807.0
25224.0 6804.0
25229.0 6801.0
25232.0 6798.0
25237.0 6795.0
25240.0 6792.0
25243.0 6791.0
25245.0 6789.0
25248.0 6786.0
25251.0 6785.0
25253.0 6783.0
25256.0 6782.0
25259.0 6780.0
25261.0 6779.0
25264.0 6777.0
25265.0 6776.0
25268.0 6775.0
25270.0 6773.0
25273.0 6772.0
25276.0 6770.0
25279.0 6769.0
25281.0 6767.0
25284.0 6766.0
25287.0 6765.0
25290.0 6763.0
25293.0 6762.0
25295.0 6760.0
25299.0 6759.0
25301.0 6758.0
25302.0 6755.0
25304.0 6752.0
25307.0 6751.0
25309.0 6749.0
25312.0 6748.0
25314.0 6747.0
25315.0 6742.0
25317.0 6741.0
25320.0 6739.0
25321.0 6726.0
25326.0 6723.0
25329.0 6720.0
25331.0 6715.0
25336.0 6712.0
25339.0 6709.0
25344.0 6706.0
25346.0 6698.0
25351.0 6695.0
25354.0 6692.0
25356.0 6687.0
25361.0 6684.0
25364.0 6681.0
25369.0 6678.0
25378.0 6675.0
25382.0 6674.0
25383.0 6672.0
25386.0 6671.0
25389.0 6669.0
25391.0 6668.0
25392.0 6665.0
25397.0 6662.0
25400.0 6659.0
25405.0 6656.0
25413.0 6653.0
25418.0 6652.0
25423.0 6649.0
25425.0 6647.0
25430.0 6644.0
25438.0 6641.0
25443.0 6640.0
25446.0 6638.0
25448.0 6637.0
25449.0 6635.0
25454.0 6632.0
25462.0 6629.0
25467.0 6628.0
25472.0 6625.0
25474.0 6623.0
25479.0 6620.0
25487.0 6617.0
25492.0 6616.0
25497.0 6613.0
25502.0 6611.0
25504.0 6610.0
25507.0 6608.0
25510.0 6607.0
25511.0 6604.0
25516.0 6601.0
25519.0 6598.0
25524.0 6595.0
25532.0 6592.0
25535.0 6590.0
25540.0 6587.0
25543.0 6584.0
25548.0 6581.0
25557.0 6580.0
25561.0 6577.0
25564.0 6574.0
25568.0 6572.0
25569.0 6571.0
25573.0 6569.0
25581.0 6568.0
25582.0 6567.0
25586.0 6565.0
25587.0 6564.0
25591.0 6562.0
25594.0 6556.0
25599.0 6553.0
25612.0 6549.0
25617.0 6546.0
25629.0 6544.0
25631.0 6543.0
25634.0 6541.0
25636.0 6540.0
25638.0 6538.0
25643.0 6535.0
25652.0 6534.0
25656.0 6531.0
25661.0 6528.0
25666.0 6527.0
25679.0 6523.0
25684.0 6520.0
25703.0 6519.0
25705.0 6518.0
25706.0 6517.0
25708.0 6516.0
25709.0 6514.0
25712.0 6512.0
25717.0 6511.0
25719.0 6509.0
25722.0 6507.0
25723.0 6505.0
25724.0 6504.0
25726.0 6503.0
25727.0 6502.0
25730.0 6501.0
25731.0 6496.0
25734.0 6494.0
25737.0 6493.0
25741.0 6491.0
25744.0 6490.0
25745.0 6487.0
25747.0 6486.0
25748.0 6485.0
25750.0 6484.0
25753.0 6483.0
25755.0 6482.0
25756.0 6479.0
25759.0 6477.0
25764.0 6475.0
25766.0 6474.0
25770.0 6470.0
25772.0 6469.0
25773.0 6468.0
25775.0 6467.0
25780.0 6465.0
25782.0 6464.0
25786.0 6460.0
25789.0 6458.0
25796.0 6455.0
25802.0 6454.0
25804.0 6453.0
25809.0 6451.0
25811.0 6450.0
25815.0 6446.0
25818.0 6444.0
25825.0 6441.0
25836.0 6440.0
25840.0 6439.0
25843.0 6437.0
25845.0 6436.0
25849.0 6434.0
25850.0 6431.0
25853.0 6429.0
25860.0 6426.0
25865.0 6424.0
25872.0 6421.0
25874.0 6420.0
25877.0 6418.0
25884.0 6415.0
25892.0 6414.0
25895.0 6412.0
25902.0 6409.0
25909.0 6408.0
25912.0 6406.0
25919.0 6403.0
25927.0 6402.0
25930.0 6400.0
25937.0 6397.0
25945.0 6396.0
25948.0 6394.0
25955.0 6391.0
25963.0 6390.0
25966.0 6388.0
25973.0 6385.0
26016.0 6384.0
26024.0 6381.0
26038.0 6379.0
26042.0 6375.0
26045.0 6373.0
26052.0 6370.0
26071.0 6369.0
26078.0 6366.0
26093.0 6364.0
26099.0 6360.0
26105.0 6359.0
26118.0 6358.0
26120.0 6357.0
26125.0 6356.0
26126.0 6353.0
26132.0 6352.0
26148.0 6349.0
26158.0 6348.0
26162.0 6345.0
26178.0 6344.0
26181.0 6343.0
26188.0 6341.0
26204.0 6340.0
26207.0 6339.0
26211.0 6338.0
26237.0 6334.0
26251.0 6333.0
26267.0 6332.0
26270.0 6331.0
26294.0 6330.0
26297.0 6329.0
26300.0 6326.0
26304.0 6324.0
26323.0 6323.0
26325.0 6321.0
26326.0 6319.0
26332.0 6318.0
26337.0 6317.0
26341.0 6316.0
26343.0 6314.0
26344.0 6312.0
26355.0 6310.0
26356.0 6308.0
26365.0 6306.0
26372.0 6305.0
26377.0 6303.0
26381.0 6302.0
26382.0 6301.0
26383.0 6300.0
26384.0 6298.0
26390.0 6297.0
26400.0 6295.0
26401.0 6293.0
26407.0 6290.0
26411.0 6289.0
26413.0 6287.0
26414.0 6285.0
26436.0 6284.0
26439.0 6283.0
26443.0 6282.0
26444.0 6281.0
26457.0 6280.0
26460.0 6279.0
26464.0 6278.0
26467.0 6276.0
26470.0 6275.0
26474.0 6274.0
26497.0 6272.0
26500.0 6271.0
26504.0 6270.0
26519.0 6269.0
26523.0 6268.0
26554.0 6267.0
26556.0 6266.0
26577.0 6262.0
26587.0 6258.0
26610.0 6255.0
26623.0 6254.0
26626.0 6251.0
26633.0 6250.0
26663.0 6248.0
