29810.0 11915.0
29812.0 11902.0
29814.0 11871.0
29816.0 11857.0
29818.0 11838.0
29819.0 11834.0
29820.0 11824.0
29821.0 11821.0
29822.0 11811.0
29823.0 11801.0
29825.0 11788.0
29827.0 11786.0
29829.0 11773.0
29832.0 11765.0
29834.0 11764.0
29835.0 11761.0
29837.0 11750.0
29839.0 11747.0
29841.0 11585.0
29843.0 11577.0
29846.0 11562.0
29848.0 11554.0
29850.0 11528.0
29855.0 11489.0
29858.0 11472.0
29860.0 11466.0
29863.0 11449.0
29866.0 11448.0
29868.0 11442.0
29870.0 11436.0
29871.0 11425.0
29877.0 11419.0
29878.0 11412.0
29879.0 11385.0
29881.0 11378.0
29887.0 11361.0
29889.0 11354.0
29895.0 11348.0
29897.0 11339.0
29899.0 11332.0
29905.0 11327.0
29906.0 11323.0
29908.0 11316.0
29910.0 11310.0
29915.0 11305.0
29916.0 11301.0
29918.0 11294.0
29922.0 11292.0
29924.0 11289.0
29926.0 11283.0
29927.0 11279.0
29928.0 11277.0
29929.0 11272.0
29933.0 11270.0
29934.0 11267.0
29937.0 11264.0
29938.0 11255.0
29940.0 11253.0
29942.0 11251.0
29944.0 11249.0
29945.0 11242.0
29947.0 11239.0
29948.0 11237.0
29949.0 11233.0
29952.0 11232.0
29953.0 11229.0
29955.0 11220.0
29957.0 11217.0
29959.0 11215.0
29961.0 11213.0
29963.0 11211.0
29964.0 11204.0
29966.0 11198.0
29968.0 11195.0
29969.0 11193.0
29972.0 11191.0
29974.0 11182.0
29978.0 11177.0
29980.0 11171.0
29983.0 11170.0
29984.0 11169.0
29985.0 11160.0
29988.0 11155.0
29992.0 11153.0
29994.0 11148.0
29995.0 11147.0
29997.0 11144.0
29998.0 11135.0
29999.0 11133.0
30001.0 11129.0
30004.0 11119.0
30007.0 11110.0
30010.0 11108.0
30012.0 11103.0
30015.0 11097.0
30016.0 11093.0
30018.0 11088.0
30019.0 11084.0
30022.0 11074.0
30025.0 11072.0
30027.0 11067.0
30030.0 11062.0
30032.0 11061.0
30033.0 11052.0
30034.0 11048.0
30037.0 11046.0
30038.0 11045.0
30039.0 11039.0
30042.0 11037.0
30044.0 11032.0
30045.0 11026.0
30048.0 11024.0
30050.0 11017.0
30052.0 11016.0
30053.0 11015.0
30055.0 11006.0
30058.0 11004.0
30059.0 11002.0
30062.0 10992.0
30065.0 10990.0
30067.0 10980.0
30070.0 10978.0
30072.0 10971.0
30074.0 10966.0
30077.0 10964.0
30079.0 10957.0
30081.0 10956.0
30082.0 10955.0
30083.0 10952.0
30084.0 10946.0
30087.0 10942.0
30090.0 10940.0
30091.0 10933.0
30093.0 10931.0
30096.0 10920.0
30099.0 10916.0
30101.0 10911.0
30104.0 10907.0
30105.0 10906.0
30107.0 10905.0
30108.0 10904.0
30109.0 10896.0
30112.0 10894.0
30113.0 10887.0
30115.0 10885.0
30118.0 10878.0
30120.0 10876.0
30121.0 10870.0
30124.0 10868.0
30126.0 10861.0
30129.0 10859.0
30131.0 10857.0
30133.0 10854.0
30135.0 10852.0
30136.0 10846.0
30139.0 10844.0
30140.0 10843.0
30141.0 10837.0
30144.0 10835.0
30146.0 10833.0
30148.0 10831.0
30150.0 10827.0
30151.0 10824.0
30153.0 10822.0
30155.0 10819.0
30157.0 10818.0
30158.0 10817.0
30159.0 10815.0
30160.0 10812.0
30162.0 10809.0
30163.0 10808.0
30165.0 10803.0
30167.0 10800.0
30170.0 10798.0
30171.0 10796.0
30173.0 10793.0
30175.0 10792.0
30176.0 10791.0
30177.0 10790.0
30178.0 10789.0
30179.0 10786.0
30181.0 10783.0
30184.0 10781.0
30185.0 10777.0
30186.0 10776.0
30187.0 10774.0
30189.0 10773.0
30190.0 10772.0
30191.0 10767.0
30192.0 10766.0
30194.0 10765.0
30195.0 10764.0
30198.0 10762.0
30199.0 10758.0
30200.0 10757.0
30202.0 10755.0
30203.0 10753.0
30205.0 10750.0
30208.0 10749.0
30209.0 10747.0
30210.0 10743.0
30212.0 10740.0
30215.0 10734.0
30217.0 10731.0
30222.0 10728.0
30223.0 10726.0
30225.0 10723.0
30227.0 10722.0
30229.0 10719.0
30230.0 10717.0
30232.0 10714.0
30235.0 10708.0
30237.0 10705.0
30238.0 10702.0
30240.0 10700.0
30243.0 10694.0
30245.0 10692.0
30248.0 10690.0
30249.0 10687.0
30253.0 10682.0
30255.0 10680.0
30257.0 10679.0
30259.0 10675.0
30260.0 10674.0
30262.0 10672.0
30265.0 10670.0
30266.0 10667.0
30269.0 10665.0
30270.0 10662.0
30272.0 10659.0
30273.0 10655.0
30275.0 10653.0
30278.0 10647.0
30280.0 10645.0
30283.0 10641.0
30286.0 10637.0
30288.0 10633.0
30292.0 10632.0
30293.0 10629.0
30295.0 10625.0
30298.0 10621.0
30302.0 10618.0
30303.0 10617.0
30305.0 10613.0
30309.0 10610.0
30310.0 10609.0
30312.0 10606.0
30315.0 10605.0
30316.0 10604.0
30317.0 10601.0
30319.0 10598.0
30323.0 10597.0
30324.0 10596.0
30326.0 10592.0
30330.0 10589.0
30331.0 10588.0
30333.0 10585.0
30334.0 10584.0
30338.0 10580.0
30340.0 10577.0
30344.0 10576.0
30345.0 10575.0
30346.0 10572.0
30347.0 10571.0
30348.0 10569.0
30352.0 10568.0
30353.0 10567.0
30355.0 10563.0
30359.0 10560.0
30360.0 10559.0
30362.0 10556.0
30365.0 10555.0
30367.0 10551.0
30369.0 10548.0
30374.0 10546.0
30376.0 10542.0
30381.0 10539.0
30384.0 10535.0
30389.0 10531.0
30391.0 10527.0
30396.0 10526.0
30399.0 10524.0
30400.0 10521.0
30406.0 10520.0
30407.0 10515.0
30412.0 10513.0
30414.0 10511.0
30418.0 10508.0
30420.0 10505.0
30423.0 10504.0
30426.0 10495.0
30432.0 10490.0
30434.0 10487.0
30435.0 10479.0
30445.0 10477.0
30446.0 10473.0
30447.0 10465.0
30454.0 10461.0
30457.0 10453.0
30463.0 10447.0
30469.0 10439.0
30476.0 10435.0
30480.0 10432.0
30483.0 10430.0
30485.0 10421.0
30492.0 10414.0
30499.0 10412.0
30501.0 10411.0
30503.0 10408.0
30506.0 10403.0
30508.0 10400.0
30512.0 10398.0
30513.0 10397.0
30515.0 10393.0
30517.0 10392.0
30521.0 10390.0
30522.0 10385.0
30528.0 10380.0
30529.0 10378.0
30531.0 10377.0
30533.0 10376.0
30535.0 10373.0
30536.0 10372.0
30540.0 10369.0
30542.0 10367.0
30546.0 10366.0
30547.0 10363.0
30552.0 10357.0
30555.0 10356.0
30558.0 10352.0
30561.0 10351.0
30563.0 10348.0
30566.0 10347.0
30570.0 10344.0
30573.0 10341.0
30576.0 10339.0
30579.0 10336.0
30584.0 10332.0
30591.0 10328.0
30597.0 10323.0
30599.0 10322.0
30601.0 10321.0
30604.0 10318.0
30605.0 10317.0
30608.0 10316.0
30610.0 10313.0
30613.0 10312.0
30617.0 10309.0
30619.0 10308.0
30620.0 10306.0
30623.0 10304.0
30625.0 10302.0
30626.0 10301.0
30631.0 10297.0
30638.0 10293.0
30644.0 10288.0
30648.0 10286.0
30651.0 10283.0
30658.0 10281.0
30662.0 10278.0
30666.0 10273.0
30672.0 10267.0
30685.0 10265.0
30687.0 10259.0
30698.0 10254.0
30705.0 10249.0
30709.0 10245.0
30710.0 10244.0
30716.0 10239.0
30727.0 10235.0
30728.0 10234.0
30733.0 10232.0
30736.0 10228.0
30747.0 10226.0
30750.0 10223.0
30751.0 10222.0
30755.0 10215.0
30761.0 10210.0
30773.0 10205.0
30781.0 10199.0
30792.0 10198.0
30793.0 10197.0
30795.0 10195.0
30801.0 10191.0
30812.0 10187.0
30824.0 10185.0
30826.0 10183.0
30828.0 10182.0
30832.0 10179.0
30839.0 10178.0
30840.0 10177.0
30842.0 10176.0
30844.0 10175.0
30845.0 10173.0
30848.0 10172.0
30851.0 10168.0
30855.0 10167.0
30858.0 10165.0
30862.0 10164.0
30865.0 10161.0
30868.0 10159.0
30869.0 10158.0
30871.0 10157.0
30873.0 10153.0
30880.0 10152.0
30884.0 10151.0
30885.0 10148.0
30887.0 10147.0
30890.0 10144.0
30899.0 10143.0
30900.0 10142.0
30902.0 10141.0
30903.0 10139.0
30909.0 10137.0
30913.0 10134.0
30914.0 10131.0
30920.0 10129.0
30926.0 10126.0
30930.0 10124.0
30931.0 10121.0
30934.0 10120.0
30937.0 10118.0
30938.0 10115.0
30945.0 10112.0
30946.0 10109.0
30953.0 10108.0
30955.0 10105.0
30962.0 10102.0
30963.0 10099.0
30973.0 10096.0
30974.0 10095.0
30977.0 10092.0
30978.0 10091.0
30981.0 10089.0
30982.0 10088.0
30985.0 10086.0
30986.0 10084.0
30989.0 10083.0
30990.0 10081.0
30993.0 10079.0
30997.0 10076.0
31001.0 10072.0
31005.0 10069.0
31013.0 10067.0
31014.0 10066.0
31017.0 10063.0
31021.0 10060.0
31025.0 10056.0
31029.0 10053.0
31033.0 10050.0
31037.0 10047.0
31044.0 10046.0
31045.0 10045.0
31046.0 10043.0
31050.0 10040.0
31052.0 10038.0
31056.0 10035.0
31061.0 10032.0
31066.0 10031.0
31068.0 10030.0
31070.0 10027.0
31074.0 10024.0
31076.0 10022.0
31078.0 10021.0
31080.0 10019.0
31082.0 10018.0
31084.0 10016.0
31088.0 10013.0
31098.0 10012.0
31101.0 10011.0
31103.0 10009.0
31107.0 10006.0
31114.0 10004.0
31116.0 10003.0
31118.0 10001.0
31122.0 9998.0
31132.0 9997.0
31137.0 9996.0
31139.0 9994.0
31141.0 9993.0
31148.0 9991.0
31152.0 9988.0
31157.0 9987.0
31160.0 9986.0
31161.0 9984.0
31169.0 9982.0
31177.0 9980.0
31179.0 9978.0
31184.0 9976.0
31188.0 9975.0
31194.0 9974.0
31196.0 9973.0
31199.0 9972.0
31203.0 9970.0
31206.0 9969.0
31208.0 9968.0
31213.0 9966.0
31218.0 9964.0
31221.0 9963.0
31222.0 9962.0
31226.0 9960.0
31232.0 9959.0
31233.0 9957.0
31237.0 9956.0
31240.0 9954.0
31241.0 9950.0
31248.0 9949.0
31254.0 9948.0
31255.0 9946.0
31256.0 9944.0
31260.0 9943.0
31261.0 9942.0
31270.0 9940.0
31274.0 9939.0
31275.0 9935.0
31282.0 9934.0
31283.0 9930.0
31290.0 9929.0
31295.0 9927.0
31298.0 9924.0
31302.0 9923.0
31310.0 9921.0
31315.0 9920.0
31317.0 9915.0
31330.0 9913.0
31332.0 9909.0
31345.0 9907.0
31349.0 9905.0
31351.0 9904.0
31358.0 9902.0
31359.0 9901.0
31365.0 9899.0
31369.0 9894.0
31373.0 9893.0
31380.0 9891.0
31383.0 9889.0
31386.0 9886.0
31390.0 9884.0
31394.0 9883.0
31396.0 9879.0
31400.0 9878.0
31406.0 9875.0
31410.0 9874.0
31414.0 9873.0
31419.0 9872.0
31420.0 9870.0
31424.0 9869.0
31425.0 9867.0
31435.0 9863.0
31439.0 9862.0
31444.0 9861.0
31448.0 9860.0
31449.0 9858.0
31454.0 9857.0
31457.0 9856.0
31460.0 9855.0
31461.0 9851.0
31465.0 9850.0
31468.0 9849.0
31470.0 9848.0
31473.0 9844.0
31480.0 9841.0
31483.0 9837.0
31491.0 9835.0
31495.0 9834.0
31497.0 9832.0
31503.0 9830.0
31504.0 9829.0
31506.0 9828.0
31507.0 9825.0
31511.0 9824.0
31514.0 9822.0
31516.0 9821.0
31519.0 9818.0
31525.0 9817.0
31529.0 9811.0
31537.0 9810.0
31546.0 9808.0
31547.0 9803.0
31563.0 9802.0
31566.0 9800.0
31568.0 9797.0
31571.0 9796.0
31577.0 9795.0
31580.0 9792.0
31581.0 9789.0
31590.0 9785.0
31606.0 9784.0
31609.0 9782.0
31611.0 9779.0
31614.0 9778.0
31624.0 9771.0
31647.0 9768.0
31648.0 9767.0
31661.0 9765.0
31662.0 9761.0
31669.0 9760.0
31677.0 9758.0
31681.0 9757.0
31686.0 9753.0
31690.0 9750.0
31705.0 9749.0
31706.0 9746.0
31714.0 9742.0
31730.0 9738.0
31763.0 9736.0
31768.0 9735.0
31776.0 9731.0
31792.0 9727.0
31827.0 9726.0
31830.0 9725.0
31836.0 9723.0
31846.0 9721.0
31855.0 9720.0
31864.0 9719.0
31868.0 9716.0
31872.0 9714.0
31881.0 9713.0
31884.0 9712.0
31894.0 9709.0
31910.0 9705.0
31945.0 9704.0
31954.0 9701.0
31990.0 9700.0
32000.0 9699.0
32005.0 9697.0
32010.0 9693.0
32019.0 9692.0
32021.0 9691.0
32022.0 9687.0
32028.0 9683.0
32037.0 9682.0
32040.0 9677.0
32052.0 9676.0
32054.0 9675.0
32055.0 9671.0
32061.0 9667.0
32070.0 9666.0
32072.0 9665.0
32073.0 9661.0
32084.0 9659.0
32093.0 9657.0
32098.0 9656.0
32099.0 9653.0
32104.0 9652.0
32105.0 9649.0
32116.0 9646.0
32117.0 9643.0
32133.0 9641.0
32139.0 9638.0
32154.0 9637.0
32155.0 9636.0
32156.0 9634.0
32157.0 9632.0
32173.0 9630.0
32174.0 9628.0
32177.0 9626.0
32193.0 9624.0
32197.0 9623.0
32207.0 9621.0
32211.0 9619.0
32215.0 9617.0
32226.0 9616.0
32227.0 9613.0
32235.0 9611.0
32237.0 9610.0
32244.0 9609.0
32245.0 9607.0
32253.0 9605.0
32262.0 9603.0
32267.0 9601.0
32271.0 9599.0
32279.0 9597.0
32283.0 9595.0
32289.0 9594.0
32291.0 9593.0
32293.0 9592.0
32297.0 9591.0
32301.0 9589.0
32314.0 9587.0
32318.0 9585.0
32328.0 9584.0
32334.0 9582.0
32342.0 9580.0
32346.0 9578.0
32378.0 9576.0
32386.0 9574.0
32390.0 9572.0
32428.0 9570.0
32432.0 9568.0
32461.0 9567.0
32466.0 9566.0
32472.0 9564.0
32476.0 9562.0
32668.0 9561.0
32689.0 9560.0
32729.0 9559.0
32750.0 9558.0
32777.0 9557.0
32792.0 9556.0
32796.0 9555.0
32805.0 9554.0
32812.0 9553.0
32813.0 9552.0
32825.0 9551.0
32829.0 9550.0
32844.0 9549.0
32848.0 9548.0
32849.0 9547.0
32866.0 9546.0
32868.0 9545.0
32882.0 9544.0
32897.0 9543.0
32901.0 9542.0
32902.0 9541.0
32921.0 9539.0
