411.0 1389.0
412.0 1376.0
413.0 1371.0
414.0 1364.0
415.0 1357.0
416.0 1336.0
417.0 1325.0
418.0 1225.0
419.0 1213.0
421.0 1207.0
422.0 1197.0
424.0 1191.0
425.0 1184.0
427.0 1178.0
428.0 1177.0
429.0 1171.0
430.0 1160.0
432.0 1157.0
433.0 1149.0
434.0 1145.0
435.0 1140.0
436.0 1139.0
437.0 1131.0
438.0 1129.0
439.0 1122.0
440.0 1117.0
441.0 1115.0
442.0 1110.0
443.0 1102.0
444.0 1095.0
446.0 1090.0
447.0 1087.0
448.0 1080.0
450.0 1073.0
451.0 1065.0
454.0 1064.0
456.0 1056.0
459.0 1055.0
461.0 1051.0
463.0 1047.0
464.0 1043.0
467.0 1039.0
471.0 1037.0
472.0 1034.0
474.0 1033.0
475.0 1030.0
479.0 1028.0
481.0 1021.0
483.0 1019.0
487.0 1015.0
489.0 1013.0
492.0 1009.0
494.0 1008.0
496.0 1004.0
498.0 1003.0
500.0 1002.0
501.0 998.0
502.0 996.0
504.0 994.0
505.0 992.0
506.0 988.0
507.0 986.0
510.0 981.0
513.0 980.0
514.0 979.0
515.0 973.0
