712.0 1217.0
713.0 1193.0
714.0 1178.0
715.0 1173.0
716.0 1127.0
717.0 1114.0
718.0 1105.0
719.0 1076.0
720.0 1071.0
721.0 1055.0
722.0 1043.0
723.0 1032.0
724.0 1022.0
725.0 1013.0
726.0 999.0
727.0 992.0
728.0 987.0
729.0 982.0
730.0 977.0
731.0 969.0
732.0 965.0
733.0 961.0
734.0 953.0
735.0 943.0
736.0 939.0
737.0 932.0
738.0 925.0
739.0 912.0
741.0 896.0
742.0 895.0
743.0 882.0
744.0 880.0
745.0 875.0
746.0 864.0
748.0 857.0
749.0 853.0
750.0 850.0
751.0 846.0
752.0 837.0
753.0 834.0
754.0 830.0
755.0 827.0
756.0 823.0
758.0 814.0
759.0 811.0
760.0 807.0
761.0 804.0
762.0 800.0
764.0 793.0
767.0 791.0
770.0 785.0
773.0 782.0
776.0 780.0
780.0 776.0
