7948.0 1255.0
7953.0 1244.0
7954.0 1233.0
7955.0 1225.0
7960.0 1221.0
7964.0 1218.0
7967.0 1211.0
7970.0 1206.0
7971.0 1205.0
7975.0 1202.0
7976.0 1201.0
7980.0 1198.0
7981.0 1190.0
7984.0 1183.0
7989.0 1179.0
7995.0 1177.0
7996.0 1176.0
8001.0 1172.0
8002.0 1170.0
8004.0 1164.0
8014.0 1163.0
8015.0 1160.0
8016.0 1147.0
8030.0 1143.0
8033.0 1136.0
8037.0 1125.0
8050.0 1120.0
8051.0 1107.0
8070.0 1101.0
8077.0 1094.0
8094.0 1093.0
8096.0 1088.0
8110.0 1084.0
8122.0 1083.0
8123.0 1082.0
8124.0 1080.0
8128.0 1077.0
8132.0 1076.0
8133.0 1073.0
8135.0 1070.0
8142.0 1067.0
8146.0 1061.0
8153.0 1059.0
8154.0 1057.0
8156.0 1055.0
8160.0 1052.0
8162.0 1050.0
8164.0 1049.0
8167.0 1045.0
8173.0 1040.0
8195.0 1036.0
8199.0 1033.0
8203.0 1030.0
8211.0 1024.0
8218.0 1021.0
8222.0 1018.0
8224.0 1015.0
8230.0 1014.0
8233.0 1012.0
8237.0 1011.0
8238.0 1006.0
8241.0 1004.0
8245.0 1003.0
8246.0 997.0
8254.0 995.0
8257.0 993.0
8266.0 989.0
8269.0 988.0
8274.0 987.0
8277.0 985.0
8280.0 981.0
8289.0 980.0
8296.0 978.0
8297.0 977.0
8300.0 973.0
8315.0 971.0
8316.0 968.0
8327.0 967.0
8328.0 965.0
8330.0 962.0
8336.0 960.0
8347.0 958.0
8353.0 953.0
8359.0 951.0
8367.0 948.0
8381.0 944.0
8387.0 943.0
8395.0 940.0
8409.0 936.0
8421.0 935.0
8427.0 934.0
8442.0 932.0
8447.0 931.0
8448.0 927.0
8463.0 926.0
8475.0 925.0
8479.0 924.0
8480.0 921.0
8487.0 919.0
8492.0 917.0
8610.0 915.0
8614.0 914.0
8615.0 911.0
