15248.0 4341.0
15249.0 4326.0
15254.0 4312.0
15260.0 4306.0
15262.0 4291.0
15264.0 4262.0
15269.0 4248.0
15276.0 4243.0
15280.0 4220.0
15285.0 4206.0
15288.0 4203.0
15292.0 4201.0
15293.0 4189.0
15297.0 4187.0
15300.0 4184.0
15305.0 4170.0
15307.0 4064.0
15308.0 4051.0
15313.0 4043.0
15314.0 4030.0
15317.0 4028.0
15319.0 4023.0
15321.0 4012.0
15323.0 4004.0
15326.0 4001.0
15327.0 3988.0
15331.0 3986.0
15332.0 3981.0
15334.0 3975.0
15335.0 3970.0
15341.0 3931.0
15342.0 3924.0
15343.0 3911.0
15345.0 3905.0
15347.0 3893.0
15360.0 3891.0
15361.0 3882.0
15364.0 3877.0
15365.0 3865.0
15374.0 3864.0
15375.0 3862.0
15376.0 3841.0
15378.0 3763.0
15379.0 3754.0
15380.0 3753.0
15381.0 3744.0
15384.0 3728.0
15385.0 3719.0
15396.0 3717.0
15397.0 3714.0
15399.0 3709.0
15400.0 3700.0
15403.0 3698.0
15404.0 3690.0
15411.0 3684.0
15415.0 3681.0
15417.0 3680.0
15418.0 3679.0
15421.0 3674.0
15422.0 3669.0
15424.0 3663.0
15427.0 3658.0
15430.0 3655.0
15432.0 3651.0
15439.0 3644.0
15443.0 3634.0
15450.0 3632.0
15452.0 3630.0
15453.0 3627.0
15457.0 3622.0
15458.0 3620.0
15459.0 3612.0
15464.0 3605.0
15467.0 3599.0
15469.0 3598.0
15472.0 3592.0
15473.0 3591.0
15478.0 3584.0
15484.0 3583.0
15485.0 3578.0
15489.0 3574.0
15490.0 3571.0
15493.0 3565.0
15495.0 3564.0
15497.0 3561.0
15498.0 3558.0
15499.0 3557.0
15504.0 3550.0
15508.0 3548.0
15511.0 3547.0
15513.0 3546.0
15515.0 3542.0
15516.0 3541.0
15517.0 3539.0
15518.0 3538.0
15521.0 3534.0
15525.0 3527.0
15533.0 3523.0
15538.0 3521.0
15539.0 3519.0
15540.0 3512.0
15550.0 3510.0
15553.0 3509.0
15556.0 3503.0
15557.0 3499.0
15560.0 3498.0
15565.0 3497.0
15569.0 3495.0
15573.0 3490.0
15576.0 3489.0
15580.0 3482.0
15589.0 3481.0
15591.0 3477.0
15593.0 3475.0
15595.0 3470.0
15597.0 3465.0
15599.0 3463.0
15609.0 3462.0
15610.0 3458.0
15613.0 3456.0
15615.0 3454.0
15622.0 3452.0
15624.0 3450.0
15626.0 3449.0
15630.0 3448.0
15631.0 3447.0
15632.0 3446.0
15633.0 3445.0
15636.0 3442.0
15637.0 3435.0
15639.0 3433.0
15649.0 3432.0
15650.0 3428.0
15653.0 3427.0
15655.0 3425.0
15665.0 3424.0
15666.0 3420.0
15669.0 3419.0
15678.0 3417.0
15681.0 3415.0
15685.0 3411.0
15693.0 3408.0
15697.0 3400.0
15698.0 3399.0
15699.0 3396.0
15709.0 3388.0
15714.0 3385.0
15722.0 3382.0
15725.0 3375.0
15730.0 3372.0
15739.0 3369.0
15743.0 3365.0
15745.0 3364.0
15746.0 3356.0
15750.0 3349.0
15755.0 3346.0
15760.0 3344.0
15765.0 3341.0
15772.0 3337.0
15778.0 3335.0
15782.0 3332.0
15788.0 3330.0
15796.0 3329.0
15800.0 3325.0
15805.0 3322.0
15810.0 3320.0
15815.0 3317.0
15822.0 3313.0
15828.0 3311.0
15832.0 3308.0
15838.0 3306.0
15846.0 3305.0
15851.0 3302.0
15853.0 3300.0
15861.0 3297.0
15865.0 3296.0
15868.0 3293.0
15869.0 3292.0
15870.0 3289.0
15871.0 3288.0
15873.0 3284.0
15888.0 3283.0
15891.0 3282.0
15895.0 3279.0
15897.0 3278.0
15898.0 3275.0
15899.0 3274.0
15901.0 3270.0
15921.0 3269.0
15923.0 3265.0
15943.0 3262.0
15946.0 3261.0
15948.0 3260.0
15956.0 3257.0
15957.0 3256.0
15962.0 3253.0
15966.0 3252.0
15969.0 3249.0
15973.0 3248.0
15978.0 3247.0
15983.0 3243.0
15987.0 3239.0
15997.0 3235.0
15998.0 3234.0
16015.0 3233.0
16019.0 3230.0
16020.0 3229.0
16037.0 3227.0
16044.0 3225.0
16045.0 3224.0
16047.0 3223.0
16048.0 3222.0
16069.0 3218.0
16070.0 3217.0
16093.0 3215.0
16094.0 3213.0
16095.0 3212.0
16118.0 3210.0
16119.0 3209.0
16120.0 3208.0
16121.0 3207.0
16160.0 3206.0
16175.0 3204.0
16189.0 3202.0
16202.0 3201.0
16205.0 3200.0
16207.0 3198.0
16217.0 3196.0
16219.0 3194.0
16232.0 3193.0
16243.0 3192.0
16246.0 3191.0
16253.0 3190.0
16254.0 3189.0
16255.0 3186.0
16257.0 3184.0
16269.0 3182.0
16282.0 3181.0
16302.0 3180.0
16315.0 3178.0
16328.0 3177.0
16335.0 3176.0
16337.0 3175.0
16349.0 3173.0
16362.0 3172.0
16382.0 3171.0
16398.0 3170.0
16418.0 3169.0
16518.0 3168.0
16522.0 3164.0
16542.0 3162.0
16546.0 3159.0
16566.0 3158.0
16571.0 3157.0
16577.0 3156.0
16590.0 3153.0
16626.0 3152.0
16628.0 3151.0
16639.0 3149.0
