19438.0 6071.0
19439.0 6055.0
19440.0 6023.0
19442.0 5999.0
19446.0 5998.0
19447.0 5996.0
19449.0 5987.0
19453.0 5985.0
19454.0 5981.0
19455.0 5937.0
19458.0 5927.0
19462.0 5741.0
19469.0 5730.0
19473.0 5715.0
19478.0 5711.0
19480.0 5704.0
19483.0 5691.0
19490.0 5680.0
19500.0 5676.0
19503.0 5673.0
19504.0 5664.0
19507.0 5663.0
19510.0 5644.0
19517.0 5633.0
19524.0 5630.0
19526.0 5622.0
19531.0 5621.0
19532.0 5616.0
19536.0 5604.0
19543.0 5603.0
19546.0 5600.0
19547.0 5596.0
19549.0 5595.0
19550.0 5593.0
19553.0 5589.0
19556.0 5578.0
19565.0 5573.0
19566.0 5565.0
19571.0 5558.0
19574.0 5555.0
19580.0 5554.0
19582.0 5550.0
19584.0 5549.0
19586.0 5548.0
19587.0 5546.0
19588.0 5543.0
19591.0 5532.0
19596.0 5528.0
19600.0 5527.0
19601.0 5519.0
19609.0 5509.0
19615.0 5507.0
19617.0 5502.0
19618.0 5496.0
19619.0 5492.0
19621.0 5490.0
19622.0 5481.0
19630.0 5477.0
19631.0 5473.0
19636.0 5466.0
19637.0 5465.0
19638.0 5453.0
19644.0 5448.0
19648.0 5444.0
19650.0 5437.0
19656.0 5432.0
19658.0 5427.0
19663.0 5421.0
19667.0 5419.0
19668.0 5418.0
19669.0 5416.0
19670.0 5411.0
19679.0 5403.0
19680.0 5402.0
19683.0 5395.0
19687.0 5393.0
19693.0 5390.0
19697.0 5387.0
19699.0 5377.0
19708.0 5368.0
19711.0 5363.0
19713.0 5358.0
19717.0 5351.0
19722.0 5341.0
19726.0 5338.0
19729.0 5335.0
19732.0 5330.0
19734.0 5325.0
19741.0 5323.0
19743.0 5318.0
19748.0 5315.0
19757.0 5310.0
19759.0 5308.0
19762.0 5307.0
19764.0 5305.0
19767.0 5301.0
19770.0 5297.0
19776.0 5294.0
19778.0 5288.0
19780.0 5284.0
19782.0 5282.0
19788.0 5275.0
19790.0 5273.0
19792.0 5269.0
19797.0 5268.0
19800.0 5260.0
19806.0 5259.0
19809.0 5253.0
19814.0 5250.0
19821.0 5249.0
19823.0 5247.0
19829.0 5242.0
19836.0 5241.0
19837.0 5240.0
19838.0 5235.0
19843.0 5232.0
19844.0 5229.0
19852.0 5220.0
19859.0 5219.0
19861.0 5217.0
19869.0 5215.0
19872.0 5213.0
19874.0 5211.0
19875.0 5210.0
19876.0 5209.0
19881.0 5202.0
19887.0 5201.0
19891.0 5198.0
19892.0 5196.0
19897.0 5195.0
19899.0 5194.0
19903.0 5190.0
19912.0 5187.0
19917.0 5186.0
19918.0 5183.0
19920.0 5177.0
19921.0 5175.0
19932.0 5174.0
19933.0 5173.0
19937.0 5172.0
19938.0 5171.0
19940.0 5170.0
19941.0 5168.0
19947.0 5167.0
19953.0 5166.0
19955.0 5164.0
19957.0 5159.0
19958.0 5157.0
19962.0 5155.0
19968.0 5154.0
19969.0 5152.0
19975.0 5151.0
19976.0 5149.0
19983.0 5148.0
19987.0 5146.0
19988.0 5145.0
19991.0 5141.0
19992.0 5140.0
19994.0 5139.0
19997.0 5137.0
19998.0 5136.0
20000.0 5135.0
20001.0 5133.0
20002.0 5132.0
20003.0 5129.0
20004.0 5128.0
20008.0 5127.0
20009.0 5125.0
20010.0 5124.0
20013.0 5123.0
20014.0 5122.0
20015.0 5121.0
20016.0 5118.0
20017.0 5117.0
20021.0 5112.0
20025.0 5108.0
20029.0 5107.0
20032.0 5104.0
20036.0 5100.0
20039.0 5099.0
20040.0 5093.0
20044.0 5090.0
20047.0 5088.0
20051.0 5084.0
20055.0 5081.0
20058.0 5080.0
20059.0 5075.0
20061.0 5074.0
20063.0 5072.0
20066.0 5069.0
20070.0 5066.0
20071.0 5065.0
20074.0 5064.0
20076.0 5062.0
20078.0 5057.0
20080.0 5056.0
20082.0 5054.0
20085.0 5051.0
20089.0 5050.0
20090.0 5047.0
20093.0 5045.0
20096.0 5044.0
20097.0 5039.0
20104.0 5037.0
20109.0 5035.0
20110.0 5031.0
20111.0 5029.0
20120.0 5028.0
20121.0 5025.0
20124.0 5023.0
20127.0 5022.0
20128.0 5017.0
20135.0 5015.0
20140.0 5013.0
20141.0 5009.0
20142.0 5007.0
20153.0 5005.0
20157.0 5004.0
20159.0 5003.0
20160.0 5001.0
20162.0 4999.0
20163.0 4997.0
20167.0 4995.0
20171.0 4991.0
20172.0 4989.0
20182.0 4988.0
20187.0 4987.0
20188.0 4985.0
20190.0 4982.0
20192.0 4981.0
20193.0 4979.0
20203.0 4978.0
20208.0 4977.0
20211.0 4972.0
20221.0 4971.0
20223.0 4966.0
20224.0 4964.0
20239.0 4962.0
20241.0 4961.0
20242.0 4957.0
20252.0 4956.0
20255.0 4954.0
20259.0 4950.0
20260.0 4948.0
20275.0 4946.0
20276.0 4945.0
20278.0 4941.0
20288.0 4940.0
20294.0 4938.0
20304.0 4937.0
20309.0 4931.0
20324.0 4928.0
20329.0 4926.0
20338.0 4924.0
20343.0 4921.0
20344.0 4919.0
20346.0 4918.0
20347.0 4916.0
20354.0 4915.0
20355.0 4913.0
20363.0 4909.0
20364.0 4907.0
20375.0 4903.0
20381.0 4899.0
20389.0 4897.0
20396.0 4896.0
20397.0 4889.0
20415.0 4888.0
20419.0 4886.0
20423.0 4880.0
20434.0 4877.0
20452.0 4876.0
20454.0 4872.0
20460.0 4868.0
20487.0 4866.0
20491.0 4860.0
20512.0 4858.0
20521.0 4856.0
20535.0 4854.0
20543.0 4852.0
20552.0 4850.0
20558.0 4847.0
20572.0 4846.0
20581.0 4845.0
20583.0 4844.0
20585.0 4843.0
20587.0 4842.0
20589.0 4841.0
20595.0 4840.0
20597.0 4839.0
20602.0 4837.0
20604.0 4836.0
20611.0 4835.0
20620.0 4833.0
20622.0 4832.0
20624.0 4831.0
20626.0 4830.0
20635.0 4829.0
20638.0 4828.0
20641.0 4826.0
20643.0 4825.0
20649.0 4824.0
20651.0 4823.0
20661.0 4822.0
20662.0 4821.0
20663.0 4820.0
20667.0 4818.0
20674.0 4817.0
20677.0 4816.0
20680.0 4814.0
20682.0 4813.0
20694.0 4812.0
20698.0 4810.0
20706.0 4809.0
20708.0 4808.0
20711.0 4806.0
20713.0 4805.0
20732.0 4802.0
20737.0 4801.0
20740.0 4798.0
20749.0 4797.0
20766.0 4794.0
20771.0 4790.0
20792.0 4789.0
20802.0 4786.0
20807.0 4782.0
20839.0 4781.0
20842.0 4780.0
20874.0 4779.0
20902.0 4775.0
20909.0 4769.0
20924.0 4766.0
20934.0 4761.0
20944.0 4759.0
20947.0 4755.0
20958.0 4754.0
20965.0 4753.0
20969.0 4751.0
20972.0 4747.0
20981.0 4743.0
20999.0 4741.0
21003.0 4739.0
21006.0 4735.0
21034.0 4731.0
21035.0 4730.0
21061.0 4727.0
21063.0 4726.0
21064.0 4725.0
21089.0 4723.0
21092.0 4721.0
21093.0 4720.0
21102.0 4719.0
21116.0 4718.0
21117.0 4716.0
21125.0 4714.0
21126.0 4712.0
21139.0 4710.0
21140.0 4708.0
21141.0 4706.0
21152.0 4705.0
21153.0 4703.0
21167.0 4702.0
21168.0 4700.0
21169.0 4699.0
21182.0 4698.0
21185.0 4697.0
21186.0 4696.0
21202.0 4694.0
21209.0 4692.0
21210.0 4691.0
21225.0 4690.0
21226.0 4689.0
21239.0 4688.0
21244.0 4687.0
21245.0 4686.0
21260.0 4685.0
21261.0 4684.0
21274.0 4683.0
21290.0 4681.0
