2660.0 655.0
2662.0 649.0
2674.0 641.0
2676.0 616.0
2682.0 606.0
2692.0 604.0
2696.0 603.0
2698.0 596.0
2708.0 586.0
2710.0 582.0
2718.0 578.0
2734.0 574.0
2742.0 570.0
2754.0 566.0
2758.0 562.0
2770.0 560.0
2782.0 559.0
2794.0 556.0
2798.0 554.0
2804.0 553.0
2818.0 551.0
2828.0 544.0
2842.0 542.0
2848.0 540.0
2862.0 536.0
2866.0 533.0
2870.0 531.0
2886.0 529.0
2908.0 528.0
2918.0 524.0
2922.0 521.0
2938.0 519.0
2964.0 517.0
2966.0 516.0
2970.0 514.0
2974.0 512.0
2994.0 510.0
3034.0 509.0
3048.0 508.0
3054.0 505.0
3058.0 503.0
3098.0 502.0
3150.0 500.0
3330.0 498.0
