5694.0 785.0
5698.0 784.0
5702.0 753.0
5706.0 752.0
5708.0 747.0
5712.0 746.0
5720.0 734.0
5724.0 733.0
5726.0 709.0
5734.0 695.0
5752.0 691.0
5758.0 689.0
5762.0 680.0
5776.0 670.0
5792.0 667.0
5794.0 666.0
5800.0 664.0
5806.0 659.0
5820.0 640.0
5834.0 638.0
5838.0 635.0
5848.0 634.0
5854.0 622.0
5864.0 621.0
5888.0 615.0
5892.0 610.0
5902.0 609.0
5914.0 606.0
5920.0 599.0
5946.0 598.0
5952.0 594.0
5958.0 587.0
5990.0 584.0
6002.0 581.0
6010.0 579.0
6020.0 575.0
6024.0 573.0
6052.0 572.0
6064.0 569.0
6068.0 567.0
6080.0 562.0
6096.0 559.0
6116.0 557.0
6140.0 555.0
6160.0 550.0
6180.0 548.0
6228.0 544.0
6248.0 542.0
6274.0 541.0
6316.0 540.0
6328.0 539.0
6330.0 536.0
6352.0 535.0
6358.0 533.0
6362.0 531.0
6402.0 530.0
6416.0 529.0
6418.0 528.0
6422.0 521.0
6464.0 519.0
6486.0 515.0
6528.0 513.0
