5358.0 753.0
5360.0 733.0
5362.0 717.0
5367.0 700.0
5380.0 689.0
5389.0 684.0
5395.0 678.0
5401.0 664.0
5418.0 649.0
5421.0 643.0
5426.0 637.0
5433.0 631.0
5438.0 625.0
5445.0 624.0
5450.0 618.0
5456.0 615.0
5463.0 614.0
5469.0 611.0
5479.0 609.0
5484.0 603.0
5494.0 599.0
5502.0 596.0
5513.0 593.0
5519.0 589.0
5525.0 584.0
5535.0 582.0
5538.0 580.0
5545.0 577.0
5550.0 571.0
5566.0 568.0
5570.0 567.0
5577.0 566.0
5579.0 563.0
5591.0 562.0
5595.0 560.0
5599.0 556.0
5628.0 555.0
5632.0 552.0
5634.0 548.0
5646.0 541.0
5659.0 537.0
5663.0 534.0
5676.0 530.0
5686.0 529.0
5693.0 528.0
5699.0 526.0
5702.0 525.0
5703.0 522.0
5719.0 518.0
5738.0 517.0
5756.0 516.0
5762.0 512.0
5781.0 511.0
