7946.0 1294.0
7947.0 1270.0
7948.0 1259.0
7953.0 1255.0
7955.0 1254.0
7956.0 1243.0
7959.0 1236.0
7964.0 1232.0
7966.0 1231.0
7967.0 1230.0
7968.0 1219.0
7975.0 1217.0
7977.0 1211.0
7978.0 1209.0
7983.0 1201.0
7986.0 1194.0
7989.0 1193.0
7990.0 1187.0
7992.0 1186.0
7995.0 1177.0
8004.0 1164.0
8014.0 1163.0
8015.0 1160.0
8016.0 1157.0
8020.0 1154.0
8023.0 1150.0
8032.0 1147.0
8036.0 1146.0
8039.0 1138.0
8041.0 1132.0
8055.0 1130.0
8056.0 1128.0
8058.0 1127.0
8059.0 1126.0
8065.0 1124.0
8067.0 1118.0
8069.0 1110.0
8073.0 1106.0
8079.0 1104.0
8085.0 1096.0
8086.0 1090.0
8092.0 1088.0
8099.0 1087.0
8106.0 1084.0
8108.0 1080.0
8112.0 1075.0
8118.0 1073.0
8125.0 1072.0
8130.0 1067.0
8133.0 1065.0
8135.0 1059.0
8141.0 1057.0
8146.0 1049.0
8154.0 1045.0
8159.0 1037.0
8165.0 1035.0
8170.0 1027.0
8179.0 1026.0
8185.0 1023.0
8188.0 1020.0
8192.0 1019.0
8196.0 1013.0
8199.0 1010.0
8208.0 1009.0
8214.0 1006.0
8221.0 1002.0
8225.0 996.0
8234.0 995.0
8238.0 994.0
8247.0 992.0
8255.0 987.0
8264.0 986.0
8268.0 985.0
8271.0 984.0
8277.0 983.0
8284.0 982.0
8290.0 981.0
8293.0 980.0
8294.0 978.0
8303.0 976.0
8310.0 975.0
8317.0 969.0
8322.0 967.0
8325.0 966.0
8327.0 961.0
8345.0 960.0
8346.0 958.0
8348.0 957.0
8355.0 954.0
8359.0 952.0
8366.0 948.0
8376.0 947.0
8378.0 945.0
8388.0 937.0
8410.0 932.0
8415.0 931.0
8421.0 928.0
8436.0 921.0
8441.0 920.0
8477.0 915.0
8482.0 914.0
8515.0 911.0
8525.0 910.0
8536.0 907.0
8541.0 906.0
8699.0 905.0
8701.0 903.0
8705.0 902.0
8723.0 901.0
