15294.0 4129.0
15296.0 4126.0
15297.0 4118.0
15299.0 4115.0
15303.0 4108.0
15305.0 4105.0
15306.0 4104.0
15308.0 4101.0
15310.0 4098.0
15312.0 4089.0
15314.0 4086.0
15318.0 4076.0
15319.0 4021.0
15322.0 4016.0
15325.0 4011.0
15328.0 3987.0
15331.0 3982.0
15333.0 3872.0
15335.0 3846.0
15337.0 3832.0
15339.0 3824.0
15342.0 3819.0
15344.0 3807.0
15346.0 3799.0
15349.0 3794.0
15351.0 3793.0
15353.0 3784.0
15356.0 3781.0
15358.0 3771.0
15365.0 3767.0
15366.0 3766.0
15373.0 3764.0
15374.0 3759.0
15375.0 3753.0
15381.0 3750.0
15383.0 3745.0
15385.0 3742.0
15388.0 3738.0
15390.0 3731.0
15392.0 3729.0
15397.0 3727.0
15398.0 3726.0
15399.0 3725.0
15400.0 3724.0
15402.0 3720.0
15404.0 3715.0
15406.0 3713.0
15407.0 3712.0
15409.0 3711.0
15410.0 3710.0
15412.0 3701.0
15414.0 3699.0
15417.0 3698.0
15418.0 3695.0
15420.0 3692.0
15422.0 3685.0
15428.0 3679.0
15430.0 3676.0
15432.0 3674.0
15433.0 3671.0
15436.0 3669.0
15437.0 3668.0
15439.0 3667.0
15440.0 3665.0
15441.0 3662.0
15443.0 3655.0
15447.0 3649.0
15452.0 3646.0
15455.0 3633.0
15462.0 3630.0
15465.0 3625.0
15470.0 3624.0
15471.0 3615.0
15479.0 3612.0
15480.0 3610.0
15481.0 3603.0
15483.0 3600.0
15489.0 3598.0
15490.0 3595.0
15492.0 3594.0
15494.0 3591.0
15495.0 3586.0
15497.0 3585.0
15499.0 3582.0
15505.0 3578.0
15506.0 3573.0
15508.0 3570.0
15511.0 3568.0
15517.0 3564.0
15519.0 3561.0
15520.0 3556.0
15523.0 3555.0
15530.0 3554.0
15531.0 3547.0
15532.0 3543.0
15539.0 3542.0
15542.0 3540.0
15543.0 3534.0
15553.0 3528.0
15561.0 3527.0
15562.0 3516.0
15570.0 3515.0
15575.0 3512.0
15578.0 3508.0
15581.0 3507.0
15584.0 3505.0
15585.0 3504.0
15586.0 3503.0
15590.0 3495.0
15597.0 3494.0
15605.0 3493.0
15606.0 3488.0
15613.0 3486.0
15615.0 3483.0
15619.0 3482.0
15621.0 3479.0
15624.0 3478.0
15625.0 3476.0
15627.0 3473.0
15634.0 3472.0
15636.0 3470.0
15640.0 3466.0
15642.0 3464.0
15647.0 3463.0
15648.0 3460.0
15652.0 3458.0
15654.0 3454.0
15659.0 3453.0
15664.0 3448.0
15670.0 3446.0
15674.0 3444.0
15676.0 3443.0
15678.0 3441.0
15680.0 3440.0
15682.0 3437.0
15686.0 3434.0
15688.0 3433.0
15694.0 3427.0
15702.0 3426.0
15705.0 3423.0
15710.0 3421.0
15712.0 3420.0
15715.0 3416.0
15718.0 3414.0
15724.0 3411.0
15726.0 3408.0
15727.0 3407.0
15734.0 3406.0
15735.0 3405.0
15737.0 3402.0
15738.0 3399.0
15741.0 3393.0
15748.0 3392.0
15750.0 3388.0
15752.0 3385.0
15753.0 3384.0
15760.0 3383.0
15761.0 3382.0
15763.0 3379.0
15764.0 3376.0
15765.0 3375.0
15768.0 3374.0
15774.0 3373.0
15775.0 3370.0
15776.0 3369.0
15777.0 3366.0
15787.0 3363.0
15788.0 3360.0
15794.0 3359.0
15797.0 3358.0
15798.0 3357.0
15799.0 3356.0
15804.0 3354.0
15805.0 3353.0
15806.0 3352.0
15809.0 3350.0
15815.0 3348.0
15818.0 3347.0
15822.0 3344.0
15826.0 3343.0
15829.0 3337.0
15839.0 3331.0
15846.0 3330.0
15849.0 3328.0
15856.0 3324.0
15866.0 3320.0
15874.0 3316.0
15880.0 3315.0
15881.0 3313.0
15884.0 3312.0
15885.0 3307.0
15888.0 3306.0
15894.0 3305.0
15895.0 3304.0
15898.0 3303.0
15900.0 3302.0
15902.0 3300.0
15905.0 3299.0
15911.0 3298.0
15912.0 3297.0
15915.0 3296.0
15917.0 3295.0
15920.0 3294.0
15927.0 3292.0
15930.0 3291.0
15933.0 3289.0
15942.0 3285.0
15948.0 3284.0
15950.0 3282.0
15954.0 3279.0
15962.0 3276.0
15971.0 3272.0
15977.0 3271.0
15979.0 3269.0
15986.0 3267.0
15989.0 3266.0
15994.0 3264.0
15999.0 3263.0
16004.0 3261.0
16007.0 3260.0
16010.0 3259.0
16017.0 3257.0
16019.0 3256.0
16029.0 3253.0
16034.0 3251.0
16038.0 3250.0
16043.0 3247.0
16050.0 3246.0
16057.0 3244.0
16060.0 3243.0
16065.0 3241.0
16069.0 3237.0
16083.0 3234.0
16084.0 3233.0
16091.0 3224.0
16111.0 3223.0
16113.0 3218.0
16133.0 3214.0
16143.0 3211.0
16147.0 3205.0
16188.0 3202.0
16194.0 3201.0
16195.0 3200.0
16198.0 3198.0
16200.0 3197.0
16206.0 3196.0
16209.0 3194.0
16218.0 3190.0
16220.0 3189.0
16228.0 3188.0
16231.0 3185.0
16238.0 3183.0
16240.0 3181.0
16242.0 3180.0
16247.0 3179.0
16250.0 3178.0
16254.0 3175.0
16255.0 3173.0
16262.0 3172.0
16265.0 3171.0
16269.0 3169.0
16271.0 3168.0
16273.0 3167.0
16283.0 3166.0
16293.0 3165.0
16297.0 3163.0
16299.0 3162.0
16309.0 3161.0
16319.0 3160.0
16323.0 3156.0
16335.0 3153.0
16337.0 3152.0
16345.0 3151.0
16357.0 3150.0
16375.0 3149.0
16390.0 3148.0
16395.0 3147.0
16456.0 3145.0
16460.0 3144.0
16465.0 3143.0
16469.0 3136.0
16473.0 3135.0
16496.0 3134.0
16499.0 3128.0
16522.0 3127.0
16537.0 3125.0
16611.0 3124.0
16641.0 3123.0
16663.0 3120.0
