67.0 132.0
72.0 102.0
72.0 102.0
72.0 102.0
72.0 102.0
76.0 95.0
72.0 102.0
69.0 123.0
75.0 98.0
79.0 91.0
76.0 95.0
69.0 123.0
73.0 101.0
72.0 102.0
76.0 95.0
69.0 123.0
72.0 102.0
76.0 95.0
75.0 98.0
73.0 101.0
69.0 123.0
79.0 91.0
77.0 93.0
79.0 91.0
74.0 99.0
79.0 91.0
77.0 93.0
77.0 93.0
73.0 101.0
73.0 101.0
77.0 93.0
79.0 91.0
78.0 92.0
78.0 92.0
73.0 101.0
77.0 93.0
75.0 98.0
69.0 123.0
70.0 106.0
79.0 91.0
70.0 106.0
75.0 98.0
70.0 106.0
70.0 106.0
77.0 93.0
74.0 99.0
76.0 95.0
70.0 106.0
78.0 92.0
72.0 102.0
79.0 91.0
73.0 101.0
74.0 99.0
76.0 95.0
76.0 95.0
74.0 99.0
69.0 123.0
73.0 101.0
75.0 98.0
74.0 99.0
74.0 99.0
75.0 98.0
75.0 98.0
77.0 93.0
77.0 93.0
72.0 102.0
78.0 92.0
70.0 106.0
78.0 92.0
69.0 123.0
78.0 92.0
77.0 93.0
75.0 98.0
70.0 106.0
70.0 106.0
79.0 91.0
75.0 98.0
78.0 92.0
70.0 106.0
72.0 102.0
76.0 95.0
69.0 123.0
74.0 99.0
70.0 106.0
73.0 101.0
76.0 95.0
74.0 99.0
74.0 99.0
67.0 132.0
78.0 92.0
69.0 123.0
73.0 101.0
73.0 101.0
79.0 91.0
78.0 92.0
75.0 98.0
76.0 95.0
69.0 123.0
79.0 91.0
77.0 93.0
