65.0 131.0
56.0 140.0
56.0 140.0
65.0 131.0
63.0 137.0
52.0 144.0
66.0 128.0
66.0 128.0
65.0 131.0
66.0 128.0
66.0 128.0
52.0 144.0
65.0 131.0
52.0 144.0
52.0 144.0
52.0 144.0
66.0 128.0
65.0 131.0
46.0 192.0
67.0 121.0
66.0 128.0
67.0 121.0
51.0 145.0
51.0 145.0
63.0 137.0
49.0 161.0
48.0 174.0
67.0 121.0
48.0 174.0
48.0 174.0
46.0 192.0
46.0 192.0
60.0 138.0
49.0 161.0
67.0 121.0
47.0 180.0
49.0 161.0
67.0 121.0
49.0 161.0
55.0 141.0
60.0 138.0
46.0 192.0
51.0 145.0
47.0 180.0
64.0 133.0
67.0 121.0
50.0 149.0
47.0 180.0
48.0 174.0
64.0 133.0
49.0 161.0
46.0 192.0
49.0 161.0
56.0 140.0
63.0 137.0
47.0 180.0
64.0 133.0
50.0 149.0
55.0 141.0
47.0 180.0
63.0 137.0
63.0 137.0
60.0 138.0
47.0 180.0
50.0 149.0
52.0 144.0
51.0 145.0
50.0 149.0
48.0 174.0
46.0 192.0
65.0 131.0
60.0 138.0
67.0 121.0
51.0 145.0
51.0 145.0
52.0 144.0
49.0 161.0
47.0 180.0
48.0 174.0
67.0 121.0
48.0 174.0
49.0 161.0
64.0 133.0
60.0 138.0
64.0 133.0
51.0 145.0
46.0 192.0
60.0 138.0
50.0 149.0
63.0 137.0
46.0 192.0
60.0 138.0
66.0 128.0
64.0 133.0
48.0 174.0
63.0 137.0
50.0 149.0
64.0 133.0
47.0 180.0
50.0 149.0
