90.0 129.0
90.0 129.0
94.0 106.0
89.0 131.0
87.0 137.0
91.0 124.0
91.0 124.0
91.0 124.0
93.0 107.0
91.0 124.0
92.0 122.0
89.0 131.0
90.0 129.0
91.0 124.0
89.0 131.0
91.0 124.0
91.0 124.0
92.0 122.0
89.0 131.0
94.0 106.0
92.0 122.0
90.0 129.0
94.0 106.0
89.0 131.0
95.0 99.0
94.0 106.0
95.0 99.0
92.0 122.0
93.0 107.0
93.0 107.0
95.0 99.0
94.0 106.0
95.0 99.0
92.0 122.0
95.0 99.0
95.0 99.0
94.0 106.0
89.0 131.0
94.0 106.0
94.0 106.0
94.0 106.0
94.0 106.0
92.0 122.0
92.0 122.0
89.0 131.0
95.0 99.0
91.0 124.0
90.0 129.0
95.0 99.0
91.0 124.0
93.0 107.0
92.0 122.0
94.0 106.0
90.0 129.0
89.0 131.0
93.0 107.0
95.0 99.0
91.0 124.0
93.0 107.0
92.0 122.0
94.0 106.0
90.0 129.0
95.0 99.0
90.0 129.0
93.0 107.0
89.0 131.0
91.0 124.0
95.0 99.0
89.0 131.0
93.0 107.0
95.0 99.0
89.0 131.0
94.0 106.0
95.0 99.0
95.0 99.0
90.0 129.0
92.0 122.0
93.0 107.0
90.0 129.0
92.0 122.0
92.0 122.0
92.0 122.0
89.0 131.0
93.0 107.0
93.0 107.0
94.0 106.0
90.0 129.0
93.0 107.0
89.0 131.0
90.0 129.0
92.0 122.0
90.0 129.0
91.0 124.0
90.0 129.0
95.0 99.0
93.0 107.0
91.0 124.0
89.0 131.0
91.0 124.0
93.0 107.0
