503.0 657.0
500.0 659.0
500.0 659.0
503.0 657.0
503.0 657.0
473.0 688.0
473.0 688.0
503.0 657.0
488.0 665.0
473.0 688.0
488.0 665.0
463.0 764.0
470.0 696.0
488.0 665.0
470.0 696.0
488.0 665.0
463.0 764.0
462.0 770.0
470.0 696.0
480.0 669.0
470.0 696.0
479.0 671.0
489.0 663.0
462.0 770.0
473.0 688.0
474.0 682.0
462.0 770.0
464.0 756.0
463.0 764.0
478.0 674.0
464.0 756.0
479.0 671.0
478.0 674.0
478.0 674.0
463.0 764.0
480.0 669.0
473.0 688.0
465.0 728.0
479.0 671.0
494.0 660.0
471.0 692.0
480.0 669.0
462.0 770.0
494.0 660.0
465.0 728.0
500.0 659.0
464.0 756.0
463.0 764.0
465.0 728.0
494.0 660.0
500.0 659.0
464.0 756.0
489.0 663.0
464.0 756.0
478.0 674.0
462.0 770.0
494.0 660.0
465.0 728.0
479.0 671.0
470.0 696.0
489.0 663.0
492.0 662.0
492.0 662.0
480.0 669.0
488.0 665.0
479.0 671.0
471.0 692.0
489.0 663.0
476.0 677.0
500.0 659.0
478.0 674.0
476.0 677.0
471.0 692.0
492.0 662.0
489.0 663.0
477.0 676.0
492.0 662.0
471.0 692.0
500.0 659.0
476.0 677.0
477.0 676.0
477.0 676.0
466.0 718.0
465.0 728.0
489.0 663.0
494.0 660.0
494.0 660.0
478.0 674.0
479.0 671.0
468.0 703.0
465.0 728.0
492.0 662.0
492.0 662.0
473.0 688.0
477.0 676.0
480.0 669.0
470.0 696.0
477.0 676.0
463.0 764.0
480.0 669.0
