243.0 602.0
276.0 495.0
247.0 574.0
256.0 529.0
243.0 602.0
247.0 574.0
247.0 574.0
276.0 495.0
256.0 529.0
243.0 602.0
256.0 529.0
243.0 602.0
256.0 529.0
276.0 495.0
251.0 560.0
247.0 574.0
260.0 507.0
276.0 495.0
251.0 560.0
267.0 499.0
260.0 507.0
251.0 560.0
260.0 507.0
251.0 560.0
255.0 538.0
253.0 558.0
243.0 602.0
243.0 602.0
247.0 574.0
255.0 538.0
276.0 495.0
251.0 560.0
256.0 529.0
253.0 558.0
256.0 529.0
261.0 503.0
261.0 503.0
253.0 558.0
253.0 558.0
255.0 538.0
252.0 559.0
276.0 495.0
258.0 517.0
253.0 558.0
256.0 529.0
258.0 517.0
267.0 499.0
252.0 559.0
251.0 560.0
261.0 503.0
255.0 538.0
259.0 513.0
258.0 517.0
269.0 497.0
258.0 517.0
255.0 538.0
243.0 602.0
259.0 513.0
254.0 539.0
259.0 513.0
254.0 539.0
260.0 507.0
261.0 503.0
259.0 513.0
255.0 538.0
269.0 497.0
261.0 503.0
269.0 497.0
258.0 517.0
254.0 539.0
269.0 497.0
247.0 574.0
269.0 497.0
258.0 517.0
252.0 559.0
258.0 517.0
254.0 539.0
267.0 499.0
267.0 499.0
252.0 559.0
261.0 503.0
267.0 499.0
267.0 499.0
254.0 539.0
253.0 558.0
259.0 513.0
252.0 559.0
276.0 495.0
260.0 507.0
260.0 507.0
269.0 497.0
267.0 499.0
259.0 513.0
252.0 559.0
269.0 497.0
261.0 503.0
254.0 539.0
247.0 574.0
259.0 513.0
260.0 507.0
