270.0 1015.0
231.0 1103.0
216.0 1172.0
231.0 1103.0
245.0 1064.0
270.0 1015.0
285.0 999.0
290.0 997.0
216.0 1172.0
290.0 997.0
279.0 1007.0
234.0 1098.0
293.0 992.0
225.0 1116.0
219.0 1161.0
264.0 1023.0
259.0 1030.0
264.0 1023.0
221.0 1139.0
290.0 997.0
270.0 1015.0
226.0 1114.0
266.0 1017.0
219.0 1161.0
248.0 1056.0
250.0 1054.0
226.0 1114.0
220.0 1149.0
222.0 1132.0
239.0 1084.0
239.0 1084.0
285.0 999.0
224.0 1126.0
266.0 1017.0
219.0 1161.0
293.0 992.0
259.0 1030.0
223.0 1130.0
281.0 1003.0
263.0 1026.0
247.0 1060.0
244.0 1066.0
273.0 1012.0
245.0 1064.0
293.0 992.0
222.0 1132.0
225.0 1116.0
259.0 1030.0
223.0 1130.0
230.0 1104.0
221.0 1139.0
236.0 1095.0
216.0 1172.0
243.0 1072.0
220.0 1149.0
266.0 1017.0
229.0 1107.0
275.0 1009.0
217.0 1165.0
220.0 1149.0
237.0 1092.0
248.0 1056.0
240.0 1078.0
230.0 1104.0
238.0 1088.0
263.0 1026.0
247.0 1060.0
241.0 1074.0
221.0 1139.0
240.0 1078.0
283.0 1002.0
281.0 1003.0
232.0 1100.0
235.0 1096.0
232.0 1100.0
275.0 1009.0
241.0 1074.0
238.0 1088.0
273.0 1012.0
250.0 1054.0
244.0 1066.0
253.0 1046.0
224.0 1126.0
217.0 1165.0
283.0 1002.0
229.0 1107.0
236.0 1095.0
234.0 1098.0
237.0 1092.0
217.0 1165.0
252.0 1052.0
235.0 1096.0
228.0 1108.0
252.0 1052.0
243.0 1072.0
253.0 1046.0
227.0 1110.0
228.0 1108.0
253.0 1046.0
227.0 1110.0
