512.0 916.0
482.0 963.0
479.0 965.0
495.0 944.0
504.0 926.0
500.0 932.0
500.0 932.0
495.0 944.0
504.0 926.0
471.0 989.0
495.0 944.0
504.0 926.0
507.0 918.0
512.0 916.0
469.0 995.0
490.0 953.0
474.0 981.0
494.0 951.0
469.0 995.0
464.0 1010.0
507.0 918.0
502.0 931.0
471.0 989.0
500.0 932.0
475.0 974.0
476.0 973.0
476.0 973.0
504.0 926.0
478.0 966.0
478.0 966.0
483.0 962.0
479.0 965.0
463.0 1021.0
499.0 941.0
494.0 951.0
483.0 962.0
467.0 1006.0
507.0 918.0
498.0 942.0
463.0 1021.0
490.0 953.0
470.0 992.0
475.0 974.0
507.0 918.0
470.0 992.0
471.0 989.0
469.0 995.0
463.0 1021.0
462.0 1024.0
466.0 1007.0
489.0 960.0
469.0 995.0
482.0 963.0
512.0 916.0
461.0 1032.0
483.0 962.0
467.0 1006.0
461.0 1032.0
500.0 932.0
478.0 966.0
489.0 960.0
499.0 941.0
479.0 965.0
462.0 1024.0
482.0 963.0
499.0 941.0
468.0 1003.0
512.0 916.0
462.0 1024.0
502.0 931.0
489.0 960.0
490.0 953.0
502.0 931.0
476.0 973.0
472.0 984.0
470.0 992.0
494.0 951.0
463.0 1021.0
498.0 942.0
468.0 1003.0
476.0 973.0
470.0 992.0
502.0 931.0
489.0 960.0
478.0 966.0
475.0 974.0
467.0 1006.0
467.0 1006.0
475.0 974.0
461.0 1032.0
494.0 951.0
468.0 1003.0
498.0 942.0
462.0 1024.0
468.0 1003.0
499.0 941.0
490.0 953.0
495.0 944.0
471.0 989.0
461.0 1032.0
