9570.0 571.0
9570.0 571.0
9570.0 571.0
9543.0 591.0
9551.0 576.0
9636.0 545.0
9699.0 529.0
9690.0 530.0
9570.0 571.0
9622.0 547.0
9545.0 589.0
9717.0 527.0
9545.0 589.0
9620.0 548.0
9699.0 529.0
9636.0 545.0
9505.0 601.0
9526.0 596.0
9526.0 596.0
9580.0 556.0
9505.0 601.0
9742.0 517.0
9627.0 546.0
9622.0 547.0
9543.0 591.0
9505.0 601.0
9620.0 548.0
9597.0 551.0
9543.0 591.0
9551.0 576.0
9753.0 515.0
9580.0 556.0
9597.0 551.0
9627.0 546.0
9627.0 546.0
9701.0 528.0
9688.0 531.0
9717.0 527.0
9753.0 515.0
9660.0 535.0
9577.0 563.0
9742.0 517.0
9742.0 517.0
9627.0 546.0
9550.0 583.0
9690.0 530.0
9622.0 547.0
9688.0 531.0
9620.0 548.0
9724.0 525.0
9534.0 592.0
9724.0 525.0
9534.0 592.0
9526.0 596.0
9733.0 522.0
9724.0 525.0
9577.0 563.0
9660.0 535.0
9650.0 541.0
9545.0 589.0
9733.0 522.0
9597.0 551.0
9638.0 544.0
9534.0 592.0
9701.0 528.0
9650.0 541.0
9733.0 522.0
9638.0 544.0
9753.0 515.0
9534.0 592.0
9592.0 552.0
9550.0 583.0
9592.0 552.0
9701.0 528.0
9505.0 601.0
9753.0 515.0
9608.0 549.0
9650.0 541.0
9724.0 525.0
9717.0 527.0
9526.0 596.0
9733.0 522.0
9659.0 537.0
9592.0 552.0
9580.0 556.0
9638.0 544.0
9742.0 517.0
9551.0 576.0
9717.0 527.0
9699.0 529.0
9650.0 541.0
9688.0 531.0
9636.0 545.0
9671.0 533.0
9551.0 576.0
9592.0 552.0
9597.0 551.0
9550.0 583.0
9550.0 583.0
9660.0 535.0
