3900.0 319.0
3802.0 360.0
3738.0 428.0
3777.0 378.0
3825.0 337.0
3932.0 315.0
3778.0 377.0
3767.0 386.0
3802.0 360.0
3809.0 354.0
3802.0 360.0
3901.0 317.0
3900.0 319.0
3946.0 309.0
3774.0 381.0
3738.0 428.0
3810.0 351.0
3755.0 405.0
3743.0 411.0
3774.0 381.0
3755.0 405.0
3901.0 317.0
3778.0 377.0
3808.0 359.0
3738.0 428.0
3812.0 345.0
3901.0 317.0
3825.0 337.0
3822.0 344.0
3932.0 315.0
3932.0 315.0
3774.0 381.0
3822.0 344.0
3824.0 340.0
3793.0 364.0
3823.0 341.0
3787.0 370.0
3946.0 309.0
3787.0 370.0
3767.0 386.0
3812.0 345.0
3764.0 393.0
3843.0 334.0
3794.0 362.0
3788.0 369.0
3835.0 336.0
3778.0 377.0
3798.0 361.0
3798.0 361.0
3865.0 326.0
3809.0 354.0
3855.0 327.0
3767.0 386.0
3865.0 326.0
3843.0 334.0
3835.0 336.0
3764.0 393.0
3822.0 344.0
3794.0 362.0
3738.0 428.0
3790.0 365.0
3812.0 345.0
3787.0 370.0
3823.0 341.0
3887.0 323.0
3784.0 373.0
3777.0 378.0
3784.0 373.0
3788.0 369.0
3743.0 411.0
3743.0 411.0
3873.0 324.0
3808.0 359.0
3810.0 351.0
3809.0 354.0
3873.0 324.0
3825.0 337.0
3873.0 324.0
3824.0 340.0
3790.0 365.0
3793.0 364.0
3793.0 364.0
3843.0 334.0
3887.0 323.0
3810.0 351.0
3788.0 369.0
3755.0 405.0
3855.0 327.0
3798.0 361.0
3790.0 365.0
3824.0 340.0
3794.0 362.0
3835.0 336.0
3865.0 326.0
3855.0 327.0
3946.0 309.0
3784.0 373.0
3823.0 341.0
3764.0 393.0
3887.0 323.0
