5864.0 526.0
5667.0 569.0
5737.0 542.0
5414.0 695.0
5737.0 542.0
5414.0 695.0
5580.0 600.0
5414.0 695.0
5700.0 566.0
5580.0 600.0
5613.0 586.0
5580.0 600.0
5610.0 587.0
5667.0 569.0
5737.0 542.0
5475.0 635.0
5414.0 695.0
5737.0 542.0
5737.0 542.0
5638.0 573.0
5413.0 727.0
5704.0 545.0
5475.0 635.0
5453.0 636.0
5608.0 594.0
5610.0 587.0
5608.0 594.0
5480.0 624.0
5484.0 620.0
5610.0 587.0
5484.0 620.0
5608.0 594.0
5475.0 635.0
5449.0 641.0
5563.0 603.0
5563.0 603.0
5500.0 606.0
5610.0 587.0
5480.0 624.0
5449.0 641.0
5449.0 641.0
5704.0 545.0
5614.0 577.0
5449.0 641.0
5595.0 595.0
5413.0 727.0
5563.0 603.0
5664.0 571.0
5614.0 577.0
5413.0 727.0
5667.0 569.0
5664.0 571.0
5484.0 620.0
5664.0 571.0
5484.0 620.0
5704.0 545.0
5659.0 572.0
5415.0 691.0
5704.0 545.0
5584.0 598.0
5480.0 624.0
5664.0 571.0
5667.0 569.0
5613.0 586.0
5480.0 624.0
5415.0 691.0
5618.0 575.0
5595.0 595.0
5563.0 603.0
5614.0 577.0
5580.0 600.0
5608.0 594.0
5614.0 577.0
5415.0 691.0
5475.0 635.0
5704.0 545.0
5475.0 635.0
5480.0 624.0
5618.0 575.0
5595.0 595.0
5704.0 545.0
5737.0 542.0
5415.0 691.0
5480.0 624.0
5608.0 594.0
5610.0 587.0
5664.0 571.0
5484.0 620.0
5430.0 649.0
5595.0 595.0
5595.0 595.0
5563.0 603.0
5618.0 575.0
5449.0 641.0
5415.0 691.0
5613.0 586.0
5621.0 574.0
5484.0 620.0
5563.0 603.0
5595.0 595.0
