8160.0 1113.0
8266.0 1009.0
8640.0 977.0
8186.0 1075.0
8181.0 1078.0
8640.0 977.0
8558.0 983.0
8558.0 983.0
8186.0 1075.0
8640.0 977.0
8181.0 1078.0
8229.0 1027.0
8266.0 1009.0
8157.0 1114.0
8310.0 999.0
8145.0 1121.0
8187.0 1073.0
8139.0 1128.0
8127.0 1146.0
8227.0 1031.0
8127.0 1146.0
8157.0 1114.0
8250.0 1021.0
8163.0 1111.0
8163.0 1111.0
8122.0 1164.0
8165.0 1101.0
8124.0 1158.0
8175.0 1081.0
8264.0 1011.0
8318.0 991.0
8145.0 1121.0
8219.0 1037.0
8122.0 1164.0
8187.0 1073.0
8174.0 1087.0
8137.0 1129.0
8252.0 1019.0
8264.0 1011.0
8165.0 1101.0
8189.0 1071.0
8252.0 1019.0
8221.0 1035.0
8124.0 1158.0
8170.0 1093.0
8170.0 1093.0
8175.0 1081.0
8131.0 1144.0
8124.0 1158.0
8229.0 1027.0
8165.0 1101.0
8177.0 1079.0
8189.0 1071.0
8558.0 983.0
8201.0 1051.0
8143.0 1126.0
8250.0 1021.0
8177.0 1079.0
8174.0 1087.0
8308.0 1001.0
8225.0 1033.0
8139.0 1128.0
8308.0 1001.0
8368.0 988.0
8368.0 988.0
8219.0 1037.0
8318.0 991.0
8221.0 1035.0
8133.0 1131.0
8368.0 988.0
8225.0 1033.0
8310.0 999.0
8231.0 1025.0
8191.0 1069.0
8133.0 1131.0
8145.0 1121.0
8268.0 1005.0
8143.0 1126.0
8174.0 1087.0
8122.0 1164.0
8127.0 1146.0
8231.0 1025.0
8227.0 1031.0
8316.0 993.0
8316.0 993.0
8183.0 1076.0
8141.0 1127.0
8183.0 1076.0
8191.0 1069.0
8270.0 1003.0
8137.0 1129.0
8131.0 1144.0
8203.0 1049.0
8268.0 1005.0
8203.0 1049.0
8131.0 1144.0
8141.0 1127.0
8270.0 1003.0
8201.0 1051.0
8133.0 1131.0
