20133.0 5043.0
19671.0 5405.0
19764.0 5275.0
20154.0 5038.0
19947.0 5111.0
20002.0 5089.0
20189.0 5025.0
20211.0 5023.0
19790.0 5239.0
19639.0 5474.0
20166.0 5034.0
19901.0 5142.0
19810.0 5203.0
19957.0 5110.0
19818.0 5201.0
19784.0 5251.0
19650.0 5434.0
19723.0 5319.0
20118.0 5051.0
19714.0 5334.0
20072.0 5061.0
19730.0 5318.0
20096.0 5053.0
19701.0 5349.0
19897.0 5146.0
19930.0 5121.0
19757.0 5285.0
19804.0 5215.0
19738.0 5303.0
19776.0 5261.0
20121.0 5047.0
19988.0 5093.0
19800.0 5222.0
20226.0 5014.0
20028.0 5077.0
19769.0 5268.0
19963.0 5107.0
19969.0 5105.0
19982.0 5099.0
19860.0 5168.0
19786.0 5244.0
19748.0 5294.0
19641.0 5466.0
19854.0 5171.0
20085.0 5056.0
19649.0 5444.0
19695.0 5352.0
20021.0 5081.0
19705.0 5347.0
19871.0 5161.0
19886.0 5153.0
19720.0 5327.0
19891.0 5152.0
20138.0 5042.0
20214.0 5018.0
19772.0 5263.0
19733.0 5314.0
19879.0 5159.0
19644.0 5454.0
20033.0 5072.0
19777.0 5254.0
19655.0 5424.0
19708.0 5337.0
19794.0 5234.0
19683.0 5384.0
20204.0 5024.0
19737.0 5311.0
19868.0 5166.0
19687.0 5378.0
19761.0 5279.0
20177.0 5029.0
20081.0 5060.0
19680.0 5390.0
19661.0 5412.0
19843.0 5178.0
19689.0 5364.0
19837.0 5183.0
19799.0 5229.0
19667.0 5409.0
19907.0 5136.0
19939.0 5117.0
19820.0 5193.0
20042.0 5071.0
19848.0 5176.0
19828.0 5191.0
19975.0 5100.0
20015.0 5082.0
20057.0 5064.0
19924.0 5126.0
19674.0 5393.0
19992.0 5090.0
20046.0 5067.0
20113.0 5052.0
19636.0 5486.0
20005.0 5085.0
19892.0 5147.0
19744.0 5300.0
19831.0 5186.0
19751.0 5288.0
19915.0 5132.0
