446.0 1110.0
447.0 1094.0
448.0 1084.0
449.0 1081.0
450.0 1078.0
451.0 1074.0
452.0 1071.0
453.0 1068.0
454.0 1064.0
455.0 1059.0
456.0 1041.0
458.0 1029.0
459.0 1020.0
461.0 1013.0
462.0 1010.0
463.0 1007.0
464.0 1003.0
465.0 1000.0
466.0 998.0
467.0 990.0
468.0 987.0
469.0 986.0
470.0 984.0
471.0 979.0
472.0 974.0
473.0 964.0
474.0 961.0
475.0 951.0
478.0 946.0
479.0 940.0
481.0 939.0
482.0 935.0
483.0 929.0
485.0 928.0
486.0 921.0
487.0 920.0
488.0 916.0
489.0 915.0
490.0 910.0
491.0 909.0
492.0 905.0
493.0 904.0
496.0 899.0
499.0 896.0
501.0 893.0
503.0 891.0
504.0 890.0
505.0 888.0
506.0 884.0
508.0 882.0
509.0 880.0
510.0 879.0
511.0 877.0
513.0 874.0
515.0 872.0
516.0 866.0
517.0 865.0
518.0 863.0
519.0 862.0
521.0 861.0
523.0 858.0
