411.0 1390.0
412.0 1372.0
413.0 1274.0
414.0 1257.0
416.0 1239.0
417.0 1232.0
418.0 1223.0
419.0 1214.0
420.0 1209.0
421.0 1208.0
422.0 1199.0
423.0 1194.0
424.0 1185.0
425.0 1184.0
426.0 1175.0
428.0 1168.0
429.0 1167.0
430.0 1158.0
433.0 1153.0
434.0 1150.0
436.0 1147.0
437.0 1145.0
438.0 1142.0
439.0 1139.0
440.0 1138.0
441.0 1127.0
444.0 1123.0
445.0 1119.0
446.0 1117.0
447.0 1111.0
448.0 1110.0
449.0 1101.0
451.0 1100.0
452.0 1099.0
453.0 1094.0
454.0 1089.0
456.0 1084.0
459.0 1078.0
460.0 1076.0
461.0 1073.0
462.0 1068.0
463.0 1063.0
465.0 1062.0
466.0 1058.0
467.0 1051.0
469.0 1045.0
471.0 1042.0
472.0 1038.0
477.0 1034.0
478.0 1033.0
479.0 1030.0
481.0 1029.0
482.0 1028.0
483.0 1025.0
485.0 1021.0
487.0 1017.0
491.0 1014.0
495.0 1010.0
498.0 1007.0
504.0 1002.0
506.0 998.0
512.0 995.0
514.0 991.0
515.0 989.0
517.0 988.0
521.0 984.0
523.0 978.0
526.0 976.0
527.0 975.0
535.0 972.0
