195.0 1235.0
196.0 1221.0
197.0 1212.0
198.0 1205.0
199.0 1200.0
200.0 1193.0
201.0 1188.0
202.0 1180.0
203.0 1166.0
204.0 1152.0
205.0 1148.0
206.0 1134.0
208.0 1127.0
209.0 1112.0
211.0 1111.0
212.0 1103.0
215.0 1090.0
218.0 1086.0
220.0 1081.0
221.0 1075.0
222.0 1069.0
225.0 1065.0
227.0 1062.0
228.0 1056.0
232.0 1053.0
234.0 1048.0
236.0 1043.0
239.0 1041.0
240.0 1040.0
242.0 1035.0
245.0 1033.0
247.0 1032.0
248.0 1029.0
249.0 1028.0
251.0 1025.0
252.0 1024.0
254.0 1020.0
259.0 1014.0
260.0 1013.0
263.0 1008.0
267.0 1002.0
269.0 1000.0
270.0 997.0
272.0 995.0
276.0 993.0
277.0 992.0
278.0 990.0
279.0 989.0
280.0 987.0
281.0 985.0
282.0 984.0
283.0 982.0
284.0 980.0
286.0 977.0
288.0 975.0
293.0 972.0
298.0 969.0
299.0 966.0
302.0 965.0
306.0 963.0
