528.0 1445.0
529.0 1353.0
530.0 1342.0
531.0 1331.0
532.0 1305.0
533.0 1294.0
534.0 1281.0
535.0 1270.0
536.0 1268.0
537.0 1265.0
538.0 1257.0
539.0 1246.0
540.0 1243.0
541.0 1221.0
543.0 1205.0
546.0 1198.0
547.0 1193.0
548.0 1189.0
550.0 1183.0
551.0 1181.0
552.0 1177.0
554.0 1171.0
556.0 1167.0
557.0 1162.0
559.0 1156.0
561.0 1152.0
562.0 1151.0
563.0 1150.0
565.0 1144.0
567.0 1139.0
568.0 1137.0
569.0 1135.0
570.0 1133.0
571.0 1132.0
572.0 1131.0
573.0 1129.0
575.0 1126.0
576.0 1124.0
584.0 1122.0
585.0 1117.0
587.0 1116.0
588.0 1111.0
589.0 1110.0
590.0 1108.0
593.0 1101.0
598.0 1099.0
599.0 1097.0
600.0 1096.0
601.0 1095.0
602.0 1090.0
603.0 1088.0
604.0 1085.0
605.0 1084.0
607.0 1079.0
611.0 1073.0
612.0 1072.0
615.0 1069.0
617.0 1067.0
618.0 1061.0
621.0 1058.0
622.0 1057.0
625.0 1049.0
633.0 1044.0
