9458.0 670.0
9459.0 664.0
9462.0 652.0
9468.0 649.0
9472.0 639.0
9478.0 636.0
9494.0 626.0
9500.0 617.0
9504.0 613.0
9509.0 598.0
9518.0 591.0
9522.0 590.0
9532.0 589.0
9538.0 583.0
9541.0 582.0
9545.0 581.0
9552.0 577.0
9561.0 574.0
9564.0 573.0
9571.0 569.0
9582.0 567.0
9587.0 566.0
9590.0 563.0
9591.0 560.0
9595.0 559.0
9602.0 555.0
9611.0 552.0
9612.0 551.0
9621.0 547.0
9631.0 543.0
9647.0 542.0
9648.0 540.0
9654.0 537.0
9670.0 536.0
9672.0 535.0
9675.0 534.0
9676.0 532.0
9681.0 531.0
9693.0 529.0
9699.0 526.0
9722.0 525.0
9724.0 524.0
9727.0 523.0
9746.0 521.0
9758.0 520.0
9763.0 518.0
9769.0 515.0
9794.0 513.0
9828.0 509.0
9867.0 508.0
9880.0 507.0
9897.0 506.0
9914.0 503.0
9931.0 502.0
9957.0 500.0
