16511.0 1353.0
16513.0 1332.0
16516.0 1307.0
16518.0 1277.0
16520.0 1263.0
16531.0 1261.0
16537.0 1254.0
16542.0 1243.0
16546.0 1240.0
16547.0 1230.0
16549.0 1224.0
16555.0 1223.0
16560.0 1217.0
16566.0 1216.0
16568.0 1215.0
16574.0 1214.0
16578.0 1211.0
16579.0 1204.0
16583.0 1202.0
16589.0 1201.0
16590.0 1197.0
16594.0 1195.0
16597.0 1194.0
16601.0 1191.0
16604.0 1187.0
16610.0 1186.0
16612.0 1184.0
16615.0 1180.0
16619.0 1179.0
16623.0 1178.0
16626.0 1172.0
16635.0 1171.0
16637.0 1165.0
16642.0 1164.0
16653.0 1157.0
16670.0 1156.0
16671.0 1151.0
16681.0 1149.0
16702.0 1146.0
16703.0 1139.0
16712.0 1138.0
16715.0 1135.0
16723.0 1133.0
16729.0 1132.0
16730.0 1125.0
16739.0 1124.0
16742.0 1121.0
16747.0 1119.0
16756.0 1116.0
16758.0 1112.0
16770.0 1108.0
16776.0 1104.0
16778.0 1102.0
16795.0 1101.0
16796.0 1099.0
16801.0 1092.0
16825.0 1088.0
16830.0 1084.0
16836.0 1082.0
16853.0 1080.0
16855.0 1078.0
16863.0 1075.0
16878.0 1068.0
16892.0 1067.0
16898.0 1065.0
16907.0 1060.0
16913.0 1058.0
16929.0 1056.0
16933.0 1054.0
16958.0 1051.0
16961.0 1049.0
16968.0 1048.0
16978.0 1047.0
16980.0 1046.0
16981.0 1045.0
16983.0 1043.0
16993.0 1040.0
16995.0 1039.0
17007.0 1037.0
17013.0 1036.0
17015.0 1035.0
17017.0 1033.0
17037.0 1029.0
17071.0 1027.0
17111.0 1025.0
17127.0 1022.0
17165.0 1021.0
17221.0 1020.0
17259.0 1019.0
17313.0 1018.0
