7948.0 1255.0
7953.0 1244.0
7954.0 1233.0
7955.0 1225.0
7960.0 1221.0
7964.0 1218.0
7967.0 1211.0
7970.0 1206.0
7971.0 1205.0
7975.0 1202.0
7976.0 1201.0
7980.0 1198.0
7981.0 1190.0
7984.0 1183.0
7989.0 1179.0
7996.0 1176.0
8001.0 1172.0
8007.0 1171.0
8012.0 1170.0
8013.0 1166.0
8018.0 1162.0
8023.0 1161.0
8025.0 1159.0
8028.0 1157.0
8030.0 1155.0
8032.0 1149.0
8044.0 1142.0
8046.0 1141.0
8058.0 1134.0
8065.0 1133.0
8072.0 1127.0
8074.0 1126.0
8078.0 1124.0
8082.0 1114.0
8086.0 1112.0
8091.0 1109.0
8093.0 1107.0
8097.0 1101.0
8101.0 1099.0
8106.0 1096.0
8107.0 1093.0
8108.0 1089.0
8110.0 1085.0
8122.0 1080.0
8124.0 1078.0
8125.0 1076.0
8128.0 1073.0
8131.0 1069.0
8137.0 1068.0
8140.0 1057.0
8142.0 1055.0
8155.0 1054.0
8157.0 1052.0
8160.0 1051.0
8161.0 1041.0
8163.0 1039.0
8175.0 1037.0
8181.0 1035.0
8183.0 1033.0
8187.0 1031.0
8194.0 1023.0
8196.0 1021.0
8204.0 1019.0
8211.0 1018.0
8213.0 1017.0
8219.0 1016.0
8224.0 1014.0
8226.0 1012.0
8230.0 1011.0
8234.0 1010.0
8239.0 1008.0
8241.0 1007.0
8243.0 1002.0
8248.0 1000.0
8249.0 999.0
8251.0 997.0
8253.0 993.0
8260.0 991.0
8264.0 989.0
8266.0 986.0
8272.0 984.0
8275.0 983.0
8282.0 977.0
8293.0 973.0
8301.0 969.0
8307.0 965.0
8314.0 961.0
8327.0 959.0
8336.0 958.0
8337.0 957.0
8341.0 951.0
8361.0 945.0
8390.0 941.0
8400.0 939.0
8439.0 937.0
8451.0 935.0
8456.0 932.0
8468.0 930.0
8478.0 928.0
8490.0 926.0
8515.0 923.0
8541.0 921.0
8581.0 920.0
8584.0 916.0
8670.0 912.0
