9926.0 1907.0
9929.0 1905.0
9930.0 1882.0
9933.0 1880.0
9936.0 1874.0
9937.0 1867.0
9942.0 1857.0
9943.0 1850.0
9949.0 1844.0
9951.0 1843.0
9956.0 1833.0
9957.0 1826.0
9963.0 1820.0
9973.0 1815.0
9982.0 1814.0
9983.0 1810.0
9991.0 1802.0
9992.0 1795.0
10000.0 1781.0
10005.0 1780.0
10008.0 1760.0
10013.0 1759.0
10014.0 1748.0
10015.0 1745.0
10020.0 1736.0
10025.0 1733.0
10027.0 1731.0
10028.0 1728.0
10033.0 1719.0
10038.0 1716.0
10051.0 1712.0
10052.0 1708.0
10054.0 1707.0
10056.0 1703.0
10061.0 1700.0
10065.0 1692.0
10070.0 1689.0
10074.0 1687.0
10076.0 1684.0
10088.0 1682.0
10090.0 1680.0
10091.0 1677.0
10095.0 1674.0
10096.0 1670.0
10100.0 1666.0
10101.0 1665.0
10105.0 1660.0
10116.0 1659.0
10120.0 1657.0
10121.0 1656.0
10128.0 1655.0
10129.0 1653.0
10130.0 1651.0
10132.0 1650.0
10135.0 1648.0
10137.0 1644.0
10142.0 1641.0
10154.0 1640.0
10155.0 1639.0
10160.0 1636.0
10167.0 1630.0
10174.0 1628.0
10176.0 1627.0
10181.0 1621.0
10193.0 1620.0
10201.0 1619.0
10202.0 1617.0
10203.0 1613.0
10207.0 1611.0
10210.0 1605.0
10214.0 1603.0
10222.0 1602.0
10223.0 1598.0
10227.0 1595.0
10230.0 1590.0
10240.0 1588.0
10243.0 1582.0
10247.0 1580.0
10251.0 1579.0
10255.0 1577.0
10256.0 1575.0
10263.0 1567.0
10271.0 1564.0
10287.0 1563.0
10293.0 1560.0
10305.0 1556.0
10306.0 1553.0
10314.0 1550.0
10318.0 1548.0
10326.0 1545.0
10327.0 1542.0
10332.0 1541.0
10334.0 1540.0
10339.0 1539.0
10341.0 1535.0
10343.0 1533.0
10348.0 1531.0
10355.0 1530.0
10357.0 1526.0
10359.0 1523.0
10364.0 1522.0
10368.0 1520.0
10374.0 1518.0
10375.0 1514.0
10380.0 1513.0
10389.0 1512.0
10390.0 1509.0
10395.0 1508.0
10401.0 1507.0
10403.0 1505.0
10404.0 1504.0
10406.0 1502.0
10411.0 1501.0
10420.0 1495.0
10425.0 1494.0
10445.0 1490.0
10446.0 1488.0
10451.0 1487.0
10466.0 1486.0
10471.0 1485.0
10494.0 1481.0
10508.0 1474.0
10526.0 1470.0
10546.0 1468.0
