196.0 388.0
145.0 555.0
196.0 388.0
145.0 555.0
150.0 520.0
147.0 538.0
147.0 538.0
148.0 525.0
151.0 505.0
159.0 461.0
153.0 493.0
153.0 493.0
155.0 481.0
158.0 471.0
152.0 502.0
165.0 445.0
179.0 417.0
161.0 457.0
192.0 393.0
180.0 413.0
194.0 391.0
177.0 418.0
157.0 477.0
163.0 451.0
168.0 434.0
158.0 471.0
165.0 445.0
170.0 428.0
170.0 428.0
175.0 423.0
194.0 391.0
173.0 424.0
171.0 426.0
168.0 434.0
163.0 451.0
148.0 525.0
183.0 410.0
184.0 405.0
150.0 520.0
166.0 440.0
155.0 481.0
173.0 424.0
182.0 411.0
188.0 402.0
186.0 403.0
159.0 461.0
166.0 440.0
191.0 397.0
162.0 453.0
167.0 436.0
161.0 457.0
151.0 505.0
176.0 421.0
156.0 480.0
190.0 400.0
157.0 477.0
191.0 397.0
152.0 502.0
180.0 413.0
192.0 393.0
171.0 426.0
167.0 436.0
162.0 453.0
176.0 421.0
182.0 411.0
177.0 418.0
184.0 405.0
186.0 403.0
185.0 404.0
189.0 401.0
175.0 423.0
179.0 417.0
183.0 410.0
188.0 402.0
156.0 480.0
190.0 400.0
185.0 404.0
189.0 401.0
145.0 555.0
196.0 388.0
147.0 538.0
153.0 493.0
165.0 445.0
158.0 471.0
170.0 428.0
194.0 391.0
168.0 434.0
163.0 451.0
148.0 525.0
150.0 520.0
155.0 481.0
173.0 424.0
159.0 461.0
166.0 440.0
161.0 457.0
151.0 505.0
152.0 502.0
191.0 397.0
157.0 477.0
180.0 413.0
