460.0 753.0
499.0 627.0
460.0 753.0
499.0 627.0
464.0 732.0
465.0 713.0
487.0 639.0
492.0 636.0
485.0 644.0
481.0 646.0
472.0 677.0
474.0 671.0
480.0 651.0
478.0 653.0
466.0 711.0
471.0 685.0
467.0 703.0
497.0 629.0
469.0 696.0
470.0 689.0
475.0 664.0
461.0 746.0
487.0 639.0
492.0 636.0
472.0 677.0
462.0 742.0
474.0 671.0
463.0 736.0
497.0 629.0
485.0 644.0
475.0 664.0
477.0 658.0
468.0 701.0
476.0 659.0
469.0 696.0
494.0 634.0
495.0 633.0
470.0 689.0
461.0 746.0
463.0 736.0
495.0 633.0
464.0 732.0
462.0 742.0
471.0 685.0
465.0 713.0
481.0 646.0
478.0 653.0
467.0 703.0
494.0 634.0
468.0 701.0
466.0 711.0
480.0 651.0
476.0 659.0
477.0 658.0
499.0 627.0
460.0 753.0
487.0 639.0
492.0 636.0
472.0 677.0
474.0 671.0
497.0 629.0
485.0 644.0
475.0 664.0
469.0 696.0
470.0 689.0
461.0 746.0
463.0 736.0
495.0 633.0
471.0 685.0
464.0 732.0
462.0 742.0
465.0 713.0
481.0 646.0
478.0 653.0
467.0 703.0
480.0 651.0
494.0 634.0
468.0 701.0
466.0 711.0
476.0 659.0
477.0 658.0
499.0 627.0
460.0 753.0
487.0 639.0
492.0 636.0
472.0 677.0
474.0 671.0
497.0 629.0
485.0 644.0
475.0 664.0
469.0 696.0
470.0 689.0
461.0 746.0
463.0 736.0
495.0 633.0
462.0 742.0
471.0 685.0
464.0 732.0
465.0 713.0
481.0 646.0
