378.0 500.0
321.0 649.0
321.0 649.0
378.0 500.0
327.0 598.0
353.0 539.0
346.0 541.0
325.0 614.0
325.0 614.0
327.0 598.0
329.0 587.0
324.0 627.0
322.0 636.0
329.0 587.0
331.0 578.0
342.0 549.0
368.0 513.0
359.0 532.0
331.0 578.0
333.0 571.0
340.0 558.0
375.0 506.0
366.0 519.0
371.0 512.0
375.0 506.0
344.0 548.0
340.0 558.0
360.0 527.0
356.0 533.0
333.0 571.0
335.0 567.0
364.0 521.0
323.0 633.0
324.0 627.0
373.0 509.0
373.0 509.0
339.0 563.0
345.0 543.0
366.0 519.0
363.0 525.0
342.0 549.0
368.0 513.0
335.0 567.0
337.0 566.0
362.0 526.0
371.0 512.0
322.0 636.0
323.0 633.0
346.0 541.0
364.0 521.0
345.0 543.0
338.0 565.0
355.0 535.0
354.0 537.0
353.0 539.0
339.0 563.0
355.0 535.0
354.0 537.0
360.0 527.0
356.0 533.0
344.0 548.0
359.0 532.0
363.0 525.0
337.0 566.0
362.0 526.0
338.0 565.0
321.0 649.0
378.0 500.0
325.0 614.0
327.0 598.0
329.0 587.0
331.0 578.0
375.0 506.0
340.0 558.0
333.0 571.0
324.0 627.0
373.0 509.0
366.0 519.0
342.0 549.0
368.0 513.0
335.0 567.0
371.0 512.0
322.0 636.0
323.0 633.0
346.0 541.0
364.0 521.0
345.0 543.0
353.0 539.0
354.0 537.0
339.0 563.0
355.0 535.0
360.0 527.0
356.0 533.0
362.0 526.0
344.0 548.0
363.0 525.0
337.0 566.0
338.0 565.0
359.0 532.0
321.0 649.0
