385.0 646.0
421.0 498.0
421.0 498.0
385.0 646.0
393.0 581.0
392.0 594.0
387.0 632.0
388.0 619.0
386.0 633.0
411.0 516.0
395.0 575.0
389.0 617.0
390.0 607.0
391.0 597.0
390.0 607.0
419.0 503.0
413.0 515.0
415.0 510.0
397.0 571.0
415.0 510.0
417.0 505.0
395.0 575.0
397.0 571.0
399.0 566.0
417.0 505.0
419.0 503.0
393.0 581.0
400.0 563.0
410.0 522.0
401.0 557.0
403.0 547.0
401.0 557.0
402.0 551.0
404.0 541.0
413.0 515.0
399.0 566.0
402.0 551.0
406.0 536.0
409.0 526.0
403.0 547.0
410.0 522.0
407.0 532.0
391.0 597.0
404.0 541.0
407.0 532.0
408.0 529.0
409.0 526.0
400.0 563.0
392.0 594.0
408.0 529.0
405.0 538.0
388.0 619.0
405.0 538.0
406.0 536.0
389.0 617.0
386.0 633.0
411.0 516.0
387.0 632.0
385.0 646.0
421.0 498.0
390.0 607.0
415.0 510.0
395.0 575.0
397.0 571.0
417.0 505.0
419.0 503.0
393.0 581.0
401.0 557.0
413.0 515.0
399.0 566.0
402.0 551.0
403.0 547.0
410.0 522.0
391.0 597.0
404.0 541.0
407.0 532.0
400.0 563.0
408.0 529.0
392.0 594.0
409.0 526.0
388.0 619.0
405.0 538.0
406.0 536.0
389.0 617.0
386.0 633.0
411.0 516.0
387.0 632.0
421.0 498.0
385.0 646.0
390.0 607.0
415.0 510.0
395.0 575.0
397.0 571.0
417.0 505.0
419.0 503.0
393.0 581.0
401.0 557.0
413.0 515.0
399.0 566.0
402.0 551.0
