523.0 1351.0
615.0 1067.0
615.0 1067.0
523.0 1351.0
524.0 1326.0
614.0 1070.0
536.0 1245.0
530.0 1279.0
531.0 1267.0
606.0 1075.0
606.0 1075.0
539.0 1240.0
601.0 1081.0
529.0 1280.0
610.0 1072.0
592.0 1089.0
535.0 1257.0
527.0 1301.0
528.0 1289.0
610.0 1072.0
561.0 1159.0
542.0 1223.0
540.0 1229.0
583.0 1108.0
548.0 1201.0
580.0 1113.0
589.0 1095.0
601.0 1081.0
558.0 1164.0
524.0 1326.0
528.0 1289.0
526.0 1310.0
525.0 1317.0
527.0 1301.0
592.0 1089.0
567.0 1145.0
575.0 1124.0
577.0 1119.0
532.0 1266.0
534.0 1258.0
595.0 1087.0
599.0 1082.0
596.0 1086.0
599.0 1082.0
552.0 1188.0
525.0 1317.0
543.0 1216.0
553.0 1181.0
526.0 1310.0
577.0 1119.0
579.0 1116.0
557.0 1167.0
564.0 1151.0
567.0 1145.0
562.0 1156.0
575.0 1124.0
559.0 1161.0
555.0 1172.0
545.0 1207.0
573.0 1127.0
565.0 1148.0
589.0 1095.0
553.0 1181.0
543.0 1216.0
571.0 1136.0
544.0 1210.0
549.0 1195.0
554.0 1175.0
572.0 1130.0
587.0 1100.0
537.0 1243.0
562.0 1156.0
540.0 1229.0
580.0 1113.0
550.0 1194.0
545.0 1207.0
555.0 1172.0
557.0 1167.0
564.0 1151.0
569.0 1140.0
583.0 1108.0
541.0 1224.0
551.0 1189.0
547.0 1202.0
534.0 1258.0
569.0 1140.0
547.0 1202.0
532.0 1266.0
585.0 1103.0
596.0 1086.0
584.0 1104.0
573.0 1127.0
565.0 1148.0
572.0 1130.0
544.0 1210.0
554.0 1175.0
537.0 1243.0
585.0 1103.0
570.0 1139.0
588.0 1098.0
