544.0 843.0
450.0 1059.0
450.0 1059.0
544.0 843.0
454.0 1019.0
451.0 1040.0
453.0 1036.0
460.0 990.0
461.0 989.0
474.0 936.0
456.0 1015.0
459.0 1000.0
457.0 1005.0
462.0 979.0
479.0 925.0
501.0 894.0
538.0 848.0
541.0 844.0
483.0 918.0
505.0 889.0
466.0 960.0
509.0 883.0
488.0 908.0
464.0 973.0
473.0 944.0
465.0 965.0
509.0 883.0
535.0 849.0
505.0 889.0
531.0 850.0
528.0 851.0
525.0 859.0
469.0 953.0
458.0 1004.0
519.0 872.0
470.0 948.0
523.0 860.0
526.0 854.0
477.0 932.0
498.0 897.0
517.0 877.0
455.0 1018.0
452.0 1039.0
494.0 900.0
503.0 890.0
467.0 959.0
486.0 914.0
469.0 953.0
541.0 844.0
531.0 850.0
535.0 849.0
538.0 848.0
498.0 897.0
485.0 917.0
511.0 882.0
486.0 914.0
501.0 894.0
521.0 865.0
513.0 879.0
462.0 979.0
465.0 965.0
521.0 865.0
463.0 974.0
479.0 925.0
472.0 946.0
476.0 934.0
481.0 923.0
490.0 907.0
496.0 899.0
477.0 932.0
493.0 904.0
459.0 1000.0
518.0 873.0
520.0 868.0
488.0 908.0
528.0 851.0
523.0 860.0
503.0 890.0
513.0 879.0
492.0 905.0
515.0 878.0
490.0 907.0
511.0 882.0
467.0 959.0
515.0 878.0
496.0 899.0
526.0 854.0
520.0 868.0
482.0 921.0
456.0 1015.0
453.0 1036.0
474.0 936.0
470.0 948.0
492.0 905.0
482.0 921.0
473.0 944.0
472.0 946.0
476.0 934.0
481.0 923.0
451.0 1040.0
