50.0 1247.0
116.0 955.0
50.0 1247.0
116.0 955.0
93.0 972.0
102.0 967.0
51.0 1218.0
51.0 1218.0
53.0 1196.0
59.0 1133.0
60.0 1112.0
84.0 983.0
68.0 1046.0
57.0 1158.0
69.0 1028.0
58.0 1140.0
112.0 956.0
62.0 1100.0
63.0 1084.0
54.0 1191.0
55.0 1176.0
88.0 981.0
63.0 1084.0
64.0 1070.0
102.0 967.0
65.0 1067.0
66.0 1054.0
105.0 966.0
56.0 1169.0
57.0 1158.0
108.0 962.0
109.0 960.0
112.0 956.0
105.0 966.0
93.0 972.0
53.0 1196.0
91.0 975.0
77.0 1006.0
78.0 1002.0
75.0 1008.0
71.0 1026.0
72.0 1018.0
91.0 975.0
60.0 1112.0
58.0 1140.0
55.0 1176.0
83.0 990.0
61.0 1105.0
59.0 1133.0
56.0 1169.0
80.0 1000.0
67.0 1052.0
68.0 1046.0
89.0 980.0
61.0 1105.0
89.0 980.0
73.0 1017.0
81.0 998.0
62.0 1100.0
54.0 1191.0
74.0 1012.0
82.0 993.0
109.0 960.0
74.0 1012.0
108.0 962.0
64.0 1070.0
82.0 993.0
83.0 990.0
65.0 1067.0
84.0 983.0
66.0 1054.0
78.0 1002.0
75.0 1008.0
80.0 1000.0
67.0 1052.0
81.0 998.0
77.0 1006.0
88.0 981.0
69.0 1028.0
72.0 1018.0
70.0 1027.0
70.0 1027.0
73.0 1017.0
71.0 1026.0
50.0 1247.0
116.0 955.0
51.0 1218.0
63.0 1084.0
102.0 967.0
57.0 1158.0
112.0 956.0
105.0 966.0
93.0 972.0
53.0 1196.0
91.0 975.0
60.0 1112.0
58.0 1140.0
55.0 1176.0
59.0 1133.0
56.0 1169.0
