5680.0 807.0
6268.0 542.0
6268.0 542.0
5680.0 807.0
6174.0 546.0
6100.0 554.0
5950.0 579.0
6146.0 553.0
5820.0 640.0
5742.0 699.0
5706.0 775.0
5850.0 620.0
5776.0 670.0
5708.0 758.0
5978.0 578.0
5688.0 794.0
5814.0 656.0
5734.0 713.0
5848.0 632.0
5766.0 693.0
6012.0 572.0
5994.0 573.0
6174.0 546.0
5720.0 734.0
5774.0 680.0
5884.0 602.0
6020.0 566.0
5724.0 724.0
5714.0 740.0
5768.0 684.0
5728.0 715.0
5806.0 659.0
6154.0 551.0
5724.0 724.0
5710.0 749.0
5874.0 610.0
5698.0 788.0
6094.0 558.0
6034.0 564.0
5760.0 695.0
5794.0 666.0
5708.0 758.0
5710.0 749.0
5944.0 586.0
5688.0 794.0
5874.0 610.0
5834.0 638.0
5864.0 618.0
6036.0 563.0
5912.0 600.0
6080.0 559.0
5894.0 601.0
6062.0 561.0
5700.0 782.0
6154.0 551.0
6080.0 559.0
5994.0 573.0
5978.0 578.0
5700.0 782.0
5706.0 775.0
5714.0 740.0
5720.0 734.0
5800.0 664.0
5742.0 699.0
5926.0 596.0
5838.0 635.0
6062.0 561.0
6050.0 562.0
5698.0 788.0
5868.0 615.0
5760.0 695.0
5944.0 586.0
5794.0 666.0
5926.0 596.0
6050.0 562.0
5938.0 590.0
5934.0 592.0
5918.0 599.0
5868.0 615.0
6020.0 566.0
5934.0 592.0
5734.0 713.0
5884.0 602.0
5894.0 601.0
5776.0 670.0
5768.0 684.0
5774.0 680.0
5838.0 635.0
5820.0 640.0
5812.0 658.0
5938.0 590.0
5800.0 664.0
5814.0 656.0
6146.0 553.0
5918.0 599.0
6012.0 572.0
5848.0 632.0
5728.0 715.0
5864.0 618.0
5834.0 638.0
