1466.0 356.0
1711.0 240.0
1711.0 240.0
1466.0 356.0
1504.0 294.0
1679.0 244.0
1470.0 330.0
1673.0 246.0
1467.0 343.0
1491.0 310.0
1645.0 248.0
1500.0 306.0
1467.0 343.0
1485.0 322.0
1524.0 286.0
1583.0 262.0
1515.0 292.0
1574.0 268.0
1595.0 261.0
1606.0 256.0
1548.0 280.0
1537.0 282.0
1564.0 272.0
1564.0 272.0
1554.0 276.0
1627.0 250.0
1524.0 286.0
1574.0 268.0
1617.0 255.0
1537.0 282.0
1641.0 249.0
1679.0 244.0
1554.0 276.0
1470.0 330.0
1515.0 292.0
1606.0 256.0
1595.0 261.0
1478.0 325.0
1625.0 252.0
1583.0 262.0
1491.0 310.0
1673.0 246.0
1548.0 280.0
1478.0 325.0
1617.0 255.0
1496.0 308.0
1625.0 252.0
1504.0 294.0
1645.0 248.0
1496.0 308.0
1500.0 306.0
1485.0 322.0
1641.0 249.0
1483.0 323.0
1480.0 324.0
1627.0 250.0
1480.0 324.0
1483.0 323.0
1711.0 240.0
1466.0 356.0
1467.0 343.0
1564.0 272.0
1524.0 286.0
1574.0 268.0
1537.0 282.0
1679.0 244.0
1554.0 276.0
1470.0 330.0
1515.0 292.0
1606.0 256.0
1595.0 261.0
1583.0 262.0
1491.0 310.0
1673.0 246.0
1548.0 280.0
1478.0 325.0
1617.0 255.0
1625.0 252.0
1504.0 294.0
1645.0 248.0
1496.0 308.0
1500.0 306.0
1485.0 322.0
1641.0 249.0
1627.0 250.0
1480.0 324.0
1483.0 323.0
1711.0 240.0
1466.0 356.0
1467.0 343.0
1564.0 272.0
1524.0 286.0
1574.0 268.0
1537.0 282.0
1679.0 244.0
1554.0 276.0
1470.0 330.0
1515.0 292.0
1606.0 256.0
1595.0 261.0
