17417.0 1048.0
16562.0 1333.0
17417.0 1048.0
16562.0 1333.0
17152.0 1073.0
17075.0 1074.0
16570.0 1305.0
16564.0 1331.0
17266.0 1061.0
17198.0 1062.0
17272.0 1059.0
17359.0 1050.0
17320.0 1056.0
16916.0 1111.0
16950.0 1108.0
16614.0 1229.0
16612.0 1242.0
16775.0 1163.0
16790.0 1154.0
16661.0 1201.0
16601.0 1248.0
17000.0 1091.0
16598.0 1259.0
16618.0 1226.0
17326.0 1054.0
16732.0 1177.0
16898.0 1120.0
16626.0 1214.0
16735.0 1172.0
16845.0 1135.0
16701.0 1182.0
16969.0 1104.0
16580.0 1288.0
16671.0 1194.0
16588.0 1274.0
16697.0 1185.0
16901.0 1115.0
17155.0 1068.0
17351.0 1053.0
16811.0 1147.0
16590.0 1272.0
16793.0 1149.0
16640.0 1204.0
16993.0 1096.0
16856.0 1134.0
16976.0 1099.0
16636.0 1207.0
16591.0 1264.0
17072.0 1079.0
16656.0 1203.0
16882.0 1122.0
16859.0 1129.0
16757.0 1165.0
16581.0 1281.0
16570.0 1305.0
17046.0 1084.0
16686.0 1189.0
16719.0 1180.0
16915.0 1114.0
16778.0 1158.0
16822.0 1142.0
16686.0 1189.0
16671.0 1194.0
16577.0 1298.0
16834.0 1139.0
16747.0 1169.0
17028.0 1085.0
17057.0 1081.0
17185.0 1064.0
16581.0 1281.0
17168.0 1067.0
16577.0 1298.0
17185.0 1064.0
16874.0 1128.0
17168.0 1067.0
16822.0 1142.0
16834.0 1139.0
16578.0 1292.0
16958.0 1105.0
17013.0 1089.0
17015.0 1087.0
16719.0 1180.0
16747.0 1169.0
16601.0 1248.0
16609.0 1243.0
16598.0 1259.0
16626.0 1214.0
17057.0 1081.0
16950.0 1108.0
16811.0 1147.0
16618.0 1226.0
17198.0 1062.0
16976.0 1099.0
16591.0 1264.0
16757.0 1165.0
16630.0 1211.0
17028.0 1085.0
16993.0 1096.0
16778.0 1158.0
17320.0 1056.0
