328.0 1213.0
330.0 1204.0
331.0 1183.0
333.0 1094.0
334.0 1086.0
335.0 1081.0
336.0 1073.0
337.0 1072.0
338.0 1069.0
339.0 1062.0
340.0 1054.0
341.0 1053.0
342.0 1049.0
343.0 1043.0
344.0 1033.0
345.0 1022.0
346.0 1018.0
347.0 1013.0
348.0 1006.0
349.0 996.0
350.0 990.0
351.0 987.0
352.0 977.0
353.0 976.0
354.0 970.0
355.0 967.0
356.0 962.0
357.0 961.0
358.0 954.0
359.0 950.0
360.0 946.0
361.0 941.0
363.0 933.0
365.0 930.0
367.0 924.0
369.0 919.0
371.0 914.0
372.0 904.0
373.0 897.0
374.0 888.0
376.0 884.0
378.0 874.0
380.0 873.0
382.0 867.0
384.0 866.0
385.0 862.0
386.0 853.0
390.0 851.0
391.0 848.0
392.0 843.0
393.0 837.0
398.0 835.0
399.0 829.0
400.0 828.0
404.0 827.0
405.0 826.0
406.0 820.0
415.0 818.0
417.0 813.0
418.0 812.0
426.0 811.0
434.0 809.0
435.0 808.0
