16472.0 1388.0
16474.0 1376.0
16476.0 1362.0
16477.0 1339.0
16486.0 1330.0
16488.0 1328.0
16502.0 1325.0
16503.0 1318.0
16504.0 1295.0
16513.0 1286.0
16515.0 1284.0
16516.0 1272.0
16525.0 1263.0
16527.0 1261.0
16542.0 1251.0
16551.0 1242.0
16553.0 1240.0
16556.0 1238.0
16561.0 1236.0
16562.0 1233.0
16567.0 1231.0
16571.0 1228.0
16575.0 1219.0
16577.0 1213.0
16582.0 1204.0
16584.0 1198.0
16586.0 1196.0
16588.0 1190.0
16602.0 1173.0
16608.0 1167.0
16620.0 1161.0
16622.0 1150.0
16644.0 1149.0
16646.0 1144.0
16648.0 1137.0
16669.0 1133.0
16672.0 1131.0
16681.0 1125.0
16695.0 1120.0
16705.0 1119.0
16710.0 1116.0
16714.0 1114.0
16726.0 1113.0
16734.0 1110.0
16738.0 1108.0
16740.0 1107.0
16755.0 1103.0
16764.0 1101.0
16779.0 1097.0
16793.0 1096.0
16796.0 1095.0
16798.0 1092.0
16808.0 1091.0
16810.0 1090.0
16815.0 1087.0
16819.0 1086.0
16821.0 1084.0
16824.0 1083.0
16828.0 1082.0
16842.0 1081.0
16848.0 1078.0
16851.0 1077.0
16855.0 1076.0
16863.0 1074.0
16875.0 1072.0
16878.0 1071.0
16886.0 1069.0
16894.0 1067.0
16902.0 1064.0
16908.0 1061.0
16931.0 1056.0
16952.0 1055.0
16960.0 1050.0
16975.0 1049.0
16983.0 1046.0
16992.0 1044.0
17006.0 1040.0
17021.0 1038.0
17030.0 1034.0
17065.0 1033.0
17070.0 1032.0
17074.0 1030.0
17095.0 1028.0
17103.0 1024.0
17133.0 1023.0
17173.0 1021.0
