412.0 1346.0
413.0 1334.0
414.0 1317.0
415.0 1281.0
417.0 1262.0
419.0 1242.0
420.0 1237.0
421.0 1224.0
422.0 1209.0
424.0 1189.0
426.0 1179.0
428.0 1173.0
429.0 1168.0
430.0 1160.0
432.0 1153.0
433.0 1150.0
434.0 1139.0
435.0 1131.0
436.0 1127.0
438.0 1121.0
439.0 1113.0
442.0 1103.0
443.0 1102.0
444.0 1095.0
446.0 1090.0
447.0 1089.0
448.0 1086.0
451.0 1081.0
452.0 1080.0
453.0 1073.0
456.0 1063.0
459.0 1059.0
462.0 1058.0
465.0 1054.0
469.0 1048.0
472.0 1046.0
473.0 1045.0
475.0 1042.0
476.0 1041.0
479.0 1039.0
480.0 1038.0
481.0 1034.0
484.0 1031.0
485.0 1030.0
486.0 1028.0
488.0 1022.0
489.0 1020.0
491.0 1014.0
493.0 1008.0
496.0 1007.0
497.0 1002.0
500.0 999.0
502.0 997.0
504.0 993.0
506.0 991.0
509.0 987.0
518.0 985.0
526.0 982.0
531.0 977.0
