49.0 1224.0
50.0 1217.0
51.0 1203.0
52.0 1193.0
53.0 1183.0
54.0 1173.0
55.0 1167.0
56.0 1157.0
57.0 1143.0
58.0 1133.0
59.0 1127.0
60.0 1113.0
61.0 1101.0
62.0 1095.0
63.0 1090.0
64.0 1087.0
65.0 1077.0
66.0 1071.0
67.0 1070.0
68.0 1063.0
69.0 1049.0
70.0 1038.0
71.0 1025.0
72.0 1022.0
74.0 1019.0
75.0 1016.0
76.0 1012.0
77.0 1009.0
78.0 1002.0
79.0 1001.0
80.0 996.0
81.0 992.0
82.0 987.0
83.0 980.0
85.0 974.0
87.0 970.0
89.0 967.0
90.0 966.0
91.0 963.0
92.0 960.0
93.0 959.0
94.0 956.0
96.0 955.0
97.0 952.0
98.0 951.0
99.0 948.0
100.0 947.0
102.0 945.0
103.0 943.0
104.0 940.0
105.0 939.0
107.0 937.0
111.0 936.0
