5686.0 767.0
5692.0 733.0
5706.0 732.0
5710.0 725.0
5722.0 712.0
5742.0 708.0
5750.0 707.0
5754.0 700.0
5768.0 699.0
5772.0 692.0
5784.0 679.0
5804.0 675.0
5820.0 673.0
5830.0 672.0
5834.0 664.0
5842.0 661.0
5846.0 660.0
5848.0 658.0
5850.0 656.0
5856.0 655.0
5858.0 653.0
5860.0 651.0
5866.0 649.0
5868.0 647.0
5872.0 646.0
5876.0 644.0
5878.0 642.0
5882.0 641.0
5886.0 638.0
5888.0 636.0
5894.0 635.0
5896.0 633.0
5898.0 631.0
5900.0 629.0
5906.0 627.0
5908.0 625.0
5916.0 624.0
5920.0 621.0
5922.0 619.0
5930.0 616.0
5932.0 614.0
5944.0 611.0
5950.0 607.0
5966.0 605.0
5976.0 602.0
5980.0 601.0
5988.0 595.0
5992.0 589.0
6012.0 586.0
6032.0 584.0
6040.0 580.0
6048.0 579.0
6060.0 578.0
6062.0 573.0
6082.0 570.0
6108.0 568.0
6110.0 564.0
6118.0 563.0
6124.0 561.0
6142.0 560.0
6144.0 557.0
6154.0 556.0
6156.0 553.0
6158.0 551.0
6170.0 547.0
6186.0 546.0
6246.0 545.0
6256.0 543.0
6276.0 541.0
6302.0 540.0
6306.0 539.0
6322.0 538.0
6338.0 537.0
6340.0 535.0
6364.0 534.0
6422.0 533.0
6434.0 531.0
6436.0 530.0
6466.0 529.0
6474.0 525.0
6500.0 524.0
6516.0 523.0
6536.0 521.0
6568.0 520.0
6604.0 517.0
