9948.0 1906.0
9952.0 1884.0
9956.0 1878.0
9957.0 1871.0
9961.0 1867.0
9962.0 1862.0
9963.0 1859.0
9966.0 1858.0
9967.0 1855.0
9970.0 1852.0
9971.0 1845.0
9972.0 1807.0
9981.0 1796.0
9983.0 1793.0
9986.0 1784.0
9988.0 1778.0
9990.0 1775.0
9995.0 1773.0
9997.0 1770.0
10000.0 1767.0
10002.0 1755.0
10004.0 1752.0
10012.0 1747.0
10014.0 1744.0
10018.0 1743.0
10020.0 1740.0
10022.0 1739.0
10028.0 1737.0
10029.0 1735.0
10031.0 1730.0
10035.0 1729.0
10038.0 1723.0
10040.0 1718.0
10044.0 1717.0
10055.0 1716.0
10059.0 1708.0
10063.0 1694.0
10074.0 1693.0
10076.0 1684.0
10080.0 1683.0
10083.0 1681.0
10089.0 1670.0
10100.0 1669.0
10102.0 1660.0
10106.0 1659.0
10109.0 1657.0
10117.0 1655.0
10119.0 1649.0
10126.0 1646.0
10134.0 1643.0
10139.0 1640.0
10145.0 1639.0
10146.0 1637.0
10147.0 1633.0
10154.0 1630.0
10162.0 1627.0
10167.0 1624.0
10174.0 1621.0
10182.0 1616.0
10189.0 1613.0
10197.0 1610.0
10202.0 1607.0
10208.0 1606.0
10209.0 1604.0
10210.0 1600.0
10217.0 1597.0
10225.0 1594.0
10230.0 1591.0
10237.0 1588.0
10253.0 1587.0
10254.0 1586.0
10267.0 1580.0
10274.0 1577.0
10280.0 1574.0
10286.0 1569.0
10290.0 1567.0
10295.0 1562.0
10303.0 1561.0
10305.0 1558.0
10308.0 1556.0
10310.0 1553.0
10318.0 1552.0
10323.0 1547.0
10338.0 1546.0
10343.0 1541.0
10349.0 1536.0
10369.0 1533.0
10375.0 1528.0
10395.0 1525.0
10403.0 1522.0
10407.0 1520.0
10415.0 1519.0
10419.0 1517.0
10421.0 1514.0
10424.0 1512.0
10430.0 1507.0
10453.0 1506.0
10455.0 1505.0
10459.0 1504.0
10461.0 1502.0
10465.0 1500.0
10471.0 1496.0
10475.0 1495.0
10476.0 1492.0
10477.0 1491.0
10480.0 1490.0
10482.0 1487.0
10486.0 1485.0
10502.0 1484.0
10507.0 1483.0
10516.0 1482.0
10529.0 1479.0
10531.0 1478.0
10537.0 1476.0
10541.0 1473.0
10558.0 1470.0
10560.0 1469.0
10570.0 1464.0
10595.0 1463.0
10606.0 1461.0
10615.0 1459.0
10634.0 1458.0
10636.0 1456.0
10638.0 1455.0
10647.0 1453.0
10689.0 1452.0
10720.0 1451.0
10732.0 1449.0
10777.0 1448.0
10785.0 1447.0
10801.0 1446.0
