15272.0 4034.0
15273.0 4023.0
15277.0 4011.0
15278.0 3981.0
15280.0 3976.0
15287.0 3952.0
15289.0 3947.0
15290.0 3944.0
15292.0 3939.0
15296.0 3933.0
15297.0 3924.0
15299.0 3915.0
15301.0 3910.0
15306.0 3905.0
15308.0 3896.0
15310.0 3891.0
15313.0 3888.0
15314.0 3884.0
15316.0 3879.0
15320.0 3874.0
15322.0 3869.0
15323.0 3865.0
15325.0 3860.0
15332.0 3859.0
15335.0 3854.0
15336.0 3853.0
15338.0 3848.0
15342.0 3845.0
15343.0 3841.0
15345.0 3836.0
15349.0 3831.0
15351.0 3826.0
15352.0 3822.0
15354.0 3817.0
15359.0 3812.0
15361.0 3807.0
15364.0 3806.0
15369.0 3804.0
15371.0 3795.0
15374.0 3788.0
15376.0 3779.0
15377.0 3770.0
15379.0 3768.0
15380.0 3760.0
15381.0 3754.0
15385.0 3750.0
15387.0 3745.0
15388.0 3740.0
15390.0 3736.0
15391.0 3730.0
15395.0 3725.0
15397.0 3721.0
15400.0 3720.0
15402.0 3715.0
15404.0 3708.0
15405.0 3707.0
15406.0 3698.0
15411.0 3693.0
15412.0 3692.0
15413.0 3683.0
15418.0 3680.0
15421.0 3675.0
15426.0 3672.0
15429.0 3667.0
15431.0 3666.0
15432.0 3657.0
15437.0 3654.0
15438.0 3651.0
15439.0 3642.0
15444.0 3639.0
15445.0 3636.0
15446.0 3632.0
15448.0 3628.0
15452.0 3625.0
15453.0 3616.0
15455.0 3612.0
15459.0 3610.0
15460.0 3601.0
15462.0 3597.0
15466.0 3595.0
15468.0 3591.0
15469.0 3585.0
15471.0 3583.0
15475.0 3579.0
15477.0 3577.0
15478.0 3573.0
15480.0 3569.0
15482.0 3564.0
15484.0 3562.0
15487.0 3557.0
15489.0 3555.0
15492.0 3553.0
15493.0 3551.0
15495.0 3549.0
15497.0 3547.0
15499.0 3544.0
15500.0 3536.0
15502.0 3534.0
15506.0 3530.0
15508.0 3528.0
15510.0 3526.0
15514.0 3522.0
15516.0 3520.0
15519.0 3519.0
15521.0 3517.0
15525.0 3513.0
15527.0 3511.0
15528.0 3507.0
15530.0 3503.0
15532.0 3502.0
15534.0 3501.0
15536.0 3497.0
15538.0 3496.0
15539.0 3494.0
15541.0 3490.0
15543.0 3489.0
15545.0 3488.0
15547.0 3484.0
15549.0 3483.0
15559.0 3482.0
15562.0 3480.0
15565.0 3476.0
15567.0 3475.0
15568.0 3474.0
15571.0 3470.0
15572.0 3465.0
15575.0 3463.0
15578.0 3459.0
15581.0 3456.0
15583.0 3452.0
15588.0 3451.0
15589.0 3446.0
15590.0 3445.0
15595.0 3439.0
15596.0 3438.0
15601.0 3432.0
15606.0 3431.0
15607.0 3425.0
15610.0 3422.0
15620.0 3418.0
15625.0 3414.0
15632.0 3410.0
15639.0 3405.0
15641.0 3403.0
15647.0 3402.0
15651.0 3399.0
15653.0 3397.0
15654.0 3390.0
15659.0 3389.0
15667.0 3383.0
15677.0 3380.0
15678.0 3379.0
15679.0 3375.0
15686.0 3370.0
15694.0 3367.0
15698.0 3364.0
15703.0 3363.0
15706.0 3359.0
15710.0 3356.0
15715.0 3355.0
15719.0 3352.0
15722.0 3351.0
15729.0 3347.0
15731.0 3344.0
15738.0 3339.0
15746.0 3336.0
15750.0 3333.0
15755.0 3332.0
15759.0 3331.0
15761.0 3329.0
15762.0 3325.0
15767.0 3324.0
15771.0 3323.0
15772.0 3322.0
15774.0 3320.0
15779.0 3319.0
15781.0 3316.0
15785.0 3315.0
15788.0 3314.0
15792.0 3313.0
15795.0 3307.0
15804.0 3306.0
15807.0 3305.0
15811.0 3304.0
15815.0 3303.0
15818.0 3297.0
15830.0 3295.0
15844.0 3293.0
15849.0 3288.0
15861.0 3286.0
15875.0 3284.0
15887.0 3282.0
15900.0 3281.0
15908.0 3278.0
15917.0 3276.0
15918.0 3275.0
15921.0 3273.0
15926.0 3269.0
15934.0 3267.0
15935.0 3266.0
15936.0 3264.0
15939.0 3262.0
15942.0 3259.0
15948.0 3258.0
15949.0 3254.0
15954.0 3252.0
15955.0 3248.0
15961.0 3247.0
15964.0 3243.0
15967.0 3241.0
15971.0 3238.0
15977.0 3232.0
15987.0 3230.0
15993.0 3224.0
16010.0 3221.0
16019.0 3218.0
16021.0 3216.0
16031.0 3214.0
16033.0 3212.0
16041.0 3208.0
16050.0 3207.0
16051.0 3205.0
16053.0 3204.0
16054.0 3197.0
16066.0 3193.0
16084.0 3191.0
16099.0 3189.0
16102.0 3184.0
16112.0 3178.0
16124.0 3174.0
16150.0 3172.0
16191.0 3170.0
16426.0 3168.0
16526.0 3164.0
16533.0 3163.0
16558.0 3162.0
16565.0 3157.0
16572.0 3156.0
16573.0 3155.0
16580.0 3154.0
16593.0 3153.0
16600.0 3152.0
16628.0 3151.0
16646.0 3150.0
16671.0 3149.0
16691.0 3147.0
