91.0 126.0
95.0 99.0
95.0 99.0
91.0 126.0
92.0 123.0
93.0 107.0
94.0 106.0
92.0 123.0
93.0 107.0
94.0 106.0
95.0 99.0
91.0 126.0
92.0 123.0
93.0 107.0
94.0 106.0
91.0 126.0
95.0 99.0
92.0 123.0
93.0 107.0
94.0 106.0
95.0 99.0
91.0 126.0
92.0 123.0
93.0 107.0
94.0 106.0
91.0 126.0
95.0 99.0
92.0 123.0
93.0 107.0
94.0 106.0
95.0 99.0
91.0 126.0
92.0 123.0
93.0 107.0
94.0 106.0
95.0 99.0
91.0 126.0
92.0 123.0
93.0 107.0
94.0 106.0
91.0 126.0
95.0 99.0
92.0 123.0
93.0 107.0
94.0 106.0
91.0 126.0
95.0 99.0
92.0 123.0
93.0 107.0
94.0 106.0
95.0 99.0
91.0 126.0
92.0 123.0
93.0 107.0
94.0 106.0
95.0 99.0
91.0 126.0
92.0 123.0
93.0 107.0
94.0 106.0
95.0 99.0
91.0 126.0
92.0 123.0
93.0 107.0
94.0 106.0
91.0 126.0
95.0 99.0
92.0 123.0
93.0 107.0
94.0 106.0
95.0 99.0
91.0 126.0
92.0 123.0
93.0 107.0
94.0 106.0
91.0 126.0
95.0 99.0
92.0 123.0
93.0 107.0
94.0 106.0
95.0 99.0
91.0 126.0
92.0 123.0
93.0 107.0
94.0 106.0
95.0 99.0
91.0 126.0
92.0 123.0
93.0 107.0
94.0 106.0
95.0 99.0
91.0 126.0
92.0 123.0
93.0 107.0
94.0 106.0
95.0 99.0
91.0 126.0
92.0 123.0
93.0 107.0
94.0 106.0
