497.0 647.0
460.0 753.0
460.0 753.0
497.0 647.0
495.0 649.0
482.0 651.0
464.0 732.0
465.0 713.0
478.0 653.0
482.0 651.0
474.0 671.0
472.0 677.0
466.0 711.0
467.0 703.0
471.0 684.0
469.0 696.0
470.0 689.0
475.0 664.0
461.0 746.0
472.0 677.0
462.0 742.0
474.0 671.0
463.0 736.0
470.0 689.0
475.0 664.0
477.0 658.0
468.0 701.0
476.0 659.0
471.0 684.0
469.0 696.0
495.0 649.0
461.0 746.0
463.0 736.0
464.0 732.0
462.0 742.0
465.0 713.0
478.0 653.0
467.0 703.0
466.0 711.0
468.0 701.0
476.0 659.0
477.0 658.0
460.0 753.0
497.0 647.0
482.0 651.0
472.0 677.0
474.0 671.0
470.0 689.0
475.0 664.0
469.0 696.0
471.0 684.0
495.0 649.0
461.0 746.0
463.0 736.0
464.0 732.0
462.0 742.0
465.0 713.0
478.0 653.0
467.0 703.0
466.0 711.0
468.0 701.0
476.0 659.0
477.0 658.0
497.0 647.0
460.0 753.0
482.0 651.0
472.0 677.0
474.0 671.0
470.0 689.0
475.0 664.0
471.0 684.0
469.0 696.0
495.0 649.0
461.0 746.0
463.0 736.0
464.0 732.0
462.0 742.0
465.0 713.0
478.0 653.0
467.0 703.0
468.0 701.0
466.0 711.0
476.0 659.0
477.0 658.0
497.0 647.0
460.0 753.0
482.0 651.0
472.0 677.0
474.0 671.0
470.0 689.0
475.0 664.0
469.0 696.0
471.0 684.0
495.0 649.0
461.0 746.0
463.0 736.0
464.0 732.0
462.0 742.0
465.0 713.0
478.0 653.0
