239.0 605.0
295.0 494.0
239.0 605.0
295.0 494.0
291.0 498.0
281.0 502.0
272.0 514.0
273.0 506.0
263.0 518.0
240.0 594.0
241.0 585.0
246.0 561.0
248.0 551.0
243.0 577.0
281.0 502.0
291.0 498.0
268.0 516.0
240.0 594.0
241.0 585.0
243.0 577.0
244.0 569.0
277.0 504.0
268.0 516.0
277.0 504.0
253.0 538.0
254.0 531.0
246.0 561.0
262.0 522.0
249.0 548.0
245.0 566.0
250.0 543.0
248.0 551.0
259.0 526.0
260.0 523.0
255.0 529.0
257.0 527.0
244.0 569.0
250.0 543.0
251.0 540.0
249.0 548.0
245.0 566.0
257.0 527.0
273.0 506.0
263.0 518.0
254.0 531.0
255.0 529.0
272.0 514.0
260.0 523.0
251.0 540.0
252.0 539.0
262.0 522.0
259.0 526.0
252.0 539.0
253.0 538.0
239.0 605.0
295.0 494.0
281.0 502.0
291.0 498.0
240.0 594.0
241.0 585.0
243.0 577.0
268.0 516.0
277.0 504.0
246.0 561.0
248.0 551.0
244.0 569.0
250.0 543.0
249.0 548.0
245.0 566.0
257.0 527.0
273.0 506.0
263.0 518.0
254.0 531.0
255.0 529.0
272.0 514.0
260.0 523.0
251.0 540.0
253.0 538.0
262.0 522.0
259.0 526.0
252.0 539.0
239.0 605.0
295.0 494.0
281.0 502.0
291.0 498.0
240.0 594.0
241.0 585.0
243.0 577.0
268.0 516.0
277.0 504.0
246.0 561.0
248.0 551.0
244.0 569.0
250.0 543.0
249.0 548.0
245.0 566.0
257.0 527.0
273.0 506.0
263.0 518.0
254.0 531.0
