281.0 984.0
196.0 1201.0
281.0 984.0
196.0 1201.0
276.0 990.0
266.0 991.0
260.0 998.0
198.0 1197.0
215.0 1135.0
216.0 1122.0
264.0 997.0
232.0 1069.0
227.0 1094.0
224.0 1095.0
199.0 1186.0
241.0 1041.0
254.0 1009.0
231.0 1079.0
222.0 1102.0
228.0 1087.0
220.0 1105.0
248.0 1019.0
250.0 1018.0
245.0 1032.0
246.0 1026.0
237.0 1052.0
234.0 1068.0
235.0 1066.0
240.0 1049.0
211.0 1154.0
212.0 1146.0
236.0 1058.0
253.0 1014.0
278.0 989.0
206.0 1166.0
243.0 1036.0
216.0 1122.0
246.0 1026.0
218.0 1112.0
217.0 1115.0
243.0 1036.0
208.0 1161.0
257.0 1005.0
278.0 989.0
228.0 1087.0
236.0 1058.0
258.0 1004.0
214.0 1141.0
215.0 1135.0
230.0 1081.0
220.0 1105.0
222.0 1102.0
218.0 1112.0
251.0 1015.0
241.0 1041.0
204.0 1172.0
265.0 992.0
205.0 1167.0
230.0 1081.0
239.0 1051.0
254.0 1009.0
203.0 1176.0
201.0 1181.0
198.0 1197.0
257.0 1005.0
245.0 1032.0
204.0 1172.0
202.0 1177.0
207.0 1162.0
260.0 998.0
224.0 1095.0
248.0 1019.0
258.0 1004.0
276.0 990.0
199.0 1186.0
212.0 1146.0
217.0 1115.0
210.0 1157.0
200.0 1183.0
211.0 1154.0
213.0 1143.0
209.0 1158.0
213.0 1143.0
200.0 1183.0
201.0 1181.0
235.0 1066.0
240.0 1049.0
214.0 1141.0
231.0 1079.0
266.0 991.0
232.0 1069.0
237.0 1052.0
251.0 1015.0
205.0 1167.0
265.0 992.0
207.0 1162.0
202.0 1177.0
209.0 1158.0
264.0 997.0
227.0 1094.0
