525.0 1340.0
625.0 1087.0
625.0 1087.0
525.0 1340.0
616.0 1100.0
604.0 1101.0
579.0 1120.0
589.0 1111.0
534.0 1281.0
528.0 1323.0
529.0 1302.0
535.0 1261.0
589.0 1111.0
538.0 1253.0
594.0 1109.0
599.0 1103.0
539.0 1238.0
577.0 1127.0
562.0 1161.0
573.0 1129.0
559.0 1164.0
568.0 1136.0
599.0 1103.0
594.0 1109.0
579.0 1120.0
546.0 1215.0
604.0 1101.0
544.0 1218.0
558.0 1174.0
567.0 1146.0
563.0 1151.0
622.0 1089.0
556.0 1184.0
547.0 1206.0
557.0 1175.0
540.0 1232.0
536.0 1255.0
543.0 1226.0
570.0 1134.0
552.0 1192.0
573.0 1129.0
570.0 1134.0
527.0 1330.0
528.0 1323.0
542.0 1230.0
529.0 1302.0
535.0 1261.0
539.0 1238.0
526.0 1336.0
531.0 1292.0
532.0 1286.0
527.0 1330.0
530.0 1296.0
554.0 1187.0
549.0 1203.0
550.0 1198.0
551.0 1193.0
550.0 1198.0
577.0 1127.0
564.0 1149.0
532.0 1286.0
530.0 1296.0
621.0 1093.0
526.0 1336.0
543.0 1226.0
533.0 1282.0
531.0 1292.0
553.0 1188.0
561.0 1162.0
566.0 1147.0
620.0 1094.0
618.0 1097.0
544.0 1218.0
618.0 1097.0
620.0 1094.0
546.0 1215.0
559.0 1164.0
568.0 1136.0
563.0 1151.0
622.0 1089.0
536.0 1255.0
540.0 1232.0
564.0 1149.0
548.0 1205.0
542.0 1230.0
549.0 1203.0
561.0 1162.0
617.0 1098.0
538.0 1253.0
566.0 1147.0
555.0 1185.0
557.0 1175.0
547.0 1206.0
551.0 1193.0
533.0 1282.0
553.0 1188.0
617.0 1098.0
555.0 1185.0
556.0 1184.0
558.0 1174.0
