9833.0 512.0
9469.0 666.0
9833.0 512.0
9469.0 666.0
9473.0 665.0
9475.0 646.0
9794.0 513.0
9517.0 606.0
9518.0 591.0
9509.0 610.0
9769.0 515.0
9508.0 625.0
9746.0 521.0
9699.0 526.0
9769.0 515.0
9746.0 521.0
9794.0 513.0
9722.0 525.0
9698.0 529.0
9647.0 542.0
9571.0 569.0
9727.0 523.0
9631.0 543.0
9522.0 590.0
9538.0 583.0
9681.0 531.0
9591.0 560.0
9654.0 537.0
9552.0 577.0
9538.0 583.0
9522.0 590.0
9590.0 565.0
9507.0 629.0
9602.0 555.0
9585.0 567.0
9503.0 630.0
9501.0 635.0
9666.0 536.0
9552.0 577.0
9485.0 642.0
9595.0 559.0
9545.0 581.0
9676.0 532.0
9564.0 573.0
9495.0 638.0
9495.0 638.0
9485.0 642.0
9571.0 569.0
9602.0 555.0
9628.0 545.0
9561.0 574.0
9513.0 609.0
9675.0 534.0
9648.0 540.0
9508.0 625.0
9620.0 548.0
9612.0 551.0
9561.0 574.0
9681.0 531.0
9609.0 553.0
9545.0 581.0
9564.0 573.0
9595.0 559.0
9621.0 547.0
9479.0 645.0
9481.0 643.0
9654.0 537.0
9672.0 535.0
9666.0 536.0
9648.0 540.0
9612.0 551.0
9517.0 606.0
9620.0 548.0
9727.0 523.0
9498.0 637.0
9611.0 552.0
9628.0 545.0
9501.0 635.0
9609.0 553.0
9585.0 567.0
9541.0 582.0
9513.0 609.0
9621.0 547.0
9698.0 529.0
9631.0 543.0
9541.0 582.0
9498.0 637.0
9672.0 535.0
9587.0 566.0
9724.0 524.0
9475.0 646.0
9503.0 630.0
9481.0 643.0
9724.0 524.0
9587.0 566.0
9479.0 645.0
9473.0 665.0
9722.0 525.0
9518.0 591.0
9509.0 610.0
