2625.0 235.0
2757.0 171.0
2757.0 171.0
2625.0 235.0
2628.0 213.0
2691.0 186.0
2717.0 184.0
2741.0 175.0
2717.0 184.0
2665.0 198.0
2639.0 211.0
2665.0 198.0
2735.0 183.0
2740.0 182.0
2644.0 206.0
2681.0 192.0
2750.0 174.0
2654.0 202.0
2678.0 193.0
2691.0 186.0
2678.0 193.0
2652.0 204.0
2681.0 192.0
2654.0 202.0
2644.0 206.0
2639.0 211.0
2750.0 174.0
2628.0 213.0
2735.0 183.0
2652.0 204.0
2741.0 175.0
2740.0 182.0
2757.0 171.0
2625.0 235.0
2717.0 184.0
2665.0 198.0
2691.0 186.0
2678.0 193.0
2681.0 192.0
2654.0 202.0
2644.0 206.0
2639.0 211.0
2750.0 174.0
2628.0 213.0
2735.0 183.0
2652.0 204.0
2741.0 175.0
2740.0 182.0
2625.0 235.0
2757.0 171.0
2717.0 184.0
2665.0 198.0
2691.0 186.0
2678.0 193.0
2681.0 192.0
2654.0 202.0
2644.0 206.0
2639.0 211.0
2750.0 174.0
2628.0 213.0
2735.0 183.0
2652.0 204.0
2741.0 175.0
2740.0 182.0
2757.0 171.0
2625.0 235.0
2717.0 184.0
2665.0 198.0
2691.0 186.0
2678.0 193.0
2681.0 192.0
2654.0 202.0
2644.0 206.0
2639.0 211.0
2750.0 174.0
2628.0 213.0
2735.0 183.0
2652.0 204.0
2741.0 175.0
2740.0 182.0
2757.0 171.0
2625.0 235.0
2717.0 184.0
2665.0 198.0
2691.0 186.0
2678.0 193.0
2681.0 192.0
2654.0 202.0
2644.0 206.0
2639.0 211.0
2750.0 174.0
2628.0 213.0
2735.0 183.0
2652.0 204.0
2741.0 175.0
2740.0 182.0
2625.0 235.0
2757.0 171.0
2717.0 184.0
2665.0 198.0
