5366.0 683.0
5720.0 531.0
5720.0 531.0
5366.0 683.0
5374.0 673.0
5384.0 659.0
5646.0 541.0
5403.0 639.0
5392.0 649.0
5384.0 659.0
5374.0 673.0
5392.0 649.0
5624.0 547.0
5424.0 633.0
5434.0 624.0
5533.0 568.0
5624.0 547.0
5700.0 538.0
5607.0 550.0
5669.0 540.0
5677.0 539.0
5499.0 596.0
5500.0 589.0
5646.0 541.0
5605.0 554.0
5563.0 564.0
5490.0 598.0
5527.0 575.0
5523.0 576.0
5713.0 535.0
5565.0 560.0
5517.0 583.0
5403.0 639.0
5414.0 636.0
5455.0 616.0
5546.0 567.0
5550.0 565.0
5592.0 555.0
5488.0 606.0
5478.0 608.0
5424.0 633.0
5414.0 636.0
5466.0 613.0
5515.0 587.0
5517.0 583.0
5434.0 624.0
5703.0 536.0
5451.0 619.0
5472.0 611.0
5466.0 613.0
5489.0 603.0
5592.0 555.0
5575.0 558.0
5444.0 622.0
5582.0 557.0
5582.0 557.0
5575.0 558.0
5509.0 588.0
5455.0 616.0
5478.0 608.0
5472.0 611.0
5677.0 539.0
5669.0 540.0
5713.0 535.0
5607.0 550.0
5451.0 619.0
5533.0 568.0
5523.0 576.0
5445.0 621.0
5527.0 575.0
5509.0 588.0
5489.0 603.0
5565.0 560.0
5550.0 565.0
5546.0 567.0
5490.0 598.0
5445.0 621.0
5488.0 606.0
5444.0 622.0
5499.0 596.0
5703.0 536.0
5700.0 538.0
5515.0 587.0
5605.0 554.0
5563.0 564.0
5500.0 589.0
5720.0 531.0
5366.0 683.0
5384.0 659.0
5374.0 673.0
5392.0 649.0
5624.0 547.0
5646.0 541.0
5403.0 639.0
5414.0 636.0
5424.0 633.0
5517.0 583.0
5434.0 624.0
5466.0 613.0
5592.0 555.0
