16227.0 3213.0
15349.0 3905.0
15349.0 3905.0
16227.0 3213.0
15883.0 3334.0
16084.0 3254.0
15732.0 3429.0
15871.0 3349.0
15505.0 3646.0
15500.0 3664.0
15419.0 3798.0
16049.0 3267.0
15593.0 3547.0
16052.0 3255.0
15386.0 3859.0
15524.0 3619.0
15918.0 3314.0
15423.0 3780.0
15783.0 3395.0
15402.0 3823.0
16128.0 3241.0
15469.0 3713.0
15906.0 3329.0
15796.0 3390.0
15703.0 3449.0
15803.0 3378.0
15696.0 3461.0
16098.0 3246.0
15838.0 3356.0
15452.0 3739.0
15372.0 3881.0
15519.0 3637.0
15576.0 3558.0
15752.0 3428.0
15463.0 3724.0
16130.0 3231.0
15368.0 3890.0
15944.0 3304.0
15432.0 3773.0
15374.0 3864.0
15665.0 3494.0
16150.0 3230.0
15833.0 3368.0
16200.0 3217.0
16207.0 3214.0
15716.0 3444.0
15406.0 3808.0
15944.0 3304.0
16027.0 3273.0
15963.0 3298.0
15974.0 3289.0
15453.0 3729.0
15474.0 3695.0
15619.0 3523.0
15635.0 3512.0
15775.0 3408.0
15762.0 3415.0
15683.0 3466.0
15538.0 3606.0
15471.0 3697.0
15555.0 3582.0
15635.0 3512.0
15651.0 3503.0
15675.0 3479.0
15444.0 3753.0
16027.0 3273.0
15675.0 3479.0
15851.0 3351.0
15486.0 3673.0
15651.0 3503.0
15598.0 3538.0
15566.0 3579.0
15390.0 3840.0
15918.0 3314.0
15356.0 3895.0
16168.0 3220.0
15570.0 3574.0
15612.0 3535.0
15545.0 3595.0
16008.0 3280.0
15993.0 3282.0
15391.0 3830.0
15545.0 3595.0
15538.0 3606.0
15816.0 3373.0
16180.0 3218.0
15716.0 3444.0
15617.0 3534.0
15435.0 3763.0
15993.0 3282.0
16008.0 3280.0
15665.0 3494.0
15444.0 3753.0
16168.0 3220.0
15482.0 3682.0
16098.0 3246.0
15576.0 3558.0
15974.0 3289.0
15482.0 3682.0
15816.0 3373.0
