19450.0 5775.0
21090.0 4739.0
19450.0 5775.0
21090.0 4739.0
20023.0 5058.0
19604.0 5459.0
20518.0 4857.0
19797.0 5207.0
19900.0 5135.0
19702.0 5353.0
20623.0 4815.0
19630.0 5420.0
20210.0 4985.0
19774.0 5275.0
19470.0 5730.0
19851.0 5163.0
19941.0 5120.0
20530.0 4834.0
19755.0 5289.0
20820.0 4772.0
19654.0 5402.0
19846.0 5187.0
19960.0 5092.0
19777.0 5249.0
19582.0 5513.0
19596.0 5463.0
19534.0 5572.0
20301.0 4947.0
20351.0 4929.0
20558.0 4830.0
19498.0 5685.0
19498.0 5685.0
20110.0 5042.0
19552.0 5547.0
20150.0 5005.0
19710.0 5321.0
20778.0 4776.0
19527.0 5606.0
19884.0 5158.0
20390.0 4919.0
20417.0 4900.0
21072.0 4745.0
19456.0 5741.0
19922.0 5121.0
20136.0 5013.0
20579.0 4818.0
20456.0 4885.0
20072.0 5043.0
19501.0 5656.0
20680.0 4799.0
19509.0 5625.0
20210.0 4985.0
20111.0 5021.0
20721.0 4785.0
19680.0 5384.0
20642.0 4803.0
19815.0 5191.0
19732.0 5300.0
19684.0 5360.0
20456.0 4885.0
19630.0 5420.0
20488.0 4870.0
19585.0 5495.0
20237.0 4969.0
20488.0 4870.0
20014.0 5073.0
20721.0 4785.0
20265.0 4959.0
19570.0 5534.0
20417.0 4900.0
20072.0 5043.0
20884.0 4766.0
20919.0 4759.0
21030.0 4749.0
19960.0 5092.0
20680.0 4799.0
20265.0 4959.0
19996.0 5074.0
20150.0 5005.0
19783.0 5232.0
19470.0 5730.0
19505.0 5651.0
20957.0 4755.0
20846.0 4768.0
20992.0 4751.0
20342.0 4936.0
20310.0 4940.0
20237.0 4969.0
20390.0 4919.0
19660.0 5388.0
20919.0 4759.0
20957.0 4755.0
19710.0 5321.0
21034.0 4747.0
19783.0 5232.0
19585.0 5495.0
19732.0 5300.0
20757.0 4778.0
19549.0 5567.0
20992.0 4751.0
