26248.0 6382.0
24823.0 7517.0
26248.0 6382.0
24823.0 7517.0
26198.0 6387.0
25204.0 7029.0
24990.0 7258.0
25160.0 7046.0
24946.0 7295.0
24880.0 7396.0
25879.0 6509.0
25363.0 6860.0
25465.0 6768.0
25015.0 7239.0
25575.0 6699.0
25655.0 6653.0
25286.0 6956.0
26120.0 6408.0
25696.0 6619.0
24944.0 7320.0
24844.0 7442.0
26175.0 6401.0
24836.0 7477.0
26154.0 6405.0
24824.0 7492.0
26046.0 6424.0
25970.0 6448.0
25123.0 7081.0
25395.0 6828.0
25096.0 7126.0
25232.0 6986.0
25137.0 7070.0
25442.0 6791.0
25301.0 6930.0
25209.0 7010.0
25227.0 7005.0
25028.0 7192.0
25339.0 6888.0
25378.0 6858.0
26045.0 6438.0
25339.0 6888.0
25781.0 6549.0
24838.0 7452.0
25111.0 7097.0
25105.0 7108.0
25756.0 6569.0
26016.0 6442.0
24862.0 7416.0
25604.0 6690.0
25417.0 6808.0
26091.0 6412.0
25322.0 6911.0
25894.0 6487.0
25808.0 6539.0
25820.0 6521.0
25516.0 6731.0
25631.0 6655.0
25075.0 7130.0
25630.0 6672.0
24968.0 7274.0
24922.0 7331.0
25937.0 6460.0
25756.0 6569.0
25605.0 6673.0
25681.0 6635.0
25730.0 6587.0
25538.0 6729.0
25159.0 7065.0
24888.0 7374.0
25025.0 7193.0
25554.0 6710.0
25847.0 6511.0
24906.0 7352.0
25442.0 6791.0
26091.0 6412.0
25044.0 7166.0
24906.0 7352.0
25417.0 6808.0
25513.0 6748.0
24862.0 7416.0
25265.0 6981.0
25395.0 6828.0
24968.0 7274.0
25487.0 6766.0
25491.0 6750.0
25322.0 6911.0
25730.0 6587.0
25970.0 6448.0
25916.0 6472.0
25283.0 6973.0
25301.0 6930.0
25055.0 7152.0
25712.0 6603.0
25681.0 6635.0
25055.0 7152.0
25781.0 6549.0
25916.0 6472.0
25018.0 7220.0
26016.0 6442.0
25712.0 6603.0
