114.0 211.0
133.0 140.0
133.0 140.0
114.0 211.0
126.0 144.0
129.0 142.0
116.0 200.0
117.0 190.0
129.0 142.0
118.0 184.0
119.0 175.0
115.0 203.0
125.0 151.0
117.0 190.0
121.0 167.0
122.0 161.0
118.0 184.0
122.0 161.0
123.0 156.0
119.0 175.0
120.0 171.0
121.0 167.0
120.0 171.0
115.0 203.0
123.0 156.0
116.0 200.0
124.0 153.0
126.0 144.0
124.0 153.0
125.0 151.0
133.0 140.0
114.0 211.0
129.0 142.0
117.0 190.0
118.0 184.0
122.0 161.0
119.0 175.0
120.0 171.0
121.0 167.0
115.0 203.0
123.0 156.0
116.0 200.0
126.0 144.0
124.0 153.0
125.0 151.0
114.0 211.0
133.0 140.0
129.0 142.0
117.0 190.0
118.0 184.0
122.0 161.0
119.0 175.0
121.0 167.0
120.0 171.0
115.0 203.0
123.0 156.0
116.0 200.0
126.0 144.0
124.0 153.0
125.0 151.0
133.0 140.0
114.0 211.0
129.0 142.0
117.0 190.0
118.0 184.0
122.0 161.0
119.0 175.0
121.0 167.0
120.0 171.0
115.0 203.0
123.0 156.0
116.0 200.0
126.0 144.0
124.0 153.0
125.0 151.0
114.0 211.0
133.0 140.0
129.0 142.0
117.0 190.0
118.0 184.0
122.0 161.0
119.0 175.0
121.0 167.0
120.0 171.0
115.0 203.0
123.0 156.0
116.0 200.0
126.0 144.0
124.0 153.0
125.0 151.0
133.0 140.0
114.0 211.0
129.0 142.0
117.0 190.0
118.0 184.0
122.0 161.0
119.0 175.0
120.0 171.0
121.0 167.0
115.0 203.0
