200.0 394.0
144.0 518.0
200.0 394.0
144.0 518.0
146.0 503.0
170.0 416.0
150.0 479.0
168.0 425.0
146.0 503.0
149.0 491.0
168.0 425.0
150.0 479.0
152.0 468.0
148.0 492.0
188.0 399.0
178.0 413.0
163.0 442.0
159.0 444.0
181.0 410.0
165.0 434.0
165.0 434.0
192.0 397.0
185.0 409.0
174.0 415.0
196.0 395.0
192.0 397.0
196.0 395.0
174.0 415.0
153.0 467.0
154.0 460.0
178.0 413.0
155.0 459.0
156.0 453.0
181.0 410.0
164.0 439.0
187.0 403.0
186.0 407.0
187.0 403.0
170.0 416.0
148.0 492.0
152.0 468.0
156.0 453.0
158.0 447.0
157.0 450.0
157.0 450.0
164.0 439.0
158.0 447.0
188.0 399.0
159.0 444.0
163.0 442.0
186.0 407.0
154.0 460.0
185.0 409.0
153.0 467.0
149.0 491.0
155.0 459.0
200.0 394.0
144.0 518.0
146.0 503.0
168.0 425.0
150.0 479.0
165.0 434.0
192.0 397.0
196.0 395.0
174.0 415.0
178.0 413.0
181.0 410.0
187.0 403.0
170.0 416.0
152.0 468.0
148.0 492.0
156.0 453.0
164.0 439.0
157.0 450.0
158.0 447.0
188.0 399.0
159.0 444.0
186.0 407.0
163.0 442.0
154.0 460.0
149.0 491.0
155.0 459.0
185.0 409.0
153.0 467.0
200.0 394.0
144.0 518.0
146.0 503.0
168.0 425.0
150.0 479.0
165.0 434.0
192.0 397.0
196.0 395.0
174.0 415.0
178.0 413.0
181.0 410.0
187.0 403.0
170.0 416.0
148.0 492.0
152.0 468.0
156.0 453.0
