100.0 971.0
53.0 1217.0
100.0 971.0
53.0 1217.0
57.0 1148.0
59.0 1144.0
60.0 1124.0
61.0 1101.0
90.0 993.0
85.0 994.0
60.0 1124.0
57.0 1148.0
99.0 976.0
73.0 1019.0
61.0 1101.0
62.0 1089.0
96.0 977.0
67.0 1060.0
68.0 1050.0
75.0 1014.0
76.0 1010.0
80.0 1001.0
82.0 999.0
83.0 996.0
62.0 1089.0
68.0 1050.0
70.0 1036.0
72.0 1027.0
69.0 1042.0
71.0 1028.0
63.0 1081.0
78.0 1007.0
64.0 1075.0
65.0 1068.0
85.0 994.0
69.0 1042.0
63.0 1081.0
65.0 1068.0
94.0 984.0
70.0 1036.0
66.0 1062.0
64.0 1075.0
95.0 978.0
73.0 1019.0
75.0 1014.0
79.0 1005.0
91.0 991.0
59.0 1144.0
92.0 987.0
76.0 1010.0
78.0 1007.0
80.0 1001.0
83.0 996.0
66.0 1062.0
93.0 986.0
82.0 999.0
94.0 984.0
79.0 1005.0
91.0 991.0
67.0 1060.0
96.0 977.0
71.0 1028.0
95.0 978.0
92.0 987.0
72.0 1027.0
90.0 993.0
93.0 986.0
99.0 976.0
100.0 971.0
53.0 1217.0
60.0 1124.0
57.0 1148.0
61.0 1101.0
62.0 1089.0
68.0 1050.0
85.0 994.0
69.0 1042.0
63.0 1081.0
65.0 1068.0
70.0 1036.0
64.0 1075.0
73.0 1019.0
75.0 1014.0
59.0 1144.0
76.0 1010.0
78.0 1007.0
80.0 1001.0
83.0 996.0
66.0 1062.0
79.0 1005.0
91.0 991.0
82.0 999.0
94.0 984.0
67.0 1060.0
96.0 977.0
71.0 1028.0
95.0 978.0
92.0 987.0
72.0 1027.0
90.0 993.0
