288.0 1020.0
195.0 1263.0
288.0 1020.0
195.0 1263.0
279.0 1022.0
206.0 1171.0
207.0 1151.0
214.0 1105.0
204.0 1196.0
205.0 1179.0
213.0 1121.0
216.0 1104.0
245.0 1042.0
277.0 1023.0
271.0 1024.0
263.0 1028.0
266.0 1025.0
218.0 1083.0
217.0 1091.0
240.0 1044.0
224.0 1076.0
202.0 1211.0
203.0 1199.0
246.0 1038.0
271.0 1024.0
258.0 1029.0
197.0 1249.0
198.0 1238.0
240.0 1044.0
250.0 1036.0
233.0 1056.0
229.0 1060.0
236.0 1046.0
225.0 1069.0
221.0 1079.0
227.0 1068.0
221.0 1079.0
207.0 1151.0
205.0 1179.0
217.0 1091.0
198.0 1238.0
209.0 1138.0
200.0 1224.0
196.0 1255.0
206.0 1171.0
199.0 1230.0
211.0 1130.0
208.0 1143.0
201.0 1216.0
211.0 1130.0
209.0 1138.0
266.0 1025.0
263.0 1028.0
199.0 1230.0
196.0 1255.0
234.0 1054.0
197.0 1249.0
200.0 1224.0
235.0 1048.0
228.0 1062.0
254.0 1033.0
256.0 1030.0
208.0 1143.0
201.0 1216.0
202.0 1211.0
212.0 1125.0
279.0 1022.0
250.0 1036.0
252.0 1034.0
218.0 1083.0
229.0 1060.0
212.0 1125.0
213.0 1121.0
233.0 1056.0
258.0 1029.0
256.0 1030.0
252.0 1034.0
254.0 1033.0
277.0 1023.0
203.0 1199.0
224.0 1076.0
204.0 1196.0
246.0 1038.0
236.0 1046.0
228.0 1062.0
235.0 1048.0
245.0 1042.0
234.0 1054.0
214.0 1105.0
225.0 1069.0
216.0 1104.0
227.0 1068.0
288.0 1020.0
195.0 1263.0
271.0 1024.0
240.0 1044.0
221.0 1079.0
207.0 1151.0
205.0 1179.0
217.0 1091.0
