17057.0 1037.0
16513.0 1256.0
16513.0 1256.0
17057.0 1037.0
17037.0 1042.0
17000.0 1043.0
16932.0 1057.0
16907.0 1066.0
16622.0 1150.0
16870.0 1067.0
16962.0 1056.0
16542.0 1232.0
16620.0 1161.0
16562.0 1209.0
16648.0 1137.0
16927.0 1061.0
16980.0 1048.0
16609.0 1172.0
16533.0 1233.0
16550.0 1219.0
16525.0 1246.0
16602.0 1173.0
16681.0 1125.0
16586.0 1203.0
16611.0 1164.0
16597.0 1182.0
16530.0 1242.0
16545.0 1223.0
16638.0 1148.0
16591.0 1187.0
16646.0 1144.0
16715.0 1116.0
16912.0 1062.0
16801.0 1087.0
16803.0 1082.0
16850.0 1072.0
16832.0 1080.0
16811.0 1081.0
16589.0 1195.0
17000.0 1043.0
17037.0 1042.0
16525.0 1246.0
16550.0 1219.0
16589.0 1195.0
16695.0 1120.0
16701.0 1117.0
16980.0 1048.0
16681.0 1125.0
16971.0 1053.0
16664.0 1135.0
16841.0 1077.0
16562.0 1209.0
16787.0 1089.0
16695.0 1120.0
16742.0 1102.0
16750.0 1098.0
16669.0 1133.0
16672.0 1131.0
16597.0 1182.0
16862.0 1069.0
16850.0 1072.0
16833.0 1079.0
16971.0 1053.0
16750.0 1098.0
16758.0 1095.0
16742.0 1102.0
16717.0 1110.0
16734.0 1105.0
16862.0 1069.0
16591.0 1187.0
16672.0 1131.0
16841.0 1077.0
16573.0 1206.0
16782.0 1091.0
16766.0 1094.0
16638.0 1148.0
16774.0 1092.0
16545.0 1223.0
16530.0 1242.0
16730.0 1108.0
16646.0 1144.0
16962.0 1056.0
16577.0 1205.0
16734.0 1105.0
16573.0 1206.0
16870.0 1067.0
16811.0 1081.0
16725.0 1109.0
16758.0 1095.0
16774.0 1092.0
16766.0 1094.0
16793.0 1088.0
16664.0 1135.0
16611.0 1164.0
16620.0 1161.0
16577.0 1205.0
16701.0 1117.0
16793.0 1088.0
16716.0 1113.0
16716.0 1113.0
