13048.0 3330.0
13870.0 2664.0
13048.0 3330.0
13870.0 2664.0
13077.0 3272.0
13832.0 2668.0
13078.0 3237.0
13616.0 2727.0
13538.0 2755.0
13442.0 2796.0
13595.0 2731.0
13159.0 3038.0
13228.0 2967.0
13862.0 2665.0
13351.0 2876.0
13057.0 3306.0
13367.0 2872.0
13145.0 3056.0
13415.0 2821.0
13754.0 2683.0
13566.0 2743.0
13410.0 2830.0
13175.0 3033.0
13325.0 2902.0
13267.0 2941.0
13377.0 2851.0
13335.0 2900.0
13059.0 3294.0
13224.0 2981.0
13630.0 2719.0
13214.0 2985.0
13428.0 2814.0
13484.0 2781.0
13138.0 3069.0
13195.0 3014.0
13130.0 3091.0
13114.0 3152.0
13111.0 3154.0
13656.0 2713.0
13394.0 2834.0
13464.0 2788.0
13296.0 2926.0
13673.0 2709.0
13464.0 2788.0
13103.0 3187.0
13722.0 2695.0
13582.0 2735.0
13279.0 2931.0
13347.0 2890.0
13104.0 3169.0
13816.0 2675.0
13199.0 3000.0
13092.0 3201.0
13548.0 2747.0
13746.0 2689.0
13155.0 3052.0
13091.0 3219.0
13775.0 2682.0
13389.0 2846.0
13130.0 3091.0
13796.0 2677.0
13244.0 2962.0
13578.0 2741.0
13065.0 3283.0
13368.0 2859.0
13726.0 2691.0
13180.0 3025.0
13496.0 2769.0
13086.0 3221.0
13125.0 3106.0
13119.0 3119.0
13656.0 2713.0
13138.0 3069.0
13442.0 2796.0
13314.0 2913.0
13304.0 2915.0
13796.0 2677.0
13118.0 3134.0
13704.0 2697.0
13428.0 2814.0
13118.0 3134.0
13518.0 2761.0
13775.0 2682.0
13687.0 2701.0
13050.0 3318.0
13630.0 2719.0
13258.0 2944.0
13125.0 3106.0
13098.0 3188.0
13078.0 3237.0
13484.0 2781.0
13065.0 3283.0
13104.0 3169.0
13704.0 2697.0
13496.0 2769.0
13518.0 2761.0
13506.0 2763.0
13249.0 2954.0
13180.0 3025.0
13816.0 2675.0
