25919.0 6402.0
24850.0 7492.0
25919.0 6402.0
24850.0 7492.0
24941.0 7248.0
24944.0 7162.0
25297.0 6713.0
24923.0 7295.0
25533.0 6597.0
24878.0 7430.0
25092.0 6870.0
24912.0 7357.0
24892.0 7371.0
25883.0 6408.0
24995.0 7027.0
25485.0 6613.0
25867.0 6410.0
25035.0 6969.0
24954.0 7111.0
24968.0 7095.0
25732.0 6438.0
25747.0 6432.0
25639.0 6503.0
25557.0 6572.0
25624.0 6516.0
25665.0 6478.0
25056.0 6919.0
25167.0 6815.0
25588.0 6542.0
25543.0 6581.0
24882.0 7397.0
25682.0 6473.0
25707.0 6445.0
25022.0 6978.0
25831.0 6413.0
25686.0 6455.0
25156.0 6832.0
25041.0 6942.0
24936.0 7278.0
24855.0 7469.0
25614.0 6529.0
25455.0 6617.0
25270.0 6727.0
25657.0 6498.0
25015.0 6992.0
24920.0 7328.0
25772.0 6425.0
25503.0 6606.0
25149.0 6839.0
24984.0 7038.0
24915.0 7332.0
25802.0 6419.0
25445.0 6625.0
25252.0 6738.0
25305.0 6693.0
24887.0 7393.0
24862.0 7464.0
25802.0 6419.0
25417.0 6626.0
25118.0 6853.0
25192.0 6786.0
24937.0 7249.0
24970.0 7072.0
25321.0 6679.0
25087.0 6884.0
24865.0 7443.0
25007.0 7001.0
25231.0 6756.0
25379.0 6643.0
25586.0 6550.0
25569.0 6556.0
25077.0 6889.0
25831.0 6413.0
25252.0 6738.0
25180.0 6797.0
25270.0 6727.0
25772.0 6425.0
25705.0 6454.0
25359.0 6656.0
25341.0 6666.0
25172.0 6798.0
25216.0 6774.0
25379.0 6643.0
25341.0 6666.0
25359.0 6656.0
25118.0 6853.0
24948.0 7160.0
25321.0 6679.0
25041.0 6942.0
25399.0 6633.0
25061.0 6912.0
24972.0 7064.0
24952.0 7134.0
25399.0 6633.0
25503.0 6606.0
25131.0 6844.0
24952.0 7134.0
25192.0 6786.0
25228.0 6768.0
25216.0 6774.0
