64.0 154.0
64.0 154.0
65.0 138.0
66.0 134.0
65.0 138.0
65.0 138.0
72.0 112.0
65.0 138.0
72.0 112.0
65.0 138.0
72.0 112.0
72.0 112.0
67.0 129.0
65.0 138.0
64.0 154.0
65.0 138.0
65.0 138.0
67.0 129.0
67.0 129.0
67.0 129.0
66.0 134.0
66.0 134.0
69.0 118.0
69.0 118.0
66.0 134.0
69.0 118.0
66.0 134.0
69.0 118.0
66.0 134.0
66.0 134.0
69.0 118.0
66.0 134.0
72.0 112.0
67.0 129.0
72.0 112.0
67.0 129.0
65.0 138.0
67.0 129.0
67.0 129.0
72.0 112.0
73.0 108.0
73.0 108.0
69.0 118.0
73.0 108.0
66.0 134.0
73.0 108.0
67.0 129.0
72.0 112.0
64.0 154.0
71.0 113.0
71.0 113.0
73.0 108.0
73.0 108.0
65.0 138.0
71.0 113.0
69.0 118.0
67.0 129.0
66.0 134.0
64.0 154.0
71.0 113.0
67.0 129.0
73.0 108.0
72.0 112.0
69.0 118.0
71.0 113.0
65.0 138.0
73.0 108.0
66.0 134.0
71.0 113.0
72.0 112.0
71.0 113.0
67.0 129.0
71.0 113.0
65.0 138.0
73.0 108.0
73.0 108.0
64.0 154.0
73.0 108.0
71.0 113.0
69.0 118.0
69.0 118.0
67.0 129.0
64.0 154.0
71.0 113.0
72.0 112.0
64.0 154.0
72.0 112.0
69.0 118.0
66.0 134.0
69.0 118.0
71.0 113.0
73.0 108.0
71.0 113.0
71.0 113.0
72.0 112.0
69.0 118.0
69.0 118.0
73.0 108.0
65.0 138.0
66.0 134.0
