23.0 134.0
23.0 134.0
19.0 144.0
19.0 144.0
19.0 144.0
21.0 135.0
21.0 135.0
21.0 135.0
21.0 135.0
21.0 135.0
23.0 134.0
19.0 144.0
23.0 134.0
21.0 135.0
20.0 136.0
26.0 123.0
24.0 127.0
19.0 144.0
26.0 123.0
20.0 136.0
30.0 120.0
21.0 135.0
19.0 144.0
20.0 136.0
18.0 145.0
17.0 155.0
24.0 127.0
30.0 120.0
20.0 136.0
17.0 155.0
18.0 145.0
19.0 144.0
18.0 145.0
23.0 134.0
30.0 120.0
17.0 155.0
17.0 155.0
17.0 155.0
18.0 145.0
17.0 155.0
30.0 120.0
17.0 155.0
23.0 134.0
19.0 144.0
20.0 136.0
17.0 155.0
24.0 127.0
24.0 127.0
24.0 127.0
26.0 123.0
24.0 127.0
19.0 144.0
26.0 123.0
17.0 155.0
19.0 144.0
20.0 136.0
18.0 145.0
20.0 136.0
21.0 135.0
24.0 127.0
18.0 145.0
26.0 123.0
18.0 145.0
30.0 120.0
30.0 120.0
21.0 135.0
26.0 123.0
18.0 145.0
26.0 123.0
19.0 144.0
21.0 135.0
24.0 127.0
26.0 123.0
20.0 136.0
24.0 127.0
17.0 155.0
26.0 123.0
18.0 145.0
23.0 134.0
30.0 120.0
23.0 134.0
23.0 134.0
17.0 155.0
17.0 155.0
24.0 127.0
20.0 136.0
30.0 120.0
30.0 120.0
20.0 136.0
23.0 134.0
26.0 123.0
30.0 120.0
18.0 145.0
23.0 134.0
21.0 135.0
24.0 127.0
18.0 145.0
26.0 123.0
30.0 120.0
20.0 136.0
