54.0 141.0
53.0 143.0
61.0 127.0
54.0 141.0
45.0 177.0
54.0 141.0
48.0 166.0
48.0 166.0
61.0 127.0
61.0 127.0
46.0 175.0
53.0 143.0
53.0 143.0
59.0 129.0
45.0 177.0
61.0 127.0
48.0 166.0
59.0 129.0
59.0 129.0
61.0 127.0
52.0 145.0
50.0 156.0
61.0 127.0
46.0 175.0
48.0 166.0
52.0 145.0
58.0 134.0
49.0 163.0
57.0 136.0
44.0 198.0
45.0 177.0
49.0 163.0
50.0 156.0
59.0 129.0
58.0 134.0
49.0 163.0
51.0 147.0
53.0 143.0
51.0 147.0
51.0 147.0
57.0 136.0
57.0 136.0
45.0 177.0
47.0 167.0
58.0 134.0
50.0 156.0
51.0 147.0
49.0 163.0
58.0 134.0
57.0 136.0
46.0 175.0
49.0 163.0
54.0 141.0
52.0 145.0
51.0 147.0
46.0 175.0
59.0 129.0
45.0 177.0
52.0 145.0
46.0 175.0
48.0 166.0
47.0 167.0
53.0 143.0
57.0 136.0
47.0 167.0
53.0 143.0
45.0 177.0
50.0 156.0
55.0 140.0
57.0 136.0
59.0 129.0
46.0 175.0
46.0 175.0
48.0 166.0
49.0 163.0
52.0 145.0
55.0 140.0
58.0 134.0
59.0 129.0
47.0 167.0
50.0 156.0
47.0 167.0
54.0 141.0
58.0 134.0
47.0 167.0
55.0 140.0
55.0 140.0
50.0 156.0
57.0 136.0
50.0 156.0
55.0 140.0
52.0 145.0
54.0 141.0
45.0 177.0
55.0 140.0
61.0 127.0
51.0 147.0
58.0 134.0
51.0 147.0
49.0 163.0
