1332.0 312.0
1332.0 312.0
1332.0 312.0
1332.0 312.0
1378.0 308.0
1378.0 308.0
1240.0 343.0
1422.0 299.0
1378.0 308.0
1358.0 309.0
1170.0 381.0
1170.0 381.0
1504.0 293.0
1190.0 360.0
1316.0 313.0
1304.0 316.0
1354.0 311.0
1304.0 316.0
1170.0 381.0
1180.0 375.0
1316.0 313.0
1358.0 309.0
1416.0 300.0
1416.0 300.0
1250.0 341.0
1504.0 293.0
1388.0 304.0
1354.0 311.0
1358.0 309.0
1168.0 389.0
1448.0 294.0
1416.0 300.0
1512.0 291.0
1214.0 356.0
1250.0 341.0
1354.0 311.0
1180.0 375.0
1168.0 389.0
1388.0 304.0
1512.0 291.0
1358.0 309.0
1250.0 341.0
1304.0 316.0
1316.0 313.0
1222.0 346.0
1180.0 375.0
1442.0 298.0
1222.0 346.0
1448.0 294.0
1286.0 318.0
1304.0 316.0
1214.0 356.0
1388.0 304.0
1504.0 293.0
1378.0 308.0
1252.0 335.0
1258.0 327.0
1180.0 375.0
1252.0 335.0
1442.0 298.0
1408.0 302.0
1240.0 343.0
1382.0 305.0
1258.0 327.0
1252.0 335.0
1214.0 356.0
1382.0 305.0
1258.0 327.0
1214.0 356.0
1214.0 356.0
1168.0 389.0
1252.0 335.0
1222.0 346.0
1286.0 318.0
1250.0 341.0
1442.0 298.0
1416.0 300.0
1448.0 294.0
1512.0 291.0
1286.0 318.0
1240.0 343.0
1442.0 298.0
1316.0 313.0
1222.0 346.0
1382.0 305.0
1286.0 318.0
1408.0 302.0
1388.0 304.0
1512.0 291.0
1408.0 302.0
1286.0 318.0
1408.0 302.0
1170.0 381.0
1504.0 293.0
1258.0 327.0
1240.0 343.0
1354.0 311.0
1448.0 294.0
1382.0 305.0
1168.0 389.0
