920.0 94.0
920.0 94.0
992.0 58.0
1060.0 50.0
992.0 58.0
956.0 64.0
920.0 94.0
1060.0 50.0
992.0 58.0
992.0 58.0
1004.0 56.0
1038.0 52.0
920.0 94.0
1004.0 56.0
944.0 71.0
1050.0 51.0
956.0 64.0
956.0 64.0
944.0 71.0
1038.0 52.0
1050.0 51.0
1060.0 50.0
1060.0 50.0
1038.0 52.0
942.0 79.0
1050.0 51.0
944.0 71.0
1050.0 51.0
992.0 58.0
1060.0 50.0
942.0 79.0
926.0 80.0
1038.0 52.0
980.0 62.0
1004.0 56.0
980.0 62.0
992.0 58.0
920.0 94.0
980.0 62.0
942.0 79.0
960.0 63.0
1038.0 52.0
926.0 80.0
942.0 79.0
960.0 63.0
920.0 94.0
960.0 63.0
942.0 79.0
1060.0 50.0
1038.0 52.0
980.0 62.0
1014.0 53.0
942.0 79.0
960.0 63.0
926.0 80.0
926.0 80.0
1014.0 53.0
960.0 63.0
920.0 94.0
980.0 62.0
1004.0 56.0
960.0 63.0
980.0 62.0
944.0 71.0
956.0 64.0
926.0 80.0
1050.0 51.0
980.0 62.0
992.0 58.0
942.0 79.0
1014.0 53.0
956.0 64.0
926.0 80.0
1014.0 53.0
980.0 62.0
1004.0 56.0
1050.0 51.0
944.0 71.0
944.0 71.0
1050.0 51.0
1060.0 50.0
1038.0 52.0
956.0 64.0
1014.0 53.0
1050.0 51.0
1038.0 52.0
1060.0 50.0
1014.0 53.0
944.0 71.0
926.0 80.0
926.0 80.0
992.0 58.0
956.0 64.0
920.0 94.0
1004.0 56.0
1004.0 56.0
960.0 63.0
1014.0 53.0
1004.0 56.0
1014.0 53.0
