1506.0 307.0
1547.0 294.0
1572.0 279.0
1549.0 287.0
1517.0 305.0
1499.0 321.0
1547.0 294.0
1549.0 287.0
1506.0 307.0
1572.0 279.0
1549.0 287.0
1549.0 287.0
1572.0 279.0
1547.0 294.0
1549.0 287.0
1499.0 321.0
1517.0 305.0
1568.0 283.0
1705.0 252.0
1572.0 279.0
1521.0 297.0
1611.0 268.0
1572.0 279.0
1506.0 307.0
1643.0 260.0
1521.0 297.0
1611.0 268.0
1485.0 347.0
1497.0 323.0
1531.0 295.0
1579.0 275.0
1494.0 335.0
1504.0 319.0
1705.0 252.0
1632.0 265.0
1632.0 265.0
1705.0 252.0
1497.0 323.0
1485.0 347.0
1497.0 323.0
1521.0 297.0
1494.0 335.0
1643.0 260.0
1497.0 323.0
1521.0 297.0
1517.0 305.0
1643.0 260.0
1504.0 319.0
1667.0 256.0
1497.0 323.0
1635.0 264.0
1494.0 335.0
1547.0 294.0
1531.0 295.0
1485.0 347.0
1506.0 307.0
1547.0 294.0
1611.0 268.0
1531.0 295.0
1531.0 295.0
1632.0 265.0
1603.0 273.0
1603.0 273.0
1494.0 335.0
1635.0 264.0
1485.0 347.0
1504.0 319.0
1632.0 265.0
1504.0 319.0
1579.0 275.0
1579.0 275.0
1611.0 268.0
1643.0 260.0
1667.0 256.0
1667.0 256.0
1635.0 264.0
1635.0 264.0
1499.0 321.0
1494.0 335.0
1667.0 256.0
1506.0 307.0
1517.0 305.0
1667.0 256.0
1603.0 273.0
1705.0 252.0
1579.0 275.0
1504.0 319.0
1705.0 252.0
1611.0 268.0
1603.0 273.0
1499.0 321.0
1635.0 264.0
1531.0 295.0
1603.0 273.0
1485.0 347.0
1521.0 297.0
1517.0 305.0
1579.0 275.0
1632.0 265.0
1643.0 260.0
