2458.0 200.0
2458.0 200.0
2458.0 200.0
2458.0 200.0
2458.0 200.0
2458.0 200.0
2472.0 181.0
2455.0 206.0
2455.0 206.0
2458.0 200.0
2472.0 181.0
2455.0 206.0
2472.0 181.0
2512.0 166.0
2487.0 177.0
2487.0 177.0
2467.0 198.0
2487.0 177.0
2472.0 181.0
2512.0 166.0
2512.0 166.0
2487.0 177.0
2458.0 200.0
2472.0 181.0
2512.0 166.0
2506.0 168.0
2467.0 198.0
2494.0 169.0
2506.0 168.0
2506.0 168.0
2487.0 177.0
2455.0 206.0
2494.0 169.0
2494.0 169.0
2455.0 206.0
2481.0 179.0
2467.0 198.0
2494.0 169.0
2487.0 177.0
2512.0 166.0
2467.0 198.0
2481.0 179.0
2467.0 198.0
2512.0 166.0
2512.0 166.0
2481.0 179.0
2506.0 168.0
2467.0 198.0
2506.0 168.0
2472.0 181.0
2487.0 177.0
2519.0 158.0
2467.0 198.0
2519.0 158.0
2472.0 181.0
2519.0 158.0
2455.0 206.0
2472.0 181.0
2487.0 177.0
2506.0 168.0
2455.0 206.0
2481.0 179.0
2506.0 168.0
2512.0 166.0
2472.0 181.0
2494.0 169.0
2519.0 158.0
2481.0 179.0
2481.0 179.0
2494.0 169.0
2519.0 158.0
2519.0 158.0
2467.0 198.0
2519.0 158.0
2494.0 169.0
2494.0 169.0
2512.0 166.0
2467.0 198.0
2455.0 206.0
2481.0 179.0
2512.0 166.0
2519.0 158.0
2487.0 177.0
2494.0 169.0
2455.0 206.0
2506.0 168.0
2455.0 206.0
2472.0 181.0
2458.0 200.0
2519.0 158.0
2487.0 177.0
2494.0 169.0
2519.0 158.0
2481.0 179.0
2481.0 179.0
2506.0 168.0
2481.0 179.0
2458.0 200.0
2506.0 168.0
2467.0 198.0
