8096.0 1109.0
8096.0 1109.0
8310.0 1008.0
8086.0 1116.0
8205.0 1045.0
8091.0 1114.0
8356.0 994.0
8356.0 994.0
8032.0 1187.0
8166.0 1064.0
8231.0 1034.0
8205.0 1045.0
8078.0 1118.0
8078.0 1118.0
8132.0 1079.0
8231.0 1034.0
8212.0 1044.0
8166.0 1064.0
8212.0 1044.0
8310.0 1008.0
8091.0 1114.0
8126.0 1081.0
8032.0 1187.0
8126.0 1081.0
8132.0 1079.0
8101.0 1107.0
8032.0 1187.0
8062.0 1127.0
8146.0 1071.0
8118.0 1088.0
8051.0 1144.0
8055.0 1139.0
8193.0 1050.0
8062.0 1127.0
8086.0 1116.0
8369.0 984.0
8068.0 1125.0
8298.0 1013.0
8311.0 1002.0
8289.0 1014.0
8144.0 1074.0
8101.0 1107.0
8053.0 1142.0
8072.0 1120.0
8369.0 984.0
8311.0 1002.0
8277.0 1022.0
8139.0 1078.0
8154.0 1067.0
8068.0 1125.0
8051.0 1144.0
8154.0 1067.0
8289.0 1014.0
8104.0 1098.0
8072.0 1120.0
8045.0 1146.0
8231.0 1034.0
8042.0 1159.0
8268.0 1023.0
8268.0 1023.0
8045.0 1146.0
8168.0 1059.0
8118.0 1088.0
8055.0 1139.0
8278.0 1016.0
8287.0 1015.0
8158.0 1066.0
8108.0 1095.0
8139.0 1078.0
8036.0 1161.0
8287.0 1015.0
8215.0 1038.0
8320.0 1001.0
8256.0 1028.0
8301.0 1009.0
8193.0 1050.0
8100.0 1108.0
8278.0 1016.0
8114.0 1091.0
8144.0 1074.0
8114.0 1091.0
8277.0 1022.0
8053.0 1142.0
8158.0 1066.0
8182.0 1052.0
8100.0 1108.0
8061.0 1137.0
8256.0 1028.0
8108.0 1095.0
8168.0 1059.0
8369.0 984.0
8061.0 1137.0
8146.0 1071.0
8301.0 1009.0
8104.0 1098.0
8320.0 1001.0
8036.0 1161.0
8042.0 1159.0
8215.0 1038.0
8182.0 1052.0
