524.0 1351.0
525.0 1326.0
526.0 1304.0
527.0 1303.0
528.0 1299.0
529.0 1294.0
530.0 1286.0
531.0 1279.0
532.0 1272.0
533.0 1266.0
534.0 1257.0
535.0 1253.0
536.0 1244.0
539.0 1238.0
540.0 1237.0
541.0 1231.0
542.0 1227.0
543.0 1218.0
545.0 1214.0
546.0 1210.0
548.0 1201.0
550.0 1197.0
551.0 1196.0
552.0 1190.0
553.0 1183.0
555.0 1179.0
556.0 1172.0
558.0 1168.0
559.0 1163.0
560.0 1162.0
561.0 1155.0
563.0 1151.0
564.0 1146.0
566.0 1143.0
568.0 1138.0
569.0 1134.0
571.0 1129.0
574.0 1124.0
576.0 1119.0
579.0 1115.0
581.0 1112.0
585.0 1111.0
587.0 1106.0
588.0 1101.0
590.0 1100.0
591.0 1095.0
592.0 1090.0
595.0 1085.0
596.0 1084.0
600.0 1080.0
601.0 1075.0
604.0 1074.0
606.0 1073.0
607.0 1069.0
617.0 1068.0
619.0 1066.0
621.0 1062.0
623.0 1060.0
625.0 1055.0
