845.0 1049.0
846.0 1035.0
847.0 1025.0
848.0 993.0
849.0 955.0
850.0 947.0
851.0 942.0
852.0 935.0
853.0 931.0
854.0 924.0
855.0 915.0
856.0 903.0
857.0 890.0
858.0 878.0
859.0 868.0
860.0 860.0
861.0 850.0
862.0 842.0
863.0 836.0
864.0 834.0
865.0 831.0
866.0 825.0
867.0 821.0
868.0 815.0
869.0 814.0
870.0 808.0
871.0 807.0
872.0 804.0
873.0 803.0
874.0 798.0
875.0 795.0
876.0 794.0
877.0 792.0
879.0 790.0
880.0 789.0
882.0 787.0
884.0 786.0
885.0 782.0
886.0 777.0
888.0 772.0
890.0 770.0
892.0 766.0
895.0 762.0
896.0 758.0
899.0 756.0
907.0 754.0
909.0 753.0
