99.0 1205.0
100.0 1190.0
101.0 1188.0
102.0 1173.0
103.0 1160.0
104.0 1104.0
105.0 1097.0
106.0 1074.0
107.0 1065.0
108.0 1051.0
109.0 1041.0
110.0 1034.0
111.0 1021.0
112.0 1011.0
113.0 1004.0
115.0 1003.0
116.0 996.0
117.0 988.0
118.0 982.0
119.0 980.0
120.0 976.0
121.0 970.0
122.0 964.0
123.0 962.0
124.0 952.0
125.0 950.0
126.0 946.0
127.0 938.0
129.0 933.0
130.0 932.0
131.0 925.0
132.0 924.0
133.0 921.0
134.0 918.0
135.0 914.0
136.0 910.0
137.0 905.0
138.0 904.0
139.0 897.0
140.0 896.0
141.0 893.0
142.0 891.0
143.0 886.0
144.0 885.0
145.0 883.0
147.0 880.0
148.0 879.0
150.0 876.0
151.0 875.0
152.0 867.0
153.0 866.0
154.0 861.0
158.0 854.0
171.0 853.0
173.0 849.0
