325.0 1190.0
326.0 1185.0
327.0 1173.0
328.0 1129.0
330.0 1090.0
332.0 1087.0
333.0 1073.0
334.0 1072.0
335.0 1053.0
336.0 1048.0
337.0 1044.0
338.0 1036.0
339.0 1031.0
340.0 1028.0
341.0 1025.0
342.0 1016.0
343.0 1011.0
345.0 1005.0
346.0 997.0
348.0 985.0
350.0 975.0
351.0 973.0
352.0 963.0
353.0 961.0
354.0 953.0
356.0 949.0
357.0 945.0
358.0 941.0
359.0 932.0
360.0 923.0
361.0 920.0
362.0 911.0
363.0 909.0
368.0 895.0
370.0 894.0
372.0 892.0
374.0 889.0
375.0 886.0
377.0 885.0
378.0 883.0
381.0 874.0
382.0 871.0
384.0 870.0
385.0 865.0
387.0 864.0
389.0 857.0
391.0 856.0
393.0 854.0
395.0 851.0
397.0 848.0
399.0 845.0
402.0 844.0
403.0 843.0
404.0 840.0
408.0 832.0
411.0 829.0
413.0 828.0
414.0 827.0
415.0 825.0
417.0 823.0
421.0 821.0
422.0 819.0
423.0 818.0
