2608.0 646.0
2612.0 640.0
2614.0 636.0
2618.0 630.0
2622.0 628.0
2632.0 626.0
2638.0 623.0
2642.0 617.0
2646.0 615.0
2648.0 611.0
2662.0 610.0
2666.0 608.0
2668.0 597.0
2672.0 589.0
2712.0 585.0
2714.0 584.0
2716.0 580.0
2730.0 572.0
2744.0 569.0
2748.0 561.0
2760.0 559.0
2782.0 552.0
2792.0 540.0
2796.0 539.0
2798.0 535.0
2818.0 528.0
2820.0 524.0
2848.0 522.0
2856.0 520.0
2866.0 517.0
2870.0 511.0
2900.0 510.0
2906.0 507.0
2942.0 505.0
2946.0 503.0
2980.0 499.0
3004.0 496.0
3034.0 494.0
3056.0 493.0
3066.0 492.0
3068.0 490.0
