16477.0 1396.0
16483.0 1382.0
16488.0 1381.0
16494.0 1367.0
16500.0 1364.0
16501.0 1323.0
16507.0 1308.0
16516.0 1301.0
16518.0 1293.0
16527.0 1286.0
16529.0 1280.0
16531.0 1268.0
16539.0 1266.0
16540.0 1252.0
16546.0 1247.0
16551.0 1245.0
16559.0 1243.0
16560.0 1229.0
16566.0 1224.0
16576.0 1223.0
16577.0 1218.0
16578.0 1210.0
16580.0 1208.0
16581.0 1200.0
16582.0 1193.0
16596.0 1191.0
16597.0 1184.0
16606.0 1181.0
16609.0 1179.0
16618.0 1178.0
16619.0 1174.0
16620.0 1167.0
16629.0 1166.0
16635.0 1164.0
16646.0 1163.0
16652.0 1161.0
16659.0 1159.0
16663.0 1152.0
16671.0 1150.0
16675.0 1148.0
16677.0 1147.0
16687.0 1146.0
16689.0 1145.0
16690.0 1138.0
16698.0 1136.0
16702.0 1134.0
16711.0 1128.0
16715.0 1122.0
16722.0 1121.0
16725.0 1119.0
16727.0 1118.0
16728.0 1117.0
16733.0 1113.0
16736.0 1112.0
16737.0 1099.0
16748.0 1092.0
16765.0 1089.0
16775.0 1088.0
16776.0 1082.0
16792.0 1081.0
16803.0 1074.0
16818.0 1073.0
16820.0 1071.0
16831.0 1064.0
16862.0 1059.0
16896.0 1058.0
16900.0 1056.0
16911.0 1053.0
16940.0 1052.0
16944.0 1050.0
16947.0 1049.0
16949.0 1047.0
16955.0 1045.0
16968.0 1042.0
16977.0 1037.0
16993.0 1036.0
17002.0 1033.0
17018.0 1032.0
17051.0 1031.0
17053.0 1030.0
17102.0 1028.0
17103.0 1026.0
17119.0 1025.0
17154.0 1023.0
17385.0 1021.0
17432.0 1020.0
