12923.0 3313.0
12931.0 3292.0
12937.0 3286.0
12939.0 3284.0
12945.0 3278.0
12950.0 3274.0
12951.0 3255.0
12955.0 3246.0
12959.0 3222.0
12967.0 3214.0
12973.0 3205.0
12978.0 3204.0
12979.0 3203.0
12981.0 3197.0
12984.0 3191.0
12990.0 3189.0
12991.0 3186.0
12993.0 3181.0
12998.0 3175.0
13003.0 3171.0
13004.0 3163.0
13010.0 3161.0
13011.0 3146.0
13013.0 3138.0
13015.0 3114.0
13021.0 3104.0
13031.0 3100.0
13033.0 3096.0
13039.0 3093.0
13040.0 3091.0
13043.0 3090.0
13046.0 3081.0
13049.0 3080.0
13054.0 3079.0
13055.0 3072.0
13063.0 3070.0
13067.0 3064.0
13072.0 3059.0
13075.0 3057.0
13081.0 3050.0
13085.0 3049.0
13091.0 3048.0
13093.0 3046.0
13097.0 3045.0
13098.0 3042.0
13099.0 3035.0
13103.0 3033.0
13104.0 3032.0
13110.0 3026.0
13122.0 3021.0
13123.0 3016.0
13128.0 3015.0
13129.0 3009.0
13142.0 3008.0
13147.0 2998.0
13148.0 2993.0
13162.0 2992.0
13166.0 2991.0
13167.0 2990.0
13169.0 2985.0
13173.0 2984.0
13182.0 2980.0
13187.0 2974.0
13188.0 2969.0
13192.0 2967.0
13206.0 2961.0
13207.0 2957.0
13221.0 2951.0
13228.0 2950.0
13232.0 2943.0
13243.0 2942.0
13244.0 2935.0
13247.0 2933.0
13251.0 2926.0
13259.0 2919.0
13260.0 2915.0
13261.0 2911.0
13267.0 2910.0
13269.0 2904.0
13270.0 2898.0
13277.0 2895.0
13278.0 2891.0
13279.0 2887.0
13286.0 2882.0
13287.0 2881.0
13294.0 2875.0
13295.0 2871.0
13296.0 2870.0
13297.0 2866.0
13303.0 2865.0
13305.0 2859.0
13306.0 2853.0
13313.0 2850.0
13314.0 2846.0
13315.0 2842.0
13322.0 2837.0
13330.0 2830.0
13331.0 2826.0
13343.0 2824.0
13347.0 2822.0
13352.0 2813.0
13360.0 2812.0
13370.0 2811.0
13373.0 2809.0
13374.0 2808.0
13375.0 2806.0
13382.0 2804.0
13385.0 2801.0
13389.0 2799.0
13390.0 2792.0
13391.0 2790.0
13399.0 2789.0
13408.0 2781.0
13416.0 2780.0
13426.0 2779.0
13430.0 2777.0
13438.0 2776.0
13441.0 2769.0
13449.0 2768.0
13459.0 2767.0
13465.0 2765.0
13473.0 2764.0
13481.0 2763.0
13482.0 2759.0
13490.0 2758.0
13491.0 2756.0
13499.0 2755.0
13509.0 2748.0
13517.0 2747.0
13518.0 2745.0
13524.0 2744.0
13530.0 2742.0
13541.0 2741.0
13544.0 2739.0
13548.0 2732.0
13553.0 2729.0
13568.0 2728.0
13569.0 2725.0
13571.0 2719.0
13588.0 2716.0
13591.0 2715.0
13592.0 2712.0
13606.0 2710.0
13609.0 2709.0
13611.0 2703.0
13622.0 2701.0
13631.0 2699.0
13632.0 2696.0
13643.0 2694.0
13648.0 2690.0
13658.0 2687.0
13662.0 2685.0
13667.0 2682.0
13675.0 2681.0
13677.0 2680.0
13682.0 2678.0
13686.0 2673.0
13691.0 2671.0
13696.0 2664.0
13714.0 2662.0
13716.0 2660.0
13717.0 2657.0
13725.0 2653.0
13752.0 2652.0
13755.0 2651.0
13761.0 2649.0
13779.0 2647.0
13784.0 2645.0
13799.0 2644.0
13802.0 2640.0
13816.0 2638.0
13826.0 2636.0
13840.0 2634.0
13862.0 2632.0
13878.0 2630.0
13880.0 2629.0
13900.0 2627.0
13906.0 2624.0
13912.0 2623.0
13918.0 2620.0
13923.0 2618.0
13940.0 2614.0
13955.0 2612.0
13965.0 2611.0
13972.0 2608.0
13996.0 2605.0
14020.0 2603.0
14035.0 2600.0
14059.0 2597.0
14071.0 2596.0
14095.0 2593.0
14247.0 2592.0
