24711.0 7690.0
24716.0 7681.0
24719.0 7677.0
24723.0 7659.0
24728.0 7650.0
24731.0 7646.0
24735.0 7637.0
24740.0 7634.0
24743.0 7624.0
24744.0 7616.0
24749.0 7607.0
24752.0 7603.0
24754.0 7595.0
24757.0 7594.0
24759.0 7585.0
24761.0 7584.0
24763.0 7582.0
24765.0 7576.0
24766.0 7564.0
24768.0 7558.0
24769.0 7550.0
24771.0 7543.0
24772.0 7537.0
24774.0 7531.0
24776.0 7529.0
24777.0 7516.0
24779.0 7511.0
24780.0 7503.0
24782.0 7500.0
24785.0 7485.0
24790.0 7484.0
24791.0 7480.0
24792.0 7472.0
24794.0 7466.0
24797.0 7454.0
24802.0 7453.0
24803.0 7447.0
24804.0 7441.0
24806.0 7435.0
24809.0 7424.0
24813.0 7419.0
24815.0 7416.0
24820.0 7415.0
24822.0 7403.0
24824.0 7397.0
24825.0 7388.0
24831.0 7386.0
24832.0 7380.0
24833.0 7379.0
24835.0 7372.0
24839.0 7367.0
24840.0 7363.0
24843.0 7355.0
24844.0 7349.0
24845.0 7348.0
24847.0 7341.0
24851.0 7336.0
24854.0 7333.0
24857.0 7325.0
24864.0 7319.0
24866.0 7312.0
24870.0 7307.0
24875.0 7303.0
24876.0 7296.0
24881.0 7292.0
24884.0 7290.0
24886.0 7285.0
24889.0 7279.0
24894.0 7274.0
24898.0 7271.0
24899.0 7269.0
24900.0 7263.0
24905.0 7256.0
24911.0 7253.0
24915.0 7251.0
24916.0 7241.0
24918.0 7237.0
24921.0 7234.0
24923.0 7230.0
24924.0 7228.0
24928.0 7223.0
24929.0 7221.0
24935.0 7214.0
24939.0 7212.0
24940.0 7202.0
24942.0 7200.0
24944.0 7196.0
24945.0 7195.0
24947.0 7192.0
24948.0 7189.0
24952.0 7185.0
24953.0 7182.0
24959.0 7179.0
24961.0 7178.0
24962.0 7177.0
24964.0 7172.0
24966.0 7161.0
24968.0 7157.0
24971.0 7154.0
24973.0 7150.0
24980.0 7149.0
24985.0 7148.0
24986.0 7146.0
24987.0 7144.0
24990.0 7141.0
24991.0 7138.0
24993.0 7125.0
24995.0 7124.0
24997.0 7117.0
25002.0 7112.0
25007.0 7109.0
25008.0 7106.0
25010.0 7094.0
25012.0 7089.0
25016.0 7084.0
25017.0 7083.0
25021.0 7078.0
25025.0 7077.0
25026.0 7067.0
25030.0 7062.0
25032.0 7061.0
25033.0 7057.0
25034.0 7049.0
25039.0 7044.0
25044.0 7042.0
25046.0 7033.0
25048.0 7021.0
25053.0 7016.0
25056.0 7015.0
25058.0 7014.0
25061.0 7010.0
25065.0 7005.0
25069.0 7004.0
25070.0 7000.0
25075.0 6998.0
25079.0 6992.0
25083.0 6990.0
25084.0 6987.0
25089.0 6985.0
25092.0 6983.0
25093.0 6977.0
25095.0 6976.0
25096.0 6974.0
25098.0 6972.0
25099.0 6963.0
25104.0 6961.0
25107.0 6960.0
25108.0 6951.0
25111.0 6947.0
25115.0 6945.0
25116.0 6943.0
25117.0 6939.0
25118.0 6938.0
25119.0 6932.0
25123.0 6931.0
25124.0 6930.0
25125.0 6929.0
25127.0 6923.0
25128.0 6922.0
25129.0 6921.0
25132.0 6916.0
25133.0 6915.0
25135.0 6913.0
25138.0 6907.0
25140.0 6901.0
25145.0 6899.0
25147.0 6898.0
25148.0 6891.0
25153.0 6889.0
25155.0 6888.0
25156.0 6883.0
25161.0 6881.0
25163.0 6880.0
25168.0 6878.0
25170.0 6875.0
25171.0 6871.0
25176.0 6869.0
25178.0 6867.0
25182.0 6862.0
25186.0 6856.0
25190.0 6854.0
25191.0 6853.0
25195.0 6848.0
25199.0 6845.0
25204.0 6843.0
25206.0 6840.0
25210.0 6838.0
25213.0 6837.0
25214.0 6832.0
25219.0 6830.0
25221.0 6829.0
25223.0 6824.0
25230.0 6821.0
25236.0 6819.0
25238.0 6818.0
25243.0 6817.0
25244.0 6812.0
25248.0 6810.0
25251.0 6809.0
25252.0 6804.0
25259.0 6801.0
25260.0 6799.0
25262.0 6796.0
25268.0 6795.0
25269.0 6794.0
25270.0 6792.0
25272.0 6789.0
25276.0 6786.0
25277.0 6783.0
25279.0 6780.0
25286.0 6778.0
25287.0 6777.0
25289.0 6774.0
25294.0 6772.0
25295.0 6770.0
25296.0 6769.0
25299.0 6768.0
25302.0 6766.0
25303.0 6765.0
25306.0 6757.0
25309.0 6756.0
25313.0 6753.0
25314.0 6752.0
25317.0 6751.0
25319.0 6748.0
25322.0 6744.0
25325.0 6743.0
25328.0 6742.0
25330.0 6740.0
25333.0 6731.0
25336.0 6730.0
25340.0 6729.0
25343.0 6728.0
25344.0 6722.0
25347.0 6721.0
25351.0 6720.0
25354.0 6719.0
25357.0 6713.0
25364.0 6711.0
25373.0 6704.0
25378.0 6703.0
25380.0 6702.0
25384.0 6695.0
25391.0 6693.0
25403.0 6688.0
25406.0 6686.0
25407.0 6685.0
25414.0 6684.0
25415.0 6683.0
25419.0 6679.0
25424.0 6678.0
25427.0 6677.0
25428.0 6675.0
25430.0 6670.0
25438.0 6668.0
25444.0 6666.0
25445.0 6665.0
25452.0 6662.0
25453.0 6661.0
25454.0 6660.0
25455.0 6657.0
25457.0 6656.0
25461.0 6654.0
25463.0 6653.0
25465.0 6652.0
25466.0 6651.0
25468.0 6649.0
25469.0 6648.0
25472.0 6644.0
25478.0 6641.0
25484.0 6638.0
25487.0 6636.0
25488.0 6634.0
25492.0 6633.0
25493.0 6630.0
25496.0 6629.0
25498.0 6628.0
25499.0 6627.0
25501.0 6625.0
25502.0 6624.0
25505.0 6620.0
25512.0 6619.0
25513.0 6617.0
25517.0 6614.0
25521.0 6610.0
25526.0 6606.0
25533.0 6604.0
25534.0 6603.0
25538.0 6601.0
25539.0 6600.0
25542.0 6596.0
25549.0 6595.0
25550.0 6593.0
25554.0 6592.0
25555.0 6591.0
25558.0 6590.0
25560.0 6587.0
25562.0 6586.0
25565.0 6585.0
25566.0 6584.0
25569.0 6580.0
25572.0 6579.0
25574.0 6576.0
25581.0 6574.0
25584.0 6571.0
25585.0 6569.0
25587.0 6566.0
25594.0 6565.0
25595.0 6563.0
25597.0 6560.0
25604.0 6558.0
25607.0 6555.0
25608.0 6553.0
25610.0 6550.0
25617.0 6549.0
25621.0 6547.0
25625.0 6546.0
25627.0 6543.0
25631.0 6541.0
25637.0 6538.0
25640.0 6536.0
25644.0 6531.0
25651.0 6530.0
25657.0 6528.0
25661.0 6524.0
25668.0 6523.0
25671.0 6519.0
25678.0 6518.0
25684.0 6516.0
25688.0 6512.0
25691.0 6511.0
25697.0 6510.0
25701.0 6509.0
25703.0 6507.0
25708.0 6504.0
25714.0 6503.0
25717.0 6502.0
25721.0 6501.0
25723.0 6499.0
25729.0 6498.0
25732.0 6496.0
25734.0 6495.0
25741.0 6494.0
25745.0 6493.0
25747.0 6492.0
25749.0 6490.0
25756.0 6489.0
25758.0 6487.0
25765.0 6486.0
25771.0 6484.0
25781.0 6483.0
25786.0 6482.0
25787.0 6481.0
25788.0 6480.0
25795.0 6479.0
25797.0 6477.0
25804.0 6476.0
25810.0 6474.0
25820.0 6473.0
25826.0 6471.0
25837.0 6469.0
25841.0 6467.0
25848.0 6466.0
25854.0 6464.0
25864.0 6460.0
25879.0 6456.0
25884.0 6453.0
25894.0 6449.0
25901.0 6448.0
25902.0 6443.0
25914.0 6442.0
25916.0 6441.0
25917.0 6436.0
25935.0 6435.0
25936.0 6434.0
25937.0 6429.0
25956.0 6428.0
25957.0 6426.0
25967.0 6422.0
25972.0 6419.0
25994.0 6418.0
25996.0 6412.0
26009.0 6411.0
26011.0 6405.0
26026.0 6402.0
26029.0 6400.0
26031.0 6398.0
26037.0 6397.0
26041.0 6396.0
26043.0 6395.0
26044.0 6393.0
26048.0 6392.0
26050.0 6391.0
26052.0 6390.0
26056.0 6389.0
26058.0 6388.0
26060.0 6387.0
26063.0 6385.0
26066.0 6379.0
26074.0 6376.0
26081.0 6372.0
26089.0 6369.0
26100.0 6368.0
26101.0 6365.0
26107.0 6364.0
26109.0 6362.0
26115.0 6361.0
26121.0 6359.0
26127.0 6357.0
26129.0 6356.0
26135.0 6354.0
26141.0 6352.0
26147.0 6351.0
26149.0 6349.0
26155.0 6348.0
26157.0 6347.0
26160.0 6341.0
26170.0 6339.0
26180.0 6334.0
26186.0 6333.0
26190.0 6332.0
26196.0 6331.0
26206.0 6326.0
26215.0 6324.0
26225.0 6322.0
26231.0 6320.0
26232.0 6318.0
26236.0 6317.0
26241.0 6316.0
26247.0 6315.0
26248.0 6313.0
26252.0 6312.0
26255.0 6309.0
26262.0 6308.0
26270.0 6307.0
26271.0 6304.0
26278.0 6303.0
26281.0 6300.0
26289.0 6299.0
26297.0 6295.0
26305.0 6294.0
26324.0 6290.0
26343.0 6289.0
26348.0 6287.0
26356.0 6286.0
26364.0 6285.0
26372.0 6284.0
26373.0 6281.0
26380.0 6280.0
26383.0 6277.0
26391.0 6276.0
26399.0 6272.0
26407.0 6271.0
26415.0 6270.0
26423.0 6269.0
26424.0 6268.0
26426.0 6267.0
26431.0 6265.0
26439.0 6264.0
26451.0 6263.0
26458.0 6260.0
26474.0 6258.0
26480.0 6255.0
26499.0 6253.0
26505.0 6251.0
26512.0 6248.0
26521.0 6247.0
26529.0 6246.0
26546.0 6245.0
26548.0 6242.0
26556.0 6241.0
26559.0 6240.0
26566.0 6239.0
26569.0 6238.0
26577.0 6237.0
26587.0 6236.0
26588.0 6234.0
26596.0 6233.0
26598.0 6232.0
26606.0 6231.0
26616.0 6230.0
26624.0 6228.0
26625.0 6227.0
26642.0 6226.0
26643.0 6225.0
26669.0 6223.0
26676.0 6222.0
26677.0 6221.0
26710.0 6219.0
26750.0 6218.0
26793.0 6217.0
