56.0 52.0
60.0 46.0
60.0 46.0
56.0 52.0
56.0 52.0
41.0 89.0
60.0 46.0
57.0 50.0
56.0 52.0
60.0 46.0
57.0 50.0
52.0 54.0
41.0 89.0
41.0 89.0
63.0 44.0
42.0 83.0
63.0 44.0
63.0 44.0
43.0 79.0
52.0 54.0
43.0 79.0
45.0 70.0
45.0 70.0
45.0 70.0
63.0 44.0
52.0 54.0
42.0 83.0
52.0 54.0
60.0 46.0
43.0 79.0
42.0 83.0
49.0 59.0
63.0 44.0
49.0 59.0
56.0 52.0
41.0 89.0
45.0 70.0
58.0 49.0
41.0 89.0
43.0 79.0
52.0 54.0
42.0 83.0
57.0 50.0
42.0 83.0
49.0 59.0
49.0 59.0
56.0 52.0
44.0 76.0
57.0 50.0
41.0 89.0
44.0 76.0
50.0 56.0
49.0 59.0
52.0 54.0
58.0 49.0
58.0 49.0
50.0 56.0
43.0 79.0
46.0 67.0
46.0 67.0
44.0 76.0
52.0 54.0
42.0 83.0
57.0 50.0
58.0 49.0
50.0 56.0
58.0 49.0
46.0 67.0
41.0 89.0
47.0 61.0
45.0 70.0
47.0 61.0
60.0 46.0
50.0 56.0
45.0 70.0
49.0 59.0
60.0 46.0
63.0 44.0
42.0 83.0
46.0 67.0
47.0 61.0
44.0 76.0
43.0 79.0
50.0 56.0
63.0 44.0
44.0 76.0
46.0 67.0
50.0 56.0
47.0 61.0
43.0 79.0
57.0 50.0
46.0 67.0
47.0 61.0
44.0 76.0
45.0 70.0
46.0 67.0
47.0 61.0
47.0 61.0
44.0 76.0
58.0 49.0
