94.0 106.0
88.0 129.0
94.0 106.0
88.0 129.0
87.0 131.0
88.0 129.0
94.0 106.0
88.0 129.0
94.0 106.0
88.0 129.0
90.0 125.0
88.0 129.0
90.0 125.0
87.0 131.0
94.0 106.0
88.0 129.0
91.0 118.0
87.0 131.0
93.0 107.0
94.0 106.0
87.0 131.0
90.0 125.0
91.0 118.0
93.0 107.0
90.0 125.0
92.0 116.0
88.0 129.0
94.0 106.0
88.0 129.0
94.0 106.0
93.0 107.0
87.0 131.0
92.0 116.0
92.0 116.0
95.0 99.0
92.0 116.0
91.0 118.0
91.0 118.0
87.0 131.0
92.0 116.0
95.0 99.0
95.0 99.0
95.0 99.0
91.0 118.0
87.0 131.0
90.0 125.0
93.0 107.0
92.0 116.0
87.0 131.0
95.0 99.0
87.0 131.0
95.0 99.0
90.0 125.0
91.0 118.0
91.0 118.0
92.0 116.0
94.0 106.0
90.0 125.0
93.0 107.0
90.0 125.0
88.0 129.0
90.0 125.0
93.0 107.0
92.0 116.0
95.0 99.0
87.0 131.0
90.0 125.0
95.0 99.0
90.0 125.0
88.0 129.0
93.0 107.0
92.0 116.0
94.0 106.0
87.0 131.0
95.0 99.0
90.0 125.0
90.0 125.0
92.0 116.0
93.0 107.0
91.0 118.0
95.0 99.0
92.0 116.0
93.0 107.0
91.0 118.0
93.0 107.0
93.0 107.0
91.0 118.0
94.0 106.0
94.0 106.0
95.0 99.0
93.0 107.0
95.0 99.0
92.0 116.0
95.0 99.0
87.0 131.0
91.0 118.0
88.0 129.0
91.0 118.0
92.0 116.0
87.0 131.0
