28.0 122.0
28.0 122.0
28.0 122.0
17.0 151.0
20.0 136.0
19.0 144.0
19.0 144.0
24.0 130.0
17.0 151.0
19.0 144.0
19.0 144.0
17.0 151.0
17.0 151.0
20.0 136.0
17.0 151.0
27.0 128.0
20.0 136.0
24.0 130.0
27.0 128.0
17.0 151.0
18.0 147.0
18.0 147.0
27.0 128.0
24.0 130.0
20.0 136.0
27.0 128.0
18.0 147.0
20.0 136.0
28.0 122.0
24.0 130.0
24.0 130.0
20.0 136.0
18.0 147.0
23.0 132.0
18.0 147.0
23.0 132.0
27.0 128.0
24.0 130.0
27.0 128.0
18.0 147.0
23.0 132.0
21.0 135.0
24.0 130.0
17.0 151.0
28.0 122.0
22.0 133.0
19.0 144.0
17.0 151.0
21.0 135.0
19.0 144.0
23.0 132.0
24.0 130.0
23.0 132.0
18.0 147.0
20.0 136.0
22.0 133.0
21.0 135.0
18.0 147.0
21.0 135.0
22.0 133.0
22.0 133.0
20.0 136.0
17.0 151.0
22.0 133.0
19.0 144.0
21.0 135.0
27.0 128.0
22.0 133.0
27.0 128.0
19.0 144.0
22.0 133.0
28.0 122.0
23.0 132.0
18.0 147.0
21.0 135.0
19.0 144.0
21.0 135.0
21.0 135.0
22.0 133.0
24.0 130.0
24.0 130.0
23.0 132.0
22.0 133.0
23.0 132.0
27.0 128.0
23.0 132.0
21.0 135.0
27.0 128.0
23.0 132.0
17.0 151.0
28.0 122.0
28.0 122.0
22.0 133.0
20.0 136.0
20.0 136.0
21.0 135.0
18.0 147.0
19.0 144.0
28.0 122.0
28.0 122.0
