48.0 173.0
48.0 173.0
48.0 173.0
48.0 173.0
48.0 173.0
48.0 173.0
49.0 160.0
48.0 173.0
57.0 135.0
52.0 149.0
48.0 173.0
57.0 135.0
57.0 135.0
49.0 160.0
59.0 129.0
49.0 160.0
49.0 160.0
61.0 127.0
61.0 127.0
52.0 149.0
49.0 160.0
51.0 150.0
59.0 129.0
61.0 127.0
55.0 138.0
51.0 150.0
52.0 149.0
57.0 135.0
61.0 127.0
61.0 127.0
48.0 173.0
59.0 129.0
55.0 138.0
57.0 135.0
52.0 149.0
48.0 173.0
55.0 138.0
49.0 160.0
59.0 129.0
48.0 173.0
52.0 149.0
49.0 160.0
51.0 150.0
55.0 138.0
52.0 149.0
55.0 138.0
52.0 149.0
51.0 150.0
52.0 149.0
51.0 150.0
51.0 150.0
61.0 127.0
53.0 143.0
53.0 143.0
51.0 150.0
57.0 135.0
59.0 129.0
51.0 150.0
49.0 160.0
61.0 127.0
61.0 127.0
49.0 160.0
52.0 149.0
49.0 160.0
59.0 129.0
61.0 127.0
61.0 127.0
57.0 135.0
57.0 135.0
53.0 143.0
55.0 138.0
57.0 135.0
57.0 135.0
52.0 149.0
53.0 143.0
59.0 129.0
55.0 138.0
55.0 138.0
59.0 129.0
55.0 138.0
53.0 143.0
53.0 143.0
59.0 129.0
49.0 160.0
53.0 143.0
53.0 143.0
61.0 127.0
51.0 150.0
59.0 129.0
53.0 143.0
48.0 173.0
53.0 143.0
57.0 135.0
55.0 138.0
52.0 149.0
55.0 138.0
59.0 129.0
51.0 150.0
53.0 143.0
51.0 150.0
