506.0 630.0
506.0 630.0
477.0 674.0
477.0 674.0
506.0 630.0
506.0 630.0
473.0 705.0
477.0 674.0
473.0 705.0
473.0 705.0
473.0 705.0
466.0 781.0
484.0 663.0
466.0 781.0
466.0 781.0
494.0 640.0
494.0 640.0
469.0 743.0
484.0 663.0
484.0 663.0
479.0 670.0
467.0 761.0
482.0 669.0
489.0 651.0
472.0 724.0
472.0 724.0
490.0 649.0
483.0 665.0
479.0 670.0
482.0 669.0
502.0 638.0
473.0 705.0
479.0 670.0
483.0 665.0
502.0 638.0
477.0 674.0
471.0 727.0
472.0 724.0
492.0 642.0
490.0 649.0
471.0 727.0
486.0 657.0
482.0 669.0
502.0 638.0
467.0 761.0
502.0 638.0
486.0 657.0
471.0 727.0
482.0 669.0
468.0 755.0
470.0 737.0
468.0 755.0
467.0 761.0
492.0 642.0
483.0 665.0
486.0 657.0
491.0 644.0
494.0 640.0
475.0 682.0
489.0 651.0
468.0 755.0
485.0 658.0
484.0 663.0
491.0 644.0
472.0 724.0
490.0 649.0
467.0 761.0
475.0 682.0
489.0 651.0
485.0 658.0
474.0 699.0
490.0 649.0
492.0 642.0
468.0 755.0
474.0 699.0
489.0 651.0
471.0 727.0
485.0 658.0
475.0 682.0
491.0 644.0
486.0 657.0
494.0 640.0
474.0 699.0
477.0 674.0
471.0 727.0
479.0 670.0
474.0 699.0
502.0 638.0
467.0 761.0
475.0 682.0
485.0 658.0
475.0 682.0
466.0 781.0
469.0 743.0
488.0 652.0
483.0 665.0
492.0 642.0
491.0 644.0
466.0 781.0
474.0 699.0
