463.0 1033.0
499.0 934.0
462.0 1041.0
472.0 980.0
499.0 934.0
472.0 980.0
516.0 916.0
499.0 934.0
508.0 925.0
480.0 959.0
460.0 1054.0
480.0 959.0
464.0 1015.0
472.0 980.0
499.0 934.0
460.0 1054.0
469.0 997.0
520.0 912.0
460.0 1054.0
468.0 999.0
504.0 931.0
468.0 999.0
474.0 973.0
471.0 985.0
470.0 987.0
504.0 931.0
477.0 963.0
514.0 920.0
514.0 920.0
477.0 963.0
514.0 920.0
472.0 980.0
502.0 933.0
491.0 936.0
474.0 973.0
480.0 959.0
469.0 997.0
465.0 1011.0
508.0 925.0
491.0 936.0
469.0 997.0
484.0 944.0
477.0 963.0
481.0 957.0
482.0 951.0
518.0 914.0
516.0 916.0
489.0 943.0
490.0 942.0
491.0 936.0
474.0 973.0
482.0 951.0
464.0 1015.0
484.0 944.0
467.0 1004.0
484.0 944.0
502.0 933.0
516.0 916.0
518.0 914.0
483.0 950.0
468.0 999.0
467.0 1004.0
481.0 957.0
520.0 912.0
465.0 1011.0
483.0 950.0
482.0 951.0
506.0 929.0
477.0 963.0
475.0 970.0
466.0 1008.0
466.0 1008.0
464.0 1015.0
489.0 943.0
491.0 936.0
514.0 920.0
504.0 931.0
484.0 944.0
489.0 943.0
465.0 1011.0
467.0 1004.0
474.0 973.0
471.0 985.0
506.0 929.0
475.0 970.0
490.0 942.0
465.0 1011.0
475.0 970.0
481.0 957.0
471.0 985.0
462.0 1041.0
518.0 914.0
466.0 1008.0
464.0 1015.0
506.0 929.0
483.0 950.0
502.0 933.0
460.0 1054.0
467.0 1004.0
520.0 912.0
