737.0 938.0
728.0 989.0
737.0 938.0
727.0 1004.0
742.0 916.0
722.0 1067.0
721.0 1076.0
753.0 872.0
757.0 868.0
738.0 934.0
720.0 1081.0
765.0 861.0
738.0 934.0
726.0 1005.0
753.0 872.0
738.0 934.0
741.0 920.0
757.0 868.0
725.0 1020.0
725.0 1020.0
741.0 920.0
722.0 1067.0
741.0 920.0
743.0 909.0
742.0 916.0
724.0 1033.0
743.0 909.0
726.0 1005.0
724.0 1033.0
739.0 927.0
746.0 895.0
733.0 961.0
732.0 963.0
734.0 952.0
719.0 1100.0
733.0 961.0
736.0 941.0
736.0 941.0
750.0 879.0
751.0 876.0
740.0 923.0
725.0 1020.0
733.0 961.0
731.0 969.0
763.0 863.0
730.0 973.0
753.0 872.0
728.0 989.0
737.0 938.0
735.0 945.0
739.0 927.0
739.0 927.0
746.0 895.0
722.0 1067.0
743.0 909.0
759.0 867.0
724.0 1033.0
761.0 865.0
750.0 879.0
748.0 890.0
735.0 945.0
763.0 863.0
734.0 952.0
730.0 973.0
732.0 963.0
749.0 884.0
745.0 898.0
745.0 898.0
735.0 945.0
750.0 879.0
745.0 898.0
727.0 1004.0
729.0 987.0
736.0 941.0
765.0 861.0
761.0 865.0
746.0 895.0
734.0 952.0
742.0 916.0
765.0 861.0
748.0 890.0
719.0 1100.0
749.0 884.0
740.0 923.0
759.0 867.0
730.0 973.0
729.0 987.0
751.0 876.0
744.0 902.0
731.0 969.0
763.0 863.0
744.0 902.0
761.0 865.0
728.0 989.0
740.0 923.0
751.0 876.0
744.0 902.0
731.0 969.0
749.0 884.0
748.0 890.0
