1631.0 251.0
1595.0 261.0
1631.0 251.0
1631.0 251.0
1469.0 342.0
1617.0 255.0
1685.0 246.0
1488.0 310.0
1469.0 342.0
1488.0 310.0
1657.0 249.0
1488.0 310.0
1469.0 342.0
1488.0 310.0
1685.0 246.0
1685.0 246.0
1469.0 342.0
1571.0 273.0
1536.0 289.0
1617.0 255.0
1569.0 277.0
1472.0 331.0
1536.0 289.0
1536.0 289.0
1591.0 267.0
1571.0 273.0
1591.0 267.0
1571.0 273.0
1631.0 251.0
1571.0 273.0
1558.0 281.0
1472.0 331.0
1558.0 281.0
1472.0 331.0
1536.0 289.0
1479.0 330.0
1558.0 281.0
1488.0 310.0
1617.0 255.0
1479.0 330.0
1479.0 330.0
1472.0 331.0
1589.0 268.0
1685.0 246.0
1524.0 291.0
1524.0 291.0
1595.0 261.0
1536.0 289.0
1503.0 301.0
1657.0 249.0
1491.0 303.0
1486.0 325.0
1486.0 325.0
1479.0 330.0
1518.0 299.0
1503.0 301.0
1550.0 285.0
1486.0 325.0
1545.0 287.0
1569.0 277.0
1472.0 331.0
1491.0 303.0
1591.0 267.0
1558.0 281.0
1524.0 291.0
1545.0 287.0
1591.0 267.0
1518.0 299.0
1569.0 277.0
1520.0 294.0
1617.0 255.0
1469.0 342.0
1520.0 294.0
1545.0 287.0
1617.0 255.0
1491.0 303.0
1486.0 325.0
1558.0 281.0
1589.0 268.0
1550.0 285.0
1520.0 294.0
1491.0 303.0
1503.0 301.0
1503.0 301.0
1518.0 299.0
1545.0 287.0
1503.0 301.0
1595.0 261.0
1685.0 246.0
1550.0 285.0
1657.0 249.0
1486.0 325.0
1520.0 294.0
1524.0 291.0
1491.0 303.0
1589.0 268.0
1550.0 285.0
1589.0 268.0
1518.0 299.0
1569.0 277.0
