9830.0 505.0
9544.0 625.0
9566.0 609.0
9667.0 547.0
9548.0 615.0
9548.0 615.0
9814.0 508.0
9544.0 625.0
9667.0 547.0
9787.0 511.0
9574.0 607.0
9613.0 579.0
9544.0 625.0
9550.0 614.0
9667.0 547.0
9768.0 512.0
9650.0 550.0
9535.0 642.0
9694.0 535.0
9548.0 615.0
9787.0 511.0
9615.0 563.0
9535.0 642.0
9682.0 538.0
9550.0 614.0
9656.0 548.0
9615.0 563.0
9641.0 553.0
9581.0 587.0
9537.0 640.0
9541.0 634.0
9700.0 532.0
9542.0 626.0
9648.0 552.0
9568.0 608.0
9700.0 532.0
9590.0 580.0
9550.0 614.0
9733.0 521.0
9668.0 541.0
9641.0 553.0
9709.0 525.0
9542.0 626.0
9641.0 553.0
9540.0 638.0
9656.0 548.0
9614.0 575.0
9735.0 519.0
9581.0 587.0
9752.0 515.0
9581.0 587.0
9537.0 640.0
9648.0 552.0
9574.0 607.0
9741.0 517.0
9541.0 634.0
9614.0 575.0
9735.0 519.0
9752.0 515.0
9624.0 556.0
9692.0 537.0
9624.0 556.0
9540.0 638.0
9692.0 537.0
9535.0 642.0
9768.0 512.0
9624.0 556.0
9615.0 563.0
9752.0 515.0
9768.0 512.0
9709.0 525.0
9537.0 640.0
9700.0 532.0
9720.0 523.0
9568.0 608.0
9692.0 537.0
9762.0 514.0
9709.0 525.0
9542.0 626.0
9568.0 608.0
9733.0 521.0
9614.0 575.0
9648.0 552.0
9668.0 541.0
9741.0 517.0
9615.0 563.0
9540.0 638.0
9566.0 609.0
9541.0 634.0
9566.0 609.0
9709.0 525.0
9735.0 519.0
9574.0 607.0
9733.0 521.0
9668.0 541.0
9741.0 517.0
9656.0 548.0
9581.0 587.0
9624.0 556.0
9752.0 515.0
