16681.0 1180.0
16882.0 1098.0
16659.0 1192.0
16882.0 1098.0
16688.0 1173.0
16677.0 1183.0
16654.0 1196.0
16811.0 1119.0
16811.0 1119.0
16677.0 1183.0
16824.0 1113.0
16654.0 1196.0
16882.0 1098.0
16811.0 1119.0
16613.0 1214.0
16613.0 1214.0
16688.0 1173.0
16766.0 1131.0
16654.0 1196.0
16677.0 1183.0
16757.0 1135.0
16873.0 1105.0
16930.0 1091.0
16613.0 1214.0
16757.0 1135.0
16734.0 1147.0
16893.0 1094.0
16848.0 1106.0
16893.0 1094.0
16713.0 1162.0
16893.0 1094.0
16930.0 1091.0
16802.0 1123.0
16848.0 1106.0
16699.0 1166.0
16618.0 1202.0
16766.0 1131.0
16824.0 1113.0
16744.0 1144.0
16670.0 1185.0
16802.0 1123.0
16713.0 1162.0
16930.0 1091.0
16882.0 1098.0
16766.0 1131.0
16930.0 1091.0
16824.0 1113.0
16893.0 1094.0
16744.0 1144.0
16811.0 1119.0
16744.0 1144.0
16798.0 1127.0
16699.0 1166.0
16613.0 1214.0
16782.0 1130.0
16670.0 1185.0
16670.0 1185.0
16699.0 1166.0
16755.0 1138.0
16670.0 1185.0
16731.0 1148.0
16723.0 1154.0
16746.0 1142.0
16654.0 1196.0
16731.0 1148.0
16713.0 1162.0
16848.0 1106.0
16824.0 1113.0
16713.0 1162.0
16755.0 1138.0
16766.0 1131.0
16734.0 1147.0
16618.0 1202.0
16848.0 1106.0
16798.0 1127.0
16802.0 1123.0
16782.0 1130.0
16782.0 1130.0
16802.0 1123.0
16683.0 1177.0
16873.0 1105.0
16720.0 1155.0
16723.0 1154.0
16723.0 1154.0
16798.0 1127.0
16755.0 1138.0
16757.0 1135.0
16746.0 1142.0
16782.0 1130.0
16688.0 1173.0
16746.0 1142.0
16734.0 1147.0
16720.0 1155.0
16873.0 1105.0
16798.0 1127.0
16699.0 1166.0
16720.0 1155.0
16873.0 1105.0
16677.0 1183.0
16731.0 1148.0
