3945.0 311.0
3754.0 418.0
3776.0 386.0
3853.0 338.0
3871.0 327.0
3774.0 395.0
3754.0 418.0
3929.0 316.0
3776.0 386.0
3871.0 327.0
3780.0 381.0
3797.0 368.0
3963.0 300.0
3774.0 395.0
3754.0 418.0
3770.0 400.0
3770.0 400.0
3806.0 363.0
3866.0 329.0
3942.0 315.0
3803.0 367.0
3853.0 338.0
3901.0 317.0
3929.0 316.0
3803.0 367.0
3805.0 364.0
3853.0 338.0
3806.0 363.0
3834.0 344.0
3774.0 395.0
3901.0 317.0
3776.0 386.0
3780.0 381.0
3963.0 300.0
3805.0 364.0
3780.0 381.0
3871.0 327.0
3866.0 329.0
3959.0 306.0
3770.0 400.0
3897.0 323.0
3797.0 368.0
3897.0 323.0
3945.0 311.0
3897.0 323.0
3959.0 306.0
3946.0 309.0
3825.0 350.0
3959.0 306.0
3901.0 317.0
3797.0 368.0
3834.0 344.0
3790.0 372.0
3963.0 300.0
3834.0 344.0
3825.0 350.0
3831.0 349.0
3813.0 351.0
3857.0 334.0
3946.0 309.0
3780.0 381.0
3808.0 359.0
3825.0 350.0
3811.0 355.0
3754.0 418.0
3806.0 363.0
3831.0 349.0
3813.0 351.0
3959.0 306.0
3790.0 372.0
3760.0 404.0
3866.0 329.0
3808.0 359.0
3790.0 372.0
3831.0 349.0
3901.0 317.0
3945.0 311.0
3897.0 323.0
3857.0 334.0
3760.0 404.0
3942.0 315.0
3929.0 316.0
3805.0 364.0
3792.0 369.0
3803.0 367.0
3963.0 300.0
3942.0 315.0
3929.0 316.0
3792.0 369.0
3857.0 334.0
3811.0 355.0
3808.0 359.0
3946.0 309.0
3835.0 340.0
3792.0 369.0
3811.0 355.0
3813.0 351.0
3760.0 404.0
3774.0 395.0
3760.0 404.0
