5637.0 563.0
5506.0 617.0
5442.0 680.0
5528.0 592.0
5612.0 568.0
5430.0 723.0
5446.0 637.0
5584.0 581.0
5612.0 568.0
5719.0 551.0
5518.0 611.0
5612.0 568.0
5611.0 574.0
5503.0 618.0
5428.0 747.0
5518.0 611.0
5435.0 697.0
5719.0 551.0
5423.0 751.0
5430.0 723.0
5503.0 618.0
5435.0 697.0
5612.0 568.0
5637.0 563.0
5612.0 568.0
5663.0 555.0
5503.0 618.0
5663.0 555.0
5663.0 555.0
5423.0 751.0
5430.0 723.0
5518.0 611.0
5637.0 563.0
5488.0 631.0
5638.0 560.0
5584.0 581.0
5584.0 581.0
5611.0 574.0
5428.0 747.0
5446.0 637.0
5435.0 697.0
5584.0 581.0
5637.0 563.0
5719.0 551.0
5484.0 635.0
5442.0 680.0
5556.0 586.0
5638.0 560.0
5485.0 634.0
5503.0 618.0
5484.0 635.0
5503.0 618.0
5488.0 631.0
5584.0 581.0
5446.0 637.0
5663.0 555.0
5663.0 555.0
5484.0 635.0
5435.0 697.0
5584.0 581.0
5423.0 751.0
5518.0 611.0
5638.0 560.0
5446.0 637.0
5719.0 551.0
5484.0 635.0
5488.0 631.0
5435.0 697.0
5488.0 631.0
5663.0 555.0
5719.0 551.0
5719.0 551.0
5428.0 747.0
5638.0 560.0
5663.0 555.0
5428.0 747.0
5423.0 751.0
5430.0 723.0
5518.0 611.0
5719.0 551.0
5518.0 611.0
5428.0 747.0
5423.0 751.0
5612.0 568.0
5435.0 697.0
5484.0 635.0
5637.0 563.0
5423.0 751.0
5503.0 618.0
5638.0 560.0
5488.0 631.0
5430.0 723.0
5484.0 635.0
5430.0 723.0
5485.0 634.0
5638.0 560.0
5521.0 604.0
5428.0 747.0
5488.0 631.0
5637.0 563.0
