10405.0 1556.0
10186.0 1699.0
10087.0 1816.0
10344.0 1576.0
10346.0 1573.0
10061.0 1833.0
10361.0 1568.0
10332.0 1580.0
10225.0 1660.0
10197.0 1686.0
10332.0 1580.0
10311.0 1594.0
10418.0 1547.0
10366.0 1563.0
10311.0 1594.0
10273.0 1615.0
10160.0 1740.0
10364.0 1566.0
10287.0 1605.0
10132.0 1770.0
10108.0 1799.0
10156.0 1745.0
10118.0 1780.0
10171.0 1723.0
10137.0 1763.0
10111.0 1792.0
10169.0 1726.0
10109.0 1796.0
10353.0 1572.0
10204.0 1676.0
10368.0 1560.0
10200.0 1685.0
10076.0 1825.0
10237.0 1648.0
10114.0 1786.0
10110.0 1795.0
10116.0 1782.0
10076.0 1825.0
10139.0 1759.0
10134.0 1766.0
10144.0 1750.0
10233.0 1651.0
10248.0 1639.0
10098.0 1805.0
10233.0 1651.0
10175.0 1717.0
10201.0 1679.0
10089.0 1812.0
10265.0 1626.0
10382.0 1559.0
10296.0 1603.0
10247.0 1644.0
10315.0 1586.0
10176.0 1716.0
10237.0 1648.0
10127.0 1773.0
10280.0 1608.0
10266.0 1625.0
10192.0 1698.0
10052.0 1838.0
10172.0 1720.0
10100.0 1801.0
10185.0 1700.0
10461.0 1541.0
10382.0 1559.0
10278.0 1611.0
10063.0 1829.0
10418.0 1547.0
10317.0 1583.0
10213.0 1665.0
10182.0 1707.0
10223.0 1664.0
10146.0 1746.0
10250.0 1630.0
10177.0 1713.0
10158.0 1744.0
10269.0 1618.0
10078.0 1821.0
10304.0 1595.0
10287.0 1605.0
10139.0 1759.0
10250.0 1630.0
10254.0 1627.0
10098.0 1805.0
10144.0 1750.0
10461.0 1541.0
10184.0 1703.0
10213.0 1665.0
10355.0 1569.0
10297.0 1599.0
10164.0 1733.0
10248.0 1639.0
10254.0 1627.0
10120.0 1776.0
10163.0 1736.0
10192.0 1698.0
10227.0 1658.0
10050.0 1842.0
10247.0 1644.0
10050.0 1842.0
