13201.0 3098.0
13761.0 2723.0
13163.0 3342.0
13811.0 2715.0
13256.0 2967.0
13148.0 3351.0
13166.0 3225.0
13286.0 2928.0
13197.0 3130.0
13811.0 2715.0
13741.0 2732.0
13164.0 3228.0
13246.0 2989.0
13310.0 2908.0
13759.0 2727.0
13266.0 2953.0
13278.0 2938.0
13482.0 2805.0
13262.0 2957.0
13362.0 2866.0
13687.0 2750.0
13398.0 2852.0
13241.0 2998.0
13647.0 2760.0
13506.0 2797.0
13231.0 3013.0
13674.0 2751.0
13459.0 2818.0
13538.0 2784.0
13428.0 2840.0
13197.0 3130.0
13202.0 3095.0
13341.0 2884.0
13408.0 2851.0
13329.0 2895.0
13707.0 2741.0
13570.0 2774.0
13394.0 2858.0
13455.0 2825.0
13502.0 2799.0
13618.0 2769.0
13386.0 2864.0
13433.0 2833.0
13520.0 2790.0
13276.0 2943.0
13221.0 3045.0
13362.0 2866.0
13332.0 2892.0
13391.0 2862.0
13418.0 2848.0
13468.0 2813.0
13779.0 2718.0
13470.0 2811.0
13377.0 2865.0
13435.0 2830.0
13566.0 2776.0
13316.0 2902.0
13701.0 2742.0
13728.0 2733.0
13420.0 2843.0
13725.0 2736.0
13268.0 2950.0
13586.0 2772.0
13494.0 2801.0
13456.0 2819.0
13474.0 2810.0
13284.0 2932.0
13550.0 2778.0
13508.0 2796.0
13532.0 2787.0
13190.0 3206.0
13742.0 2731.0
13189.0 3211.0
13630.0 2763.0
13217.0 3055.0
13665.0 2755.0
13318.0 2900.0
13302.0 2910.0
13235.0 3005.0
13518.0 2791.0
13710.0 2738.0
13586.0 2772.0
13779.0 2718.0
13430.0 2839.0
13208.0 3092.0
13272.0 2945.0
13618.0 2769.0
13690.0 2747.0
13248.0 2980.0
13699.0 2746.0
13719.0 2737.0
13656.0 2756.0
13688.0 2749.0
13254.0 2973.0
13646.0 2761.0
13486.0 2804.0
13211.0 3058.0
13296.0 2916.0
13225.0 3020.0
13348.0 2874.0
