370.0 646.0
347.0 769.0
370.0 646.0
347.0 769.0
348.0 747.0
360.0 693.0
361.0 677.0
351.0 731.0
365.0 656.0
353.0 729.0
361.0 677.0
362.0 666.0
357.0 709.0
363.0 665.0
365.0 656.0
358.0 700.0
350.0 739.0
355.0 718.0
356.0 710.0
349.0 746.0
350.0 739.0
366.0 649.0
369.0 647.0
363.0 665.0
367.0 648.0
354.0 723.0
354.0 723.0
355.0 718.0
358.0 700.0
359.0 696.0
359.0 696.0
360.0 693.0
351.0 731.0
353.0 729.0
348.0 747.0
362.0 666.0
356.0 710.0
366.0 649.0
367.0 648.0
357.0 709.0
369.0 647.0
349.0 746.0
347.0 769.0
370.0 646.0
361.0 677.0
365.0 656.0
350.0 739.0
363.0 665.0
354.0 723.0
355.0 718.0
358.0 700.0
359.0 696.0
360.0 693.0
351.0 731.0
353.0 729.0
348.0 747.0
362.0 666.0
356.0 710.0
366.0 649.0
367.0 648.0
357.0 709.0
349.0 746.0
369.0 647.0
370.0 646.0
347.0 769.0
361.0 677.0
365.0 656.0
350.0 739.0
363.0 665.0
354.0 723.0
355.0 718.0
358.0 700.0
359.0 696.0
360.0 693.0
351.0 731.0
353.0 729.0
348.0 747.0
362.0 666.0
356.0 710.0
366.0 649.0
367.0 648.0
357.0 709.0
349.0 746.0
369.0 647.0
347.0 769.0
370.0 646.0
361.0 677.0
365.0 656.0
350.0 739.0
363.0 665.0
354.0 723.0
355.0 718.0
358.0 700.0
359.0 696.0
360.0 693.0
351.0 731.0
353.0 729.0
348.0 747.0
362.0 666.0
356.0 710.0
