110.0 468.0
76.0 614.0
110.0 468.0
76.0 614.0
78.0 602.0
81.0 574.0
85.0 551.0
85.0 551.0
87.0 536.0
80.0 586.0
78.0 602.0
79.0 590.0
94.0 514.0
90.0 521.0
96.0 507.0
81.0 574.0
84.0 562.0
83.0 563.0
98.0 503.0
96.0 507.0
105.0 483.0
92.0 517.0
106.0 479.0
92.0 517.0
108.0 474.0
103.0 485.0
94.0 514.0
89.0 528.0
88.0 535.0
89.0 528.0
99.0 497.0
87.0 536.0
83.0 563.0
106.0 479.0
108.0 474.0
79.0 590.0
90.0 521.0
99.0 497.0
98.0 503.0
80.0 586.0
100.0 493.0
101.0 491.0
102.0 488.0
109.0 471.0
102.0 488.0
109.0 471.0
103.0 485.0
100.0 493.0
105.0 483.0
101.0 491.0
84.0 562.0
88.0 535.0
76.0 614.0
110.0 468.0
85.0 551.0
78.0 602.0
81.0 574.0
96.0 507.0
92.0 517.0
94.0 514.0
89.0 528.0
87.0 536.0
83.0 563.0
106.0 479.0
108.0 474.0
79.0 590.0
90.0 521.0
99.0 497.0
98.0 503.0
80.0 586.0
102.0 488.0
109.0 471.0
103.0 485.0
100.0 493.0
101.0 491.0
105.0 483.0
88.0 535.0
84.0 562.0
110.0 468.0
76.0 614.0
85.0 551.0
78.0 602.0
81.0 574.0
96.0 507.0
92.0 517.0
94.0 514.0
89.0 528.0
87.0 536.0
83.0 563.0
106.0 479.0
108.0 474.0
79.0 590.0
90.0 521.0
99.0 497.0
80.0 586.0
98.0 503.0
102.0 488.0
109.0 471.0
103.0 485.0
100.0 493.0
