460.0 784.0
498.0 634.0
498.0 634.0
460.0 784.0
461.0 764.0
465.0 733.0
466.0 719.0
472.0 692.0
483.0 657.0
462.0 754.0
463.0 742.0
486.0 656.0
481.0 662.0
461.0 764.0
471.0 702.0
462.0 754.0
474.0 691.0
496.0 637.0
480.0 669.0
496.0 637.0
490.0 647.0
491.0 644.0
464.0 739.0
478.0 676.0
465.0 733.0
479.0 670.0
488.0 650.0
481.0 662.0
494.0 642.0
467.0 716.0
468.0 711.0
475.0 686.0
483.0 657.0
493.0 643.0
494.0 642.0
477.0 680.0
476.0 684.0
478.0 676.0
477.0 680.0
487.0 652.0
466.0 719.0
463.0 742.0
488.0 650.0
468.0 711.0
470.0 705.0
469.0 708.0
490.0 647.0
471.0 702.0
470.0 705.0
464.0 739.0
467.0 716.0
469.0 708.0
475.0 686.0
487.0 652.0
476.0 684.0
472.0 692.0
491.0 644.0
479.0 670.0
486.0 656.0
480.0 669.0
493.0 643.0
474.0 691.0
460.0 784.0
498.0 634.0
461.0 764.0
462.0 754.0
496.0 637.0
465.0 733.0
481.0 662.0
483.0 657.0
494.0 642.0
477.0 680.0
478.0 676.0
466.0 719.0
463.0 742.0
488.0 650.0
468.0 711.0
490.0 647.0
464.0 739.0
469.0 708.0
470.0 705.0
471.0 702.0
467.0 716.0
475.0 686.0
487.0 652.0
476.0 684.0
472.0 692.0
491.0 644.0
479.0 670.0
486.0 656.0
480.0 669.0
493.0 643.0
474.0 691.0
460.0 784.0
498.0 634.0
461.0 764.0
462.0 754.0
496.0 637.0
465.0 733.0
481.0 662.0
