451.0 1065.0
524.0 881.0
524.0 881.0
451.0 1065.0
515.0 883.0
508.0 904.0
465.0 990.0
466.0 981.0
462.0 996.0
452.0 1053.0
456.0 1036.0
512.0 890.0
452.0 1053.0
458.0 1023.0
460.0 1012.0
453.0 1042.0
510.0 896.0
469.0 973.0
504.0 909.0
512.0 890.0
460.0 1012.0
461.0 1005.0
457.0 1027.0
510.0 896.0
486.0 942.0
469.0 973.0
480.0 950.0
466.0 981.0
504.0 909.0
508.0 904.0
515.0 883.0
461.0 1005.0
490.0 933.0
458.0 1023.0
454.0 1038.0
483.0 945.0
462.0 996.0
487.0 936.0
465.0 990.0
479.0 953.0
471.0 970.0
500.0 914.0
497.0 920.0
472.0 967.0
502.0 911.0
498.0 917.0
477.0 956.0
500.0 914.0
480.0 950.0
483.0 945.0
502.0 911.0
495.0 922.0
453.0 1042.0
457.0 1027.0
475.0 963.0
476.0 959.0
491.0 929.0
474.0 964.0
488.0 935.0
484.0 944.0
477.0 956.0
498.0 917.0
472.0 967.0
476.0 959.0
492.0 928.0
479.0 953.0
471.0 970.0
474.0 964.0
493.0 925.0
454.0 1038.0
495.0 922.0
484.0 944.0
488.0 935.0
494.0 924.0
456.0 1036.0
486.0 942.0
490.0 933.0
497.0 920.0
487.0 936.0
491.0 929.0
493.0 925.0
475.0 963.0
492.0 928.0
494.0 924.0
451.0 1065.0
524.0 881.0
452.0 1053.0
512.0 890.0
460.0 1012.0
510.0 896.0
469.0 973.0
466.0 981.0
504.0 909.0
508.0 904.0
515.0 883.0
461.0 1005.0
458.0 1023.0
462.0 996.0
465.0 990.0
500.0 914.0
