422.0 1239.0
495.0 1009.0
495.0 1009.0
422.0 1239.0
427.0 1173.0
426.0 1208.0
480.0 1027.0
432.0 1167.0
491.0 1012.0
478.0 1036.0
456.0 1071.0
483.0 1024.0
485.0 1019.0
435.0 1143.0
433.0 1156.0
436.0 1132.0
459.0 1066.0
473.0 1040.0
460.0 1062.0
456.0 1071.0
488.0 1015.0
444.0 1095.0
440.0 1113.0
423.0 1229.0
434.0 1153.0
424.0 1219.0
435.0 1143.0
423.0 1229.0
491.0 1012.0
488.0 1015.0
453.0 1075.0
463.0 1061.0
430.0 1168.0
440.0 1113.0
442.0 1105.0
430.0 1168.0
476.0 1037.0
485.0 1019.0
469.0 1051.0
472.0 1044.0
467.0 1052.0
470.0 1047.0
443.0 1102.0
439.0 1120.0
437.0 1129.0
438.0 1122.0
480.0 1027.0
442.0 1105.0
446.0 1090.0
449.0 1086.0
476.0 1037.0
483.0 1024.0
447.0 1087.0
424.0 1219.0
425.0 1213.0
427.0 1173.0
444.0 1095.0
425.0 1213.0
459.0 1066.0
446.0 1090.0
426.0 1208.0
478.0 1036.0
453.0 1075.0
466.0 1056.0
451.0 1082.0
452.0 1078.0
436.0 1132.0
433.0 1156.0
473.0 1040.0
470.0 1047.0
452.0 1078.0
443.0 1102.0
434.0 1153.0
472.0 1044.0
437.0 1129.0
450.0 1083.0
438.0 1122.0
465.0 1058.0
466.0 1056.0
464.0 1059.0
439.0 1120.0
460.0 1062.0
467.0 1052.0
447.0 1087.0
450.0 1083.0
464.0 1059.0
432.0 1167.0
451.0 1082.0
463.0 1061.0
465.0 1058.0
469.0 1051.0
449.0 1086.0
422.0 1239.0
495.0 1009.0
456.0 1071.0
423.0 1229.0
435.0 1143.0
491.0 1012.0
488.0 1015.0
440.0 1113.0
