2650.0 626.0
3232.0 489.0
2650.0 626.0
3232.0 489.0
2666.0 608.0
3168.0 500.0
3102.0 504.0
2706.0 590.0
2714.0 576.0
3184.0 494.0
2854.0 546.0
2802.0 547.0
2706.0 590.0
2688.0 603.0
3086.0 510.0
2904.0 536.0
3046.0 517.0
2878.0 541.0
2878.0 541.0
3062.0 512.0
2764.0 556.0
2730.0 570.0
3184.0 494.0
2748.0 562.0
2932.0 534.0
2744.0 567.0
2904.0 536.0
3020.0 518.0
2714.0 576.0
3102.0 504.0
3168.0 500.0
2686.0 606.0
2974.0 528.0
2950.0 530.0
2688.0 603.0
2748.0 562.0
2790.0 551.0
2764.0 556.0
2730.0 570.0
2854.0 546.0
3006.0 520.0
2778.0 553.0
2666.0 608.0
3062.0 512.0
3006.0 520.0
3086.0 510.0
2990.0 523.0
2778.0 553.0
2790.0 551.0
3046.0 517.0
2942.0 532.0
2932.0 534.0
2974.0 528.0
3020.0 518.0
2744.0 567.0
2950.0 530.0
2942.0 532.0
2802.0 547.0
2990.0 523.0
2984.0 526.0
2988.0 525.0
2984.0 526.0
2686.0 606.0
2988.0 525.0
3232.0 489.0
2650.0 626.0
2706.0 590.0
2878.0 541.0
3184.0 494.0
2904.0 536.0
2714.0 576.0
3102.0 504.0
3168.0 500.0
2688.0 603.0
2748.0 562.0
2730.0 570.0
2764.0 556.0
2854.0 546.0
2666.0 608.0
3062.0 512.0
3006.0 520.0
3086.0 510.0
2778.0 553.0
2790.0 551.0
3046.0 517.0
2932.0 534.0
2974.0 528.0
3020.0 518.0
2744.0 567.0
2950.0 530.0
2942.0 532.0
2802.0 547.0
2990.0 523.0
2984.0 526.0
2686.0 606.0
2988.0 525.0
3232.0 489.0
2650.0 626.0
2706.0 590.0
2878.0 541.0
