2642.0 267.0
2978.0 153.0
2978.0 153.0
2642.0 267.0
2654.0 257.0
2658.0 241.0
2894.0 165.0
2958.0 159.0
2930.0 162.0
2930.0 162.0
2654.0 257.0
2878.0 171.0
2848.0 172.0
2710.0 210.0
2958.0 159.0
2892.0 170.0
2702.0 219.0
2770.0 189.0
2718.0 201.0
2710.0 210.0
2678.0 231.0
2780.0 184.0
2682.0 226.0
2806.0 182.0
2788.0 183.0
2838.0 173.0
2770.0 189.0
2658.0 241.0
2666.0 236.0
2714.0 205.0
2742.0 198.0
2730.0 200.0
2878.0 171.0
2666.0 236.0
2760.0 192.0
2670.0 233.0
2820.0 179.0
2714.0 205.0
2730.0 200.0
2698.0 223.0
2814.0 181.0
2690.0 225.0
2702.0 219.0
2848.0 172.0
2780.0 184.0
2830.0 177.0
2760.0 192.0
2820.0 179.0
2748.0 196.0
2742.0 198.0
2788.0 183.0
2752.0 193.0
2690.0 225.0
2806.0 182.0
2894.0 165.0
2832.0 176.0
2670.0 233.0
2678.0 231.0
2838.0 173.0
2814.0 181.0
2832.0 176.0
2700.0 221.0
2698.0 223.0
2830.0 177.0
2700.0 221.0
2748.0 196.0
2750.0 194.0
2718.0 201.0
2682.0 226.0
2752.0 193.0
2750.0 194.0
2892.0 170.0
2978.0 153.0
2642.0 267.0
2930.0 162.0
2654.0 257.0
2958.0 159.0
2710.0 210.0
2770.0 189.0
2658.0 241.0
2878.0 171.0
2666.0 236.0
2714.0 205.0
2730.0 200.0
2702.0 219.0
2848.0 172.0
2780.0 184.0
2760.0 192.0
2820.0 179.0
2742.0 198.0
2788.0 183.0
2806.0 182.0
2690.0 225.0
2894.0 165.0
2670.0 233.0
2678.0 231.0
2838.0 173.0
2832.0 176.0
2814.0 181.0
2830.0 177.0
