1480.0 304.0
1742.0 233.0
1742.0 233.0
1480.0 304.0
1487.0 299.0
1658.0 248.0
1633.0 250.0
1520.0 291.0
1544.0 288.0
1734.0 238.0
1506.0 298.0
1546.0 282.0
1537.0 290.0
1602.0 265.0
1586.0 266.0
1516.0 295.0
1625.0 252.0
1658.0 248.0
1556.0 278.0
1616.0 260.0
1698.0 244.0
1621.0 256.0
1561.0 274.0
1718.0 239.0
1673.0 246.0
1706.0 240.0
1621.0 256.0
1673.0 246.0
1586.0 266.0
1573.0 268.0
1685.0 245.0
1737.0 235.0
1718.0 239.0
1685.0 245.0
1633.0 250.0
1508.0 296.0
1550.0 280.0
1561.0 274.0
1566.0 272.0
1556.0 278.0
1701.0 242.0
1625.0 252.0
1573.0 268.0
1550.0 280.0
1487.0 299.0
1537.0 290.0
1737.0 235.0
1701.0 242.0
1610.0 261.0
1546.0 282.0
1567.0 270.0
1606.0 263.0
1544.0 288.0
1706.0 240.0
1616.0 260.0
1566.0 272.0
1520.0 291.0
1606.0 263.0
1516.0 295.0
1602.0 265.0
1569.0 269.0
1734.0 238.0
1698.0 244.0
1508.0 296.0
1610.0 261.0
1569.0 269.0
1608.0 262.0
1608.0 262.0
1506.0 298.0
1567.0 270.0
1480.0 304.0
1742.0 233.0
1658.0 248.0
1621.0 256.0
1673.0 246.0
1586.0 266.0
1718.0 239.0
1685.0 245.0
1633.0 250.0
1561.0 274.0
1556.0 278.0
1625.0 252.0
1573.0 268.0
1550.0 280.0
1487.0 299.0
1537.0 290.0
1737.0 235.0
1701.0 242.0
1546.0 282.0
1544.0 288.0
1706.0 240.0
1616.0 260.0
1566.0 272.0
1520.0 291.0
1606.0 263.0
1602.0 265.0
1516.0 295.0
1734.0 238.0
1698.0 244.0
1508.0 296.0
