10058.0 1834.0
10523.0 1496.0
10523.0 1496.0
10058.0 1834.0
10421.0 1509.0
10361.0 1530.0
10379.0 1529.0
10069.0 1801.0
10188.0 1647.0
10416.0 1517.0
10116.0 1743.0
10081.0 1794.0
10233.0 1617.0
10157.0 1687.0
10166.0 1669.0
10445.0 1508.0
10065.0 1816.0
10212.0 1636.0
10402.0 1522.0
10181.0 1662.0
10238.0 1610.0
10089.0 1777.0
10103.0 1760.0
10132.0 1723.0
10354.0 1535.0
10059.0 1822.0
10337.0 1538.0
10133.0 1713.0
10203.0 1639.0
10289.0 1569.0
10071.0 1797.0
10219.0 1626.0
10321.0 1550.0
10104.0 1751.0
10404.0 1519.0
10218.0 1631.0
10505.0 1497.0
10120.0 1732.0
10387.0 1525.0
10271.0 1590.0
10328.0 1542.0
10306.0 1558.0
10100.0 1766.0
10089.0 1777.0
10479.0 1500.0
10100.0 1766.0
10149.0 1690.0
10085.0 1787.0
10162.0 1677.0
10467.0 1504.0
10224.0 1620.0
10262.0 1591.0
10304.0 1563.0
10294.0 1564.0
10287.0 1575.0
10279.0 1579.0
10162.0 1677.0
10492.0 1499.0
10106.0 1747.0
10311.0 1554.0
10117.0 1734.0
10251.0 1603.0
10258.0 1597.0
10467.0 1504.0
10455.0 1506.0
10505.0 1497.0
10492.0 1499.0
10198.0 1642.0
10184.0 1655.0
10085.0 1787.0
10184.0 1655.0
10174.0 1666.0
10128.0 1727.0
10479.0 1500.0
10337.0 1538.0
10135.0 1709.0
10142.0 1701.0
10455.0 1506.0
10328.0 1542.0
10142.0 1701.0
10135.0 1709.0
10251.0 1603.0
10321.0 1550.0
10065.0 1816.0
10258.0 1597.0
10387.0 1525.0
10151.0 1689.0
10274.0 1585.0
10198.0 1642.0
10144.0 1697.0
10244.0 1607.0
10445.0 1508.0
10274.0 1585.0
10244.0 1607.0
10174.0 1666.0
10354.0 1535.0
10128.0 1727.0
10279.0 1579.0
10311.0 1554.0
10144.0 1697.0
