194.0 1221.0
195.0 1220.0
196.0 1212.0
197.0 1207.0
198.0 1204.0
199.0 1197.0
200.0 1188.0
201.0 1181.0
202.0 1175.0
204.0 1157.0
205.0 1153.0
206.0 1150.0
207.0 1146.0
208.0 1142.0
209.0 1133.0
210.0 1130.0
211.0 1127.0
212.0 1119.0
213.0 1112.0
214.0 1109.0
215.0 1107.0
216.0 1098.0
217.0 1095.0
218.0 1094.0
219.0 1087.0
221.0 1083.0
222.0 1076.0
224.0 1075.0
227.0 1073.0
228.0 1072.0
229.0 1067.0
231.0 1061.0
234.0 1058.0
235.0 1050.0
237.0 1045.0
239.0 1041.0
240.0 1035.0
242.0 1028.0
244.0 1027.0
245.0 1026.0
246.0 1020.0
248.0 1018.0
249.0 1016.0
251.0 1014.0
252.0 1009.0
255.0 1008.0
256.0 1006.0
258.0 1002.0
261.0 1001.0
262.0 996.0
268.0 994.0
269.0 991.0
271.0 990.0
272.0 987.0
276.0 986.0
278.0 983.0
281.0 981.0
283.0 980.0
287.0 978.0
291.0 977.0
292.0 973.0
295.0 972.0
299.0 968.0
310.0 967.0
313.0 964.0
317.0 963.0
318.0 962.0
320.0 960.0
321.0 959.0
