2606.0 644.0
2610.0 636.0
2614.0 632.0
2616.0 628.0
2618.0 624.0
2624.0 616.0
2632.0 613.0
2634.0 610.0
2642.0 607.0
2650.0 606.0
2654.0 598.0
2662.0 595.0
2670.0 594.0
2674.0 592.0
2682.0 591.0
2686.0 583.0
2698.0 580.0
2726.0 579.0
2734.0 577.0
2738.0 576.0
2748.0 575.0
2750.0 573.0
2760.0 572.0
2766.0 570.0
2774.0 559.0
2776.0 555.0
2782.0 552.0
2792.0 540.0
2796.0 539.0
2798.0 535.0
2818.0 528.0
2820.0 524.0
2848.0 522.0
2856.0 520.0
2866.0 517.0
2870.0 511.0
2900.0 510.0
2906.0 507.0
2942.0 505.0
2946.0 503.0
2964.0 502.0
2980.0 499.0
3004.0 496.0
3036.0 494.0
3056.0 493.0
3068.0 490.0
