7939.0 1281.0
7946.0 1251.0
7953.0 1244.0
7954.0 1233.0
7955.0 1225.0
7960.0 1221.0
7964.0 1218.0
7967.0 1211.0
7970.0 1206.0
7971.0 1205.0
7975.0 1202.0
7976.0 1201.0
7980.0 1198.0
7981.0 1190.0
7984.0 1183.0
7989.0 1179.0
7996.0 1176.0
8001.0 1172.0
8012.0 1169.0
8014.0 1167.0
8017.0 1165.0
8019.0 1163.0
8021.0 1162.0
8022.0 1156.0
8024.0 1155.0
8033.0 1154.0
8036.0 1147.0
8043.0 1141.0
8052.0 1138.0
8054.0 1137.0
8061.0 1134.0
8063.0 1121.0
8067.0 1119.0
8071.0 1113.0
8082.0 1110.0
8087.0 1108.0
8088.0 1105.0
8092.0 1099.0
8096.0 1095.0
8108.0 1093.0
8112.0 1087.0
8117.0 1082.0
8120.0 1080.0
8125.0 1075.0
8133.0 1071.0
8143.0 1070.0
8146.0 1068.0
8147.0 1067.0
8148.0 1066.0
8151.0 1063.0
8152.0 1062.0
8156.0 1059.0
8160.0 1058.0
8162.0 1057.0
8164.0 1055.0
8168.0 1050.0
8176.0 1046.0
8181.0 1041.0
8189.0 1037.0
8192.0 1034.0
8200.0 1032.0
8205.0 1025.0
8213.0 1021.0
8217.0 1020.0
8224.0 1016.0
8226.0 1012.0
8231.0 1011.0
8233.0 1009.0
8239.0 1004.0
8243.0 1002.0
8249.0 1000.0
8251.0 996.0
8253.0 993.0
8257.0 991.0
8259.0 988.0
8265.0 986.0
8271.0 984.0
8278.0 983.0
8281.0 982.0
8282.0 980.0
8283.0 979.0
8284.0 977.0
8288.0 975.0
8289.0 974.0
8290.0 972.0
8296.0 970.0
8304.0 968.0
8309.0 966.0
8311.0 965.0
8315.0 964.0
8316.0 962.0
8321.0 961.0
8322.0 959.0
8327.0 956.0
8332.0 954.0
8337.0 951.0
8342.0 950.0
8343.0 948.0
8348.0 945.0
8361.0 943.0
8366.0 941.0
8372.0 940.0
8377.0 937.0
8415.0 936.0
8416.0 935.0
8421.0 934.0
8427.0 931.0
8436.0 930.0
8449.0 929.0
8454.0 928.0
8456.0 927.0
8471.0 926.0
8477.0 923.0
8510.0 919.0
8535.0 917.0
8545.0 913.0
8552.0 911.0
8563.0 909.0
8573.0 907.0
8582.0 905.0
8603.0 901.0
8617.0 899.0
8638.0 895.0
8676.0 891.0
