19367.0 6252.0
19369.0 6235.0
19373.0 6231.0
19375.0 6221.0
19379.0 6212.0
19381.0 6195.0
19385.0 6191.0
19387.0 6181.0
19390.0 6176.0
19391.0 6172.0
19393.0 6154.0
19395.0 6151.0
19397.0 6138.0
19404.0 6133.0
19409.0 6119.0
19412.0 6114.0
19413.0 6113.0
19415.0 6106.0
19418.0 6099.0
19421.0 6068.0
19424.0 6061.0
19429.0 6060.0
19430.0 6056.0
19431.0 6050.0
19434.0 6043.0
19435.0 6042.0
19438.0 5890.0
19446.0 5881.0
19447.0 5855.0
19451.0 5832.0
19454.0 5807.0
19459.0 5792.0
19463.0 5772.0
19468.0 5757.0
19471.0 5753.0
19476.0 5734.0
19479.0 5706.0
19481.0 5680.0
19482.0 5675.0
19484.0 5649.0
19487.0 5640.0
19488.0 5635.0
19491.0 5626.0
19492.0 5623.0
19495.0 5614.0
19498.0 5612.0
19504.0 5611.0
19506.0 5605.0
19507.0 5602.0
19510.0 5593.0
19513.0 5590.0
19514.0 5587.0
19520.0 5584.0
19523.0 5580.0
19524.0 5577.0
19527.0 5568.0
19534.0 5562.0
19542.0 5558.0
19543.0 5555.0
19544.0 5554.0
19549.0 5552.0
19550.0 5546.0
19553.0 5544.0
19559.0 5543.0
19560.0 5537.0
19565.0 5536.0
19566.0 5533.0
19567.0 5531.0
19570.0 5530.0
19574.0 5528.0
19575.0 5527.0
19576.0 5524.0
19577.0 5523.0
19580.0 5519.0
19583.0 5515.0
19586.0 5513.0
19590.0 5512.0
19592.0 5509.0
19593.0 5507.0
19594.0 5506.0
19596.0 5503.0
19597.0 5490.0
19600.0 5486.0
19601.0 5484.0
19604.0 5480.0
19609.0 5479.0
19611.0 5474.0
19614.0 5470.0
19615.0 5468.0
19617.0 5467.0
19618.0 5464.0
19621.0 5461.0
19625.0 5460.0
19626.0 5459.0
19628.0 5455.0
19631.0 5451.0
19632.0 5449.0
19635.0 5445.0
19637.0 5442.0
19639.0 5440.0
19641.0 5438.0
19643.0 5426.0
19645.0 5416.0
19647.0 5414.0
19649.0 5413.0
19651.0 5400.0
19655.0 5394.0
19660.0 5382.0
19668.0 5380.0
19670.0 5372.0
19673.0 5368.0
19677.0 5363.0
19681.0 5361.0
19685.0 5358.0
19686.0 5349.0
19694.0 5344.0
19697.0 5342.0
19702.0 5336.0
19710.0 5331.0
19711.0 5325.0
19719.0 5320.0
19722.0 5318.0
19727.0 5312.0
19733.0 5311.0
19735.0 5307.0
19738.0 5305.0
19740.0 5303.0
19743.0 5302.0
19745.0 5296.0
19747.0 5294.0
19749.0 5289.0
19750.0 5285.0
19753.0 5284.0
19757.0 5283.0
19758.0 5279.0
19761.0 5278.0
19765.0 5276.0
19766.0 5272.0
19769.0 5271.0
19772.0 5267.0
19774.0 5266.0
19776.0 5261.0
19783.0 5250.0
19786.0 5249.0
19792.0 5247.0
19798.0 5243.0
19799.0 5237.0
19802.0 5236.0
19806.0 5235.0
19807.0 5230.0
19809.0 5226.0
19817.0 5218.0
19825.0 5213.0
19833.0 5205.0
19837.0 5204.0
19840.0 5203.0
19841.0 5198.0
19845.0 5196.0
19848.0 5195.0
19850.0 5194.0
19852.0 5193.0
19853.0 5192.0
19854.0 5190.0
19858.0 5186.0
19861.0 5184.0
19862.0 5183.0
19866.0 5182.0
19868.0 5181.0
19869.0 5179.0
19870.0 5175.0
19874.0 5174.0
19875.0 5173.0
19877.0 5172.0
19878.0 5170.0
19879.0 5169.0
19882.0 5168.0
19883.0 5165.0
19890.0 5162.0
19895.0 5158.0
19898.0 5156.0
19899.0 5155.0
19903.0 5154.0
19906.0 5151.0
19907.0 5147.0
19911.0 5146.0
19912.0 5145.0
19916.0 5141.0
19920.0 5137.0
19931.0 5136.0
19932.0 5135.0
19934.0 5133.0
19935.0 5132.0
19937.0 5131.0
19938.0 5130.0
19942.0 5129.0
19945.0 5126.0
19946.0 5122.0
19950.0 5121.0
19951.0 5120.0
19955.0 5116.0
19959.0 5112.0
19966.0 5111.0
19971.0 5109.0
19974.0 5107.0
19975.0 5105.0
19977.0 5101.0
19981.0 5099.0
19983.0 5098.0
19984.0 5095.0
19988.0 5093.0
19990.0 5087.0
19994.0 5085.0
19997.0 5083.0
20000.0 5075.0
20004.0 5073.0
20007.0 5071.0
20014.0 5063.0
20018.0 5061.0
20027.0 5053.0
20033.0 5052.0
20037.0 5050.0
20039.0 5048.0
20047.0 5040.0
20051.0 5038.0
20060.0 5030.0
20072.0 5025.0
20084.0 5021.0
20091.0 5020.0
20095.0 5017.0
20101.0 5015.0
20104.0 5014.0
20107.0 5012.0
20113.0 5010.0
20115.0 5009.0
20119.0 5008.0
20125.0 5006.0
20126.0 5004.0
20137.0 5003.0
20138.0 4999.0
20149.0 4998.0
20150.0 4995.0
20152.0 4994.0
20154.0 4993.0
20162.0 4991.0
20163.0 4989.0
20166.0 4988.0
20174.0 4987.0
20175.0 4984.0
20179.0 4982.0
20187.0 4980.0
20191.0 4977.0
20202.0 4976.0
20203.0 4973.0
20212.0 4971.0
20215.0 4969.0
20216.0 4967.0
20225.0 4966.0
20227.0 4965.0
20228.0 4962.0
20234.0 4961.0
20240.0 4958.0
20246.0 4957.0
20249.0 4956.0
20256.0 4953.0
20261.0 4952.0
20270.0 4949.0
20271.0 4946.0
20280.0 4945.0
20283.0 4942.0
20287.0 4939.0
20299.0 4935.0
20308.0 4934.0
20314.0 4932.0
20316.0 4931.0
20320.0 4930.0
20323.0 4927.0
20324.0 4924.0
20333.0 4923.0
20336.0 4920.0
20345.0 4919.0
20353.0 4917.0
20362.0 4916.0
20369.0 4911.0
20381.0 4907.0
20398.0 4904.0
20414.0 4902.0
20420.0 4901.0
20423.0 4900.0
20431.0 4899.0
20437.0 4898.0
20440.0 4897.0
20463.0 4895.0
20473.0 4894.0
20475.0 4893.0
20489.0 4891.0
20492.0 4890.0
20501.0 4886.0
20511.0 4884.0
20515.0 4883.0
20523.0 4879.0
20535.0 4876.0
20547.0 4875.0
20549.0 4873.0
20559.0 4872.0
20573.0 4869.0
20596.0 4868.0
20597.0 4866.0
20599.0 4864.0
20606.0 4862.0
20613.0 4861.0
20614.0 4860.0
20616.0 4858.0
20619.0 4854.0
20621.0 4852.0
20629.0 4850.0
20635.0 4849.0
20636.0 4847.0
20638.0 4845.0
20643.0 4844.0
20645.0 4842.0
20646.0 4841.0
20648.0 4839.0
20652.0 4838.0
20657.0 4836.0
20663.0 4835.0
20665.0 4833.0
20668.0 4832.0
20670.0 4830.0
20672.0 4828.0
20677.0 4826.0
20679.0 4824.0
20687.0 4822.0
20695.0 4819.0
20698.0 4818.0
20702.0 4816.0
20704.0 4814.0
20706.0 4812.0
20711.0 4809.0
20714.0 4808.0
20729.0 4806.0
20732.0 4805.0
20733.0 4804.0
20735.0 4803.0
20736.0 4802.0
20741.0 4800.0
20743.0 4798.0
20748.0 4797.0
20751.0 4796.0
20755.0 4792.0
20758.0 4791.0
20761.0 4790.0
20763.0 4789.0
20765.0 4786.0
20773.0 4784.0
20775.0 4782.0
20781.0 4781.0
20782.0 4780.0
20785.0 4777.0
20789.0 4775.0
20797.0 4773.0
20799.0 4771.0
20807.0 4770.0
20813.0 4769.0
20815.0 4768.0
20817.0 4766.0
20823.0 4765.0
20824.0 4764.0
20827.0 4761.0
20831.0 4759.0
20837.0 4758.0
20839.0 4757.0
20841.0 4755.0
20847.0 4754.0
20849.0 4753.0
20853.0 4750.0
20859.0 4749.0
20861.0 4748.0
20863.0 4746.0
20873.0 4741.0
20877.0 4739.0
20885.0 4737.0
20887.0 4735.0
20907.0 4734.0
20908.0 4733.0
20909.0 4731.0
20911.0 4729.0
20918.0 4727.0
20929.0 4725.0
20931.0 4723.0
20942.0 4721.0
20951.0 4717.0
20962.0 4712.0
20979.0 4708.0
20981.0 4704.0
21017.0 4702.0
21018.0 4698.0
21056.0 4692.0
21096.0 4690.0
21097.0 4688.0
21134.0 4684.0
21200.0 4683.0
21213.0 4682.0
21245.0 4681.0
21251.0 4676.0
21272.0 4672.0
21278.0 4670.0
21309.0 4666.0
21315.0 4664.0
21357.0 4662.0
21375.0 4660.0
