322.0 1208.0
323.0 1197.0
325.0 1161.0
326.0 1158.0
327.0 1147.0
328.0 1123.0
329.0 1106.0
330.0 1097.0
331.0 1083.0
332.0 1078.0
333.0 1065.0
334.0 1062.0
335.0 1049.0
336.0 1036.0
337.0 1027.0
339.0 1023.0
340.0 1019.0
341.0 1007.0
344.0 999.0
345.0 997.0
346.0 989.0
347.0 988.0
348.0 981.0
349.0 978.0
350.0 976.0
352.0 970.0
353.0 966.0
355.0 962.0
356.0 959.0
358.0 953.0
360.0 944.0
361.0 942.0
362.0 926.0
363.0 924.0
364.0 920.0
365.0 918.0
366.0 916.0
367.0 914.0
369.0 909.0
370.0 901.0
371.0 895.0
374.0 885.0
375.0 882.0
377.0 881.0
378.0 875.0
379.0 872.0
380.0 869.0
382.0 866.0
384.0 865.0
386.0 864.0
387.0 863.0
389.0 862.0
393.0 861.0
394.0 855.0
397.0 853.0
398.0 852.0
400.0 849.0
401.0 845.0
402.0 844.0
406.0 839.0
407.0 836.0
409.0 834.0
412.0 830.0
413.0 827.0
415.0 825.0
417.0 823.0
419.0 819.0
422.0 817.0
