412.0 1287.0
414.0 1268.0
415.0 1257.0
416.0 1251.0
417.0 1240.0
418.0 1235.0
419.0 1230.0
420.0 1219.0
421.0 1214.0
422.0 1202.0
423.0 1194.0
424.0 1185.0
425.0 1172.0
426.0 1169.0
427.0 1155.0
428.0 1154.0
429.0 1143.0
430.0 1142.0
431.0 1139.0
432.0 1137.0
433.0 1127.0
434.0 1126.0
435.0 1123.0
436.0 1121.0
437.0 1117.0
438.0 1116.0
439.0 1112.0
441.0 1101.0
443.0 1096.0
447.0 1092.0
450.0 1087.0
452.0 1082.0
453.0 1078.0
454.0 1077.0
455.0 1076.0
456.0 1072.0
458.0 1068.0
459.0 1067.0
460.0 1063.0
461.0 1062.0
463.0 1061.0
464.0 1057.0
465.0 1056.0
467.0 1055.0
468.0 1046.0
470.0 1043.0
472.0 1038.0
476.0 1036.0
477.0 1028.0
478.0 1024.0
483.0 1021.0
485.0 1017.0
486.0 1015.0
487.0 1013.0
491.0 1008.0
492.0 1005.0
494.0 997.0
498.0 989.0
500.0 987.0
504.0 982.0
518.0 980.0
523.0 979.0
