2624.0 693.0
2626.0 682.0
2634.0 673.0
2642.0 665.0
2644.0 654.0
2656.0 652.0
2662.0 644.0
2666.0 637.0
2668.0 611.0
2672.0 607.0
2682.0 601.0
2686.0 597.0
2690.0 593.0
2704.0 591.0
2712.0 587.0
2720.0 581.0
2736.0 570.0
2738.0 566.0
2742.0 562.0
2762.0 560.0
2774.0 559.0
2776.0 555.0
2782.0 552.0
2792.0 540.0
2796.0 539.0
2798.0 535.0
2818.0 528.0
2820.0 524.0
2848.0 522.0
2856.0 520.0
2866.0 517.0
2870.0 511.0
2900.0 510.0
2906.0 507.0
2942.0 505.0
2946.0 503.0
2980.0 499.0
3004.0 496.0
3036.0 494.0
3048.0 493.0
3068.0 490.0
3166.0 488.0
