5358.0 753.0
5360.0 733.0
5362.0 717.0
5367.0 700.0
5380.0 689.0
5389.0 684.0
5395.0 678.0
5401.0 664.0
5418.0 653.0
5420.0 647.0
5423.0 637.0
5433.0 631.0
5445.0 628.0
5448.0 619.0
5460.0 612.0
5466.0 609.0
5477.0 605.0
5489.0 601.0
5493.0 600.0
5495.0 599.0
5499.0 596.0
5500.0 589.0
5504.0 588.0
5510.0 581.0
5523.0 576.0
5533.0 568.0
5546.0 567.0
5550.0 565.0
5563.0 564.0
5565.0 560.0
5575.0 558.0
5582.0 557.0
5592.0 555.0
5605.0 554.0
5607.0 550.0
5619.0 549.0
5624.0 547.0
5651.0 543.0
5662.0 542.0
5666.0 538.0
5674.0 537.0
5678.0 535.0
5680.0 531.0
5686.0 528.0
5693.0 525.0
5707.0 523.0
5714.0 520.0
5729.0 517.0
5750.0 512.0
5786.0 511.0
5802.0 510.0
5849.0 506.0
5887.0 505.0
