9930.0 1896.0
9933.0 1894.0
9934.0 1871.0
9937.0 1869.0
9940.0 1863.0
9941.0 1856.0
9946.0 1846.0
9947.0 1839.0
9953.0 1833.0
9960.0 1832.0
9962.0 1830.0
9963.0 1828.0
9964.0 1827.0
9966.0 1826.0
9970.0 1821.0
9972.0 1820.0
9975.0 1817.0
9979.0 1816.0
9980.0 1809.0
9989.0 1808.0
9990.0 1799.0
10000.0 1794.0
10003.0 1792.0
10007.0 1782.0
10009.0 1775.0
10013.0 1765.0
10023.0 1760.0
10029.0 1758.0
10031.0 1753.0
10037.0 1749.0
10039.0 1746.0
10040.0 1744.0
10042.0 1743.0
10043.0 1740.0
10044.0 1735.0
10050.0 1729.0
10054.0 1726.0
10058.0 1721.0
10063.0 1720.0
10064.0 1715.0
10067.0 1705.0
10068.0 1701.0
10083.0 1700.0
10084.0 1693.0
10088.0 1690.0
10104.0 1684.0
10105.0 1681.0
10112.0 1680.0
10125.0 1675.0
10126.0 1674.0
10129.0 1671.0
10137.0 1665.0
10145.0 1663.0
10155.0 1655.0
10163.0 1652.0
10175.0 1649.0
10176.0 1648.0
10179.0 1645.0
10187.0 1642.0
10196.0 1639.0
10200.0 1638.0
10204.0 1636.0
10206.0 1635.0
10220.0 1629.0
10224.0 1628.0
10226.0 1626.0
10232.0 1625.0
10241.0 1622.0
10245.0 1621.0
10249.0 1619.0
10251.0 1618.0
10265.0 1612.0
10271.0 1609.0
10287.0 1608.0
10289.0 1606.0
10291.0 1598.0
10295.0 1595.0
10299.0 1593.0
10303.0 1590.0
10308.0 1589.0
10309.0 1581.0
10313.0 1578.0
10317.0 1576.0
10321.0 1573.0
10326.0 1571.0
10330.0 1568.0
10338.0 1565.0
10341.0 1563.0
10346.0 1560.0
10351.0 1558.0
10359.0 1555.0
10360.0 1552.0
10366.0 1550.0
10367.0 1548.0
10374.0 1544.0
10381.0 1538.0
10386.0 1537.0
10392.0 1535.0
10393.0 1533.0
10400.0 1527.0
10406.0 1525.0
10411.0 1524.0
10419.0 1520.0
10425.0 1514.0
10439.0 1513.0
10444.0 1512.0
10448.0 1508.0
10458.0 1502.0
10487.0 1500.0
10489.0 1499.0
10495.0 1497.0
10500.0 1495.0
10515.0 1494.0
10517.0 1493.0
10521.0 1492.0
10525.0 1488.0
10537.0 1485.0
10543.0 1480.0
10551.0 1475.0
10570.0 1470.0
10580.0 1467.0
10596.0 1462.0
10615.0 1457.0
10654.0 1454.0
10666.0 1452.0
