19440.0 6018.0
19442.0 5995.0
19443.0 5779.0
19447.0 5778.0
19448.0 5752.0
19452.0 5751.0
19454.0 5741.0
19455.0 5739.0
19457.0 5736.0
19460.0 5715.0
19464.0 5714.0
19466.0 5704.0
19469.0 5699.0
19472.0 5696.0
19473.0 5692.0
19475.0 5688.0
19476.0 5676.0
19479.0 5664.0
19484.0 5658.0
19485.0 5652.0
19490.0 5646.0
19491.0 5630.0
19496.0 5624.0
19497.0 5618.0
19502.0 5612.0
19503.0 5607.0
19506.0 5606.0
19507.0 5603.0
19508.0 5597.0
19509.0 5594.0
19510.0 5588.0
19512.0 5586.0
19513.0 5583.0
19514.0 5580.0
19516.0 5579.0
19518.0 5574.0
19519.0 5571.0
19520.0 5568.0
19522.0 5567.0
19525.0 5560.0
19526.0 5557.0
19528.0 5553.0
19532.0 5549.0
19534.0 5541.0
19542.0 5540.0
19543.0 5537.0
19544.0 5530.0
19548.0 5528.0
19549.0 5521.0
19550.0 5518.0
19555.0 5509.0
19556.0 5507.0
19561.0 5498.0
19564.0 5495.0
19570.0 5488.0
19575.0 5486.0
19576.0 5484.0
19580.0 5477.0
19581.0 5475.0
19584.0 5474.0
19586.0 5471.0
19587.0 5469.0
19588.0 5468.0
19589.0 5466.0
19590.0 5462.0
19592.0 5459.0
19597.0 5453.0
19600.0 5451.0
19602.0 5448.0
19606.0 5447.0
19607.0 5446.0
19608.0 5442.0
19610.0 5439.0
19613.0 5437.0
19616.0 5435.0
19617.0 5431.0
19620.0 5428.0
19624.0 5426.0
19626.0 5415.0
19631.0 5412.0
19632.0 5411.0
19633.0 5410.0
19635.0 5409.0
19636.0 5407.0
19637.0 5406.0
19639.0 5396.0
19644.0 5394.0
19645.0 5392.0
19646.0 5391.0
19648.0 5390.0
19649.0 5385.0
19654.0 5382.0
19656.0 5378.0
19660.0 5377.0
19661.0 5371.0
19662.0 5366.0
19666.0 5361.0
19669.0 5359.0
19673.0 5354.0
19674.0 5352.0
19678.0 5347.0
19685.0 5342.0
19690.0 5338.0
19691.0 5337.0
19694.0 5333.0
19695.0 5332.0
19699.0 5328.0
19702.0 5327.0
19706.0 5323.0
19712.0 5320.0
19713.0 5318.0
19714.0 5317.0
19715.0 5314.0
19716.0 5313.0
19720.0 5309.0
19723.0 5308.0
19726.0 5303.0
19731.0 5301.0
19732.0 5295.0
19738.0 5294.0
19739.0 5290.0
19742.0 5289.0
19743.0 5287.0
19746.0 5284.0
19748.0 5281.0
19753.0 5279.0
19754.0 5277.0
19756.0 5276.0
19758.0 5271.0
19760.0 5270.0
19764.0 5268.0
19766.0 5264.0
19770.0 5257.0
19772.0 5256.0
19776.0 5254.0
19779.0 5253.0
19780.0 5251.0
19783.0 5248.0
19786.0 5246.0
19790.0 5244.0
19794.0 5240.0
19796.0 5237.0
19801.0 5235.0
19805.0 5232.0
19806.0 5225.0
19810.0 5221.0
19816.0 5216.0
19820.0 5212.0
19829.0 5211.0
19830.0 5208.0
19831.0 5204.0
19834.0 5201.0
19838.0 5197.0
19842.0 5194.0
19844.0 5192.0
19848.0 5188.0
19852.0 5185.0
19855.0 5183.0
19859.0 5181.0
19861.0 5180.0
19862.0 5176.0
19865.0 5174.0
19867.0 5172.0
19871.0 5170.0
19872.0 5167.0
19875.0 5165.0
19877.0 5163.0
19881.0 5161.0
19885.0 5160.0
19886.0 5156.0
19887.0 5154.0
19891.0 5152.0
19897.0 5145.0
19901.0 5143.0
19912.0 5141.0
19915.0 5136.0
19918.0 5134.0
19922.0 5132.0
19933.0 5130.0
19936.0 5125.0
19941.0 5124.0
19945.0 5122.0
19950.0 5120.0
19951.0 5116.0
19955.0 5114.0
19962.0 5113.0
19966.0 5111.0
19969.0 5107.0
19975.0 5106.0
19977.0 5103.0
19981.0 5101.0
19985.0 5098.0
19989.0 5096.0
19995.0 5094.0
20003.0 5086.0
20007.0 5084.0
20017.0 5076.0
20021.0 5074.0
20035.0 5067.0
20049.0 5066.0
20051.0 5062.0
20059.0 5057.0
20065.0 5055.0
20071.0 5053.0
20073.0 5050.0
20074.0 5049.0
20078.0 5047.0
20089.0 5044.0
20092.0 5040.0
20103.0 5039.0
20108.0 5035.0
20110.0 5034.0
20116.0 5030.0
20122.0 5028.0
20127.0 5027.0
20128.0 5026.0
20130.0 5023.0
20139.0 5021.0
20146.0 5017.0
20149.0 5016.0
20153.0 5014.0
20156.0 5013.0
20160.0 5011.0
20167.0 5007.0
20174.0 5004.0
20183.0 5002.0
20184.0 5000.0
20190.0 4999.0
20191.0 4997.0
20197.0 4995.0
20198.0 4994.0
20204.0 4992.0
20205.0 4990.0
20211.0 4988.0
20212.0 4987.0
20214.0 4985.0
20223.0 4979.0
20235.0 4977.0
20237.0 4975.0
20239.0 4973.0
20244.0 4971.0
20248.0 4970.0
20249.0 4967.0
20257.0 4964.0
20260.0 4961.0
20266.0 4959.0
20269.0 4955.0
20275.0 4953.0
20283.0 4951.0
20286.0 4949.0
20291.0 4947.0
20295.0 4943.0
20301.0 4941.0
20309.0 4938.0
20312.0 4935.0
20320.0 4932.0
20321.0 4929.0
20325.0 4928.0
20329.0 4926.0
20333.0 4925.0
20334.0 4922.0
20338.0 4920.0
20342.0 4919.0
20345.0 4916.0
20354.0 4910.0
20364.0 4908.0
20368.0 4906.0
20371.0 4904.0
20374.0 4903.0
20380.0 4898.0
20389.0 4896.0
20394.0 4894.0
20403.0 4892.0
20406.0 4890.0
20408.0 4889.0
20410.0 4888.0
20414.0 4887.0
20417.0 4884.0
20424.0 4883.0
20426.0 4878.0
20432.0 4877.0
20437.0 4876.0
20439.0 4874.0
20446.0 4873.0
20447.0 4872.0
20450.0 4871.0
20453.0 4870.0
20455.0 4868.0
20457.0 4866.0
20461.0 4864.0
20468.0 4863.0
20472.0 4861.0
20478.0 4858.0
20483.0 4857.0
20485.0 4855.0
20492.0 4851.0
20501.0 4849.0
20503.0 4847.0
20507.0 4845.0
20514.0 4843.0
20518.0 4842.0
20522.0 4841.0
20525.0 4840.0
20532.0 4839.0
20533.0 4838.0
20537.0 4837.0
20538.0 4835.0
20546.0 4831.0
20553.0 4829.0
20560.0 4827.0
20561.0 4825.0
20568.0 4823.0
20576.0 4821.0
20583.0 4820.0
20586.0 4819.0
20590.0 4817.0
20597.0 4815.0
20601.0 4814.0
20604.0 4813.0
20608.0 4812.0
20612.0 4811.0
20616.0 4810.0
20621.0 4809.0
20622.0 4807.0
20629.0 4805.0
20637.0 4803.0
20650.0 4802.0
20651.0 4800.0
20658.0 4798.0
20666.0 4796.0
20687.0 4794.0
20692.0 4791.0
20698.0 4790.0
20707.0 4787.0
20709.0 4786.0
20712.0 4785.0
20720.0 4782.0
20723.0 4781.0
20734.0 4777.0
20735.0 4773.0
20746.0 4769.0
20762.0 4767.0
20763.0 4765.0
20774.0 4761.0
20789.0 4760.0
20790.0 4756.0
20800.0 4754.0
20801.0 4752.0
20824.0 4748.0
20828.0 4746.0
20843.0 4745.0
20845.0 4744.0
20849.0 4738.0
20855.0 4737.0
20875.0 4735.0
20881.0 4734.0
20887.0 4732.0
20893.0 4731.0
20906.0 4729.0
20919.0 4728.0
20932.0 4726.0
20944.0 4723.0
20970.0 4720.0
21034.0 4719.0
21036.0 4717.0
21041.0 4711.0
21047.0 4709.0
21059.0 4708.0
21065.0 4706.0
21106.0 4702.0
21124.0 4699.0
21158.0 4695.0
21169.0 4694.0
21176.0 4691.0
21187.0 4690.0
21198.0 4687.0
21211.0 4682.0
21229.0 4678.0
21247.0 4677.0
21253.0 4676.0
21269.0 4675.0
21279.0 4674.0
21295.0 4673.0
21313.0 4672.0
