24727.0 7782.0
24728.0 7775.0
24729.0 7768.0
24730.0 7764.0
24731.0 7663.0
24732.0 7650.0
24733.0 7643.0
24734.0 7638.0
24735.0 7635.0
24736.0 7630.0
24740.0 7625.0
24742.0 7618.0
24743.0 7606.0
24744.0 7599.0
24745.0 7594.0
24746.0 7591.0
24747.0 7554.0
24748.0 7548.0
24751.0 7541.0
24752.0 7539.0
24754.0 7536.0
24755.0 7530.0
24756.0 7524.0
24758.0 7514.0
24760.0 7495.0
24761.0 7489.0
24767.0 7477.0
24768.0 7473.0
24769.0 7465.0
24771.0 7455.0
24778.0 7452.0
24780.0 7441.0
24781.0 7425.0
24782.0 7407.0
24784.0 7403.0
24787.0 7402.0
24791.0 7401.0
24793.0 7390.0
24795.0 7375.0
24797.0 7366.0
24799.0 7362.0
24802.0 7354.0
24804.0 7345.0
24810.0 7340.0
24811.0 7339.0
24816.0 7337.0
24817.0 7334.0
24821.0 7328.0
24822.0 7326.0
24825.0 7324.0
24827.0 7323.0
24828.0 7321.0
24830.0 7317.0
24833.0 7313.0
24834.0 7312.0
24837.0 7311.0
24839.0 7308.0
24840.0 7307.0
24841.0 7306.0
24845.0 7304.0
24846.0 7301.0
24847.0 7294.0
24851.0 7290.0
24853.0 7289.0
24856.0 7288.0
24857.0 7285.0
24859.0 7283.0
24862.0 7281.0
24863.0 7280.0
24865.0 7274.0
24866.0 7270.0
24870.0 7269.0
24872.0 7265.0
24873.0 7254.0
24880.0 7250.0
24882.0 7248.0
24883.0 7245.0
24885.0 7243.0
24890.0 7242.0
24892.0 7240.0
24895.0 7234.0
24899.0 7229.0
24904.0 7228.0
24905.0 7225.0
24907.0 7223.0
24909.0 7220.0
24911.0 7215.0
24915.0 7210.0
24917.0 7205.0
24919.0 7203.0
24923.0 7193.0
24925.0 7191.0
24927.0 7187.0
24931.0 7184.0
24932.0 7182.0
24934.0 7174.0
24936.0 7172.0
24940.0 7162.0
24942.0 7160.0
24946.0 7158.0
24948.0 7156.0
24950.0 7155.0
24952.0 7153.0
24954.0 7148.0
24956.0 7141.0
24960.0 7138.0
24961.0 7136.0
24963.0 7129.0
24967.0 7126.0
24971.0 7124.0
24975.0 7121.0
24979.0 7120.0
24980.0 7118.0
24981.0 7114.0
24983.0 7112.0
24985.0 7102.0
24987.0 7095.0
24991.0 7092.0
24994.0 7082.0
24996.0 7075.0
25000.0 7072.0
25001.0 7070.0
25003.0 7063.0
25007.0 7060.0
25011.0 7058.0
25015.0 7055.0
25020.0 7052.0
25023.0 7051.0
25024.0 7050.0
25027.0 7048.0
25028.0 7047.0
25029.0 7041.0
25033.0 7038.0
25042.0 7033.0
25046.0 7030.0
25051.0 7026.0
25055.0 7023.0
25062.0 7020.0
25063.0 7018.0
25066.0 7017.0
25067.0 7015.0
25069.0 7013.0
25073.0 7010.0
25076.0 7007.0
25080.0 7004.0
25087.0 7003.0
25088.0 6998.0
25092.0 6995.0
25099.0 6994.0
25102.0 6993.0
25103.0 6991.0
25106.0 6990.0
25107.0 6986.0
25110.0 6982.0
25116.0 6976.0
25121.0 6973.0
25123.0 6968.0
25124.0 6967.0
25127.0 6966.0
25131.0 6964.0
25132.0 6959.0
25135.0 6958.0
25136.0 6953.0
25137.0 6951.0
25141.0 6950.0
25143.0 6945.0
25144.0 6944.0
25147.0 6943.0
25149.0 6941.0
25152.0 6936.0
25155.0 6935.0
25156.0 6933.0
25157.0 6928.0
25164.0 6926.0
25166.0 6923.0
25169.0 6918.0
25175.0 6914.0
25177.0 6913.0
25181.0 6907.0
25186.0 6906.0
25187.0 6904.0
25189.0 6902.0
25190.0 6901.0
25193.0 6897.0
25197.0 6894.0
25198.0 6893.0
25199.0 6890.0
25203.0 6885.0
25208.0 6884.0
25210.0 6883.0
25211.0 6878.0
25215.0 6875.0
25220.0 6874.0
25221.0 6868.0
25227.0 6867.0
25228.0 6866.0
25229.0 6861.0
25233.0 6858.0
25241.0 6851.0
25245.0 6849.0
25249.0 6846.0
25253.0 6842.0
25258.0 6840.0
25261.0 6836.0
25266.0 6835.0
25270.0 6830.0
25274.0 6828.0
25279.0 6826.0
25282.0 6822.0
25286.0 6820.0
25291.0 6816.0
25295.0 6813.0
25298.0 6810.0
25299.0 6806.0
25306.0 6805.0
25307.0 6799.0
25313.0 6798.0
25315.0 6797.0
25316.0 6796.0
25318.0 6794.0
25320.0 6792.0
25321.0 6791.0
25322.0 6787.0
25328.0 6785.0
25330.0 6780.0
25337.0 6775.0
25343.0 6773.0
25347.0 6768.0
25351.0 6766.0
25354.0 6764.0
25358.0 6761.0
25364.0 6757.0
25368.0 6754.0
25373.0 6753.0
25375.0 6748.0
25385.0 6743.0
25389.0 6742.0
25390.0 6740.0
25392.0 6737.0
25396.0 6734.0
25405.0 6729.0
25411.0 6726.0
25413.0 6723.0
25417.0 6722.0
25418.0 6720.0
25426.0 6715.0
25433.0 6713.0
25436.0 6712.0
25439.0 6706.0
25448.0 6704.0
25449.0 6703.0
25452.0 6701.0
25454.0 6699.0
25461.0 6696.0
25467.0 6694.0
25472.0 6691.0
25476.0 6689.0
25478.0 6685.0
25481.0 6680.0
25487.0 6676.0
25490.0 6671.0
25494.0 6670.0
25496.0 6668.0
25498.0 6667.0
25500.0 6666.0
25501.0 6662.0
25503.0 6661.0
25505.0 6659.0
25509.0 6658.0
25511.0 6657.0
25513.0 6655.0
25514.0 6652.0
25516.0 6650.0
25518.0 6649.0
25523.0 6647.0
25526.0 6645.0
25529.0 6640.0
25532.0 6638.0
25536.0 6637.0
25541.0 6636.0
25542.0 6633.0
25545.0 6628.0
25550.0 6627.0
25554.0 6626.0
25555.0 6625.0
25558.0 6623.0
25561.0 6618.0
25564.0 6616.0
25568.0 6615.0
25571.0 6614.0
25572.0 6613.0
25574.0 6609.0
25577.0 6606.0
25582.0 6605.0
25584.0 6604.0
25587.0 6603.0
25588.0 6601.0
25590.0 6597.0
25595.0 6595.0
25597.0 6594.0
25598.0 6593.0
25602.0 6590.0
25604.0 6589.0
25606.0 6588.0
25609.0 6586.0
25610.0 6585.0
25611.0 6583.0
25614.0 6582.0
25615.0 6580.0
25618.0 6578.0
25622.0 6576.0
25623.0 6575.0
25626.0 6573.0
25627.0 6572.0
25631.0 6568.0
25639.0 6563.0
25644.0 6562.0
25650.0 6560.0
25651.0 6559.0
25653.0 6558.0
25655.0 6553.0
25660.0 6552.0
25666.0 6550.0
25667.0 6549.0
25672.0 6547.0
25679.0 6544.0
25682.0 6542.0
25684.0 6540.0
25686.0 6539.0
25688.0 6537.0
25695.0 6534.0
25699.0 6532.0
25702.0 6530.0
25705.0 6527.0
25708.0 6525.0
25714.0 6520.0
25719.0 6519.0
25720.0 6517.0
25725.0 6514.0
25729.0 6512.0
25734.0 6509.0
25737.0 6507.0
25740.0 6506.0
25743.0 6502.0
25746.0 6500.0
25752.0 6495.0
25757.0 6494.0
25758.0 6492.0
25763.0 6489.0
25767.0 6487.0
25772.0 6484.0
25778.0 6481.0
25782.0 6479.0
25787.0 6476.0
25794.0 6474.0
25798.0 6472.0
25800.0 6471.0
25803.0 6469.0
25808.0 6468.0
25813.0 6465.0
25816.0 6464.0
25820.0 6462.0
25824.0 6461.0
25825.0 6459.0
25829.0 6457.0
25834.0 6454.0
25840.0 6451.0
25844.0 6449.0
25849.0 6446.0
25854.0 6445.0
25860.0 6442.0
25864.0 6440.0
25865.0 6439.0
25869.0 6437.0
25874.0 6434.0
25880.0 6431.0
25883.0 6430.0
25884.0 6429.0
25889.0 6426.0
25900.0 6424.0
25904.0 6423.0
25905.0 6421.0
25909.0 6417.0
25917.0 6416.0
25921.0 6414.0
25929.0 6411.0
25932.0 6409.0
25936.0 6407.0
25945.0 6406.0
25946.0 6405.0
25947.0 6402.0
25951.0 6400.0
25957.0 6399.0
25961.0 6398.0
25962.0 6395.0
25972.0 6393.0
25973.0 6392.0
25976.0 6391.0
25981.0 6389.0
25987.0 6386.0
25988.0 6385.0
25992.0 6384.0
25996.0 6382.0
26003.0 6381.0
26006.0 6380.0
26007.0 6377.0
26013.0 6376.0
26017.0 6375.0
26018.0 6374.0
26021.0 6373.0
26028.0 6372.0
26029.0 6371.0
26032.0 6368.0
26033.0 6367.0
26040.0 6366.0
26043.0 6365.0
26046.0 6364.0
26051.0 6363.0
26054.0 6362.0
26058.0 6358.0
26065.0 6357.0
26066.0 6356.0
26071.0 6355.0
26076.0 6354.0
26079.0 6353.0
26083.0 6352.0
26088.0 6351.0
26089.0 6350.0
26090.0 6349.0
26091.0 6347.0
26104.0 6344.0
26110.0 6343.0
26111.0 6342.0
26115.0 6340.0
26128.0 6339.0
26129.0 6338.0
26132.0 6337.0
26136.0 6333.0
26143.0 6332.0
26144.0 6331.0
26154.0 6329.0
26161.0 6327.0
26169.0 6322.0
26190.0 6318.0
26200.0 6317.0
26221.0 6313.0
26254.0 6310.0
26279.0 6308.0
26396.0 6307.0
26399.0 6306.0
26403.0 6304.0
26404.0 6302.0
26411.0 6301.0
26419.0 6300.0
26422.0 6298.0
26430.0 6297.0
26435.0 6293.0
26443.0 6292.0
26446.0 6290.0
26451.0 6288.0
26459.0 6287.0
26465.0 6286.0
26472.0 6284.0
26473.0 6282.0
26475.0 6280.0
26483.0 6279.0
26494.0 6278.0
26502.0 6277.0
26514.0 6276.0
26516.0 6274.0
26524.0 6273.0
26535.0 6272.0
26543.0 6271.0
26554.0 6270.0
26556.0 6268.0
26564.0 6267.0
26575.0 6266.0
26583.0 6265.0
26607.0 6264.0
26645.0 6263.0
26722.0 6262.0
26731.0 6258.0
26746.0 6254.0
26810.0 6252.0
