847.0 1001.0
848.0 988.0
849.0 978.0
850.0 933.0
851.0 922.0
852.0 918.0
853.0 908.0
854.0 904.0
855.0 902.0
856.0 895.0
857.0 888.0
858.0 874.0
859.0 868.0
860.0 862.0
861.0 854.0
862.0 849.0
863.0 848.0
864.0 843.0
865.0 839.0
866.0 837.0
867.0 835.0
868.0 827.0
869.0 821.0
871.0 818.0
872.0 812.0
874.0 808.0
875.0 804.0
876.0 800.0
877.0 795.0
878.0 790.0
881.0 786.0
882.0 781.0
885.0 776.0
887.0 774.0
888.0 772.0
889.0 768.0
891.0 766.0
892.0 760.0
895.0 758.0
897.0 757.0
899.0 756.0
900.0 755.0
901.0 754.0
