7948.0 1310.0
7953.0 1302.0
7956.0 1300.0
7957.0 1296.0
7958.0 1266.0
7963.0 1261.0
7966.0 1260.0
7968.0 1250.0
7971.0 1243.0
7974.0 1238.0
7975.0 1231.0
7980.0 1229.0
7982.0 1228.0
7985.0 1222.0
7990.0 1213.0
7992.0 1211.0
7995.0 1203.0
7997.0 1200.0
8003.0 1195.0
8007.0 1191.0
8010.0 1183.0
8012.0 1180.0
8019.0 1176.0
8020.0 1173.0
8021.0 1170.0
8025.0 1164.0
8027.0 1161.0
8029.0 1155.0
8036.0 1150.0
8039.0 1138.0
8041.0 1132.0
8060.0 1118.0
8066.0 1114.0
8076.0 1106.0
8087.0 1100.0
8095.0 1096.0
8097.0 1089.0
8101.0 1083.0
8104.0 1079.0
8112.0 1077.0
8117.0 1075.0
8119.0 1069.0
8123.0 1063.0
8133.0 1060.0
8134.0 1057.0
8139.0 1055.0
8141.0 1050.0
8144.0 1041.0
8156.0 1040.0
8158.0 1039.0
8164.0 1031.0
8173.0 1022.0
8185.0 1021.0
8187.0 1020.0
8194.0 1017.0
8195.0 1016.0
8198.0 1012.0
8206.0 1011.0
8209.0 1002.0
8221.0 998.0
8233.0 997.0
8234.0 995.0
8239.0 992.0
8245.0 991.0
8249.0 989.0
8251.0 982.0
8256.0 981.0
8260.0 979.0
8263.0 978.0
8274.0 976.0
8281.0 974.0
8286.0 970.0
8293.0 966.0
8305.0 962.0
8312.0 960.0
8321.0 959.0
8333.0 957.0
8342.0 956.0
8358.0 955.0
8365.0 953.0
8374.0 952.0
8386.0 950.0
8395.0 949.0
8412.0 948.0
8429.0 947.0
8432.0 946.0
8435.0 944.0
8438.0 943.0
8447.0 942.0
8461.0 940.0
8467.0 937.0
8476.0 936.0
8495.0 935.0
8499.0 933.0
8508.0 932.0
8530.0 930.0
8539.0 929.0
8582.0 927.0
8596.0 926.0
8605.0 925.0
8624.0 924.0
8627.0 923.0
8636.0 922.0
