24745.0 7797.0
24746.0 7785.0
24747.0 7784.0
24748.0 7772.0
24749.0 7747.0
24750.0 7735.0
24751.0 7732.0
24752.0 7720.0
24753.0 7707.0
24754.0 7695.0
24755.0 7692.0
24756.0 7680.0
24759.0 7672.0
24760.0 7660.0
24761.0 7657.0
24762.0 7645.0
24764.0 7637.0
24765.0 7634.0
24766.0 7622.0
24771.0 7620.0
24772.0 7615.0
24773.0 7613.0
24777.0 7592.0
24778.0 7585.0
24782.0 7583.0
24783.0 7576.0
24785.0 7563.0
24786.0 7556.0
24792.0 7546.0
24793.0 7540.0
24795.0 7535.0
24796.0 7529.0
24798.0 7528.0
24799.0 7521.0
24802.0 7514.0
24806.0 7505.0
24807.0 7488.0
24810.0 7468.0
24815.0 7455.0
24820.0 7454.0
24821.0 7448.0
24823.0 7444.0
24824.0 7428.0
24829.0 7415.0
24834.0 7414.0
24837.0 7404.0
24841.0 7397.0
24845.0 7394.0
24846.0 7384.0
24847.0 7382.0
24850.0 7381.0
24851.0 7376.0
24854.0 7373.0
24855.0 7371.0
24856.0 7363.0
24857.0 7358.0
24861.0 7356.0
24864.0 7351.0
24865.0 7347.0
24868.0 7343.0
24870.0 7335.0
24873.0 7334.0
24874.0 7327.0
24878.0 7319.0
24879.0 7306.0
24883.0 7303.0
24887.0 7295.0
24888.0 7281.0
24892.0 7278.0
24896.0 7270.0
24897.0 7266.0
24898.0 7257.0
24902.0 7254.0
24906.0 7241.0
24910.0 7238.0
24912.0 7225.0
24914.0 7223.0
24920.0 7216.0
24921.0 7200.0
24923.0 7198.0
24932.0 7190.0
24934.0 7188.0
24938.0 7179.0
24941.0 7165.0
24943.0 7163.0
24947.0 7161.0
24949.0 7158.0
24950.0 7151.0
24952.0 7144.0
24953.0 7143.0
24955.0 7136.0
24957.0 7128.0
24959.0 7121.0
24964.0 7118.0
24965.0 7110.0
24970.0 7102.0
24972.0 7095.0
24974.0 7090.0
24975.0 7087.0
24978.0 7084.0
24982.0 7083.0
24983.0 7078.0
24985.0 7077.0
24986.0 7070.0
24987.0 7064.0
24988.0 7061.0
24992.0 7060.0
24993.0 7058.0
24995.0 7055.0
24998.0 7052.0
24999.0 7044.0
25001.0 7043.0
25004.0 7041.0
25006.0 7038.0
25007.0 7032.0
25008.0 7029.0
25011.0 7026.0
25012.0 7023.0
25016.0 7022.0
25018.0 7020.0
25019.0 7012.0
25021.0 7011.0
25023.0 7006.0
25025.0 7005.0
25028.0 6999.0
25032.0 6993.0
25036.0 6992.0
25037.0 6991.0
25038.0 6990.0
25039.0 6988.0
25040.0 6986.0
25041.0 6984.0
25043.0 6982.0
25045.0 6980.0
25047.0 6973.0
25048.0 6971.0
25050.0 6969.0
25052.0 6968.0
25054.0 6964.0
25057.0 6957.0
25058.0 6955.0
25059.0 6953.0
25060.0 6951.0
25062.0 6949.0
25064.0 6948.0
25067.0 6946.0
25069.0 6937.0
25070.0 6935.0
25072.0 6933.0
25075.0 6932.0
25077.0 6930.0
25079.0 6929.0
25082.0 6928.0
25083.0 6924.0
25084.0 6922.0
25086.0 6919.0
25087.0 6917.0
25089.0 6915.0
25091.0 6914.0
25094.0 6908.0
25096.0 6906.0
25098.0 6905.0
25103.0 6899.0
25104.0 6898.0
25105.0 6897.0
25106.0 6893.0
25107.0 6891.0
25109.0 6889.0
25114.0 6882.0
25116.0 6880.0
25123.0 6878.0
25124.0 6876.0
25125.0 6874.0
25127.0 6872.0
25129.0 6868.0
25131.0 6866.0
25132.0 6865.0
25134.0 6863.0
25140.0 6859.0
25142.0 6857.0
25144.0 6855.0
25147.0 6853.0
25149.0 6851.0
25151.0 6849.0
25152.0 6842.0
25156.0 6839.0
25157.0 6833.0
25161.0 6830.0
25162.0 6826.0
25166.0 6823.0
25169.0 6821.0
25173.0 6818.0
25175.0 6812.0
25179.0 6809.0
25183.0 6807.0
25186.0 6805.0
25187.0 6803.0
25189.0 6801.0
25191.0 6800.0
25195.0 6798.0
25197.0 6796.0
25199.0 6795.0
25200.0 6794.0
25201.0 6792.0
25205.0 6791.0
25208.0 6789.0
25209.0 6787.0
25211.0 6784.0
25215.0 6783.0
25216.0 6777.0
25222.0 6776.0
25223.0 6772.0
25229.0 6763.0
25237.0 6758.0
25240.0 6756.0
25241.0 6754.0
25248.0 6751.0
25249.0 6749.0
25254.0 6747.0
25255.0 6745.0
25261.0 6744.0
25262.0 6742.0
25263.0 6740.0
25269.0 6739.0
25270.0 6737.0
25272.0 6735.0
25277.0 6733.0
25278.0 6731.0
25283.0 6728.0
25284.0 6726.0
25291.0 6723.0
25292.0 6721.0
25298.0 6720.0
25299.0 6718.0
25302.0 6716.0
25306.0 6715.0
25307.0 6712.0
25310.0 6710.0
25313.0 6708.0
25314.0 6706.0
25315.0 6704.0
25319.0 6702.0
25321.0 6700.0
25323.0 6699.0
25325.0 6696.0
25326.0 6693.0
25329.0 6692.0
25330.0 6689.0
25332.0 6687.0
25333.0 6684.0
25337.0 6683.0
25338.0 6681.0
25339.0 6678.0
25343.0 6677.0
25344.0 6674.0
25347.0 6672.0
25348.0 6669.0
25353.0 6666.0
25354.0 6663.0
25358.0 6662.0
25359.0 6659.0
25362.0 6657.0
25366.0 6655.0
25369.0 6654.0
25371.0 6651.0
25372.0 6648.0
25378.0 6646.0
25381.0 6645.0
25383.0 6643.0
25384.0 6640.0
25390.0 6638.0
25396.0 6636.0
25401.0 6635.0
25402.0 6634.0
25404.0 6631.0
25408.0 6628.0
25414.0 6626.0
25422.0 6625.0
25424.0 6624.0
25425.0 6623.0
25427.0 6621.0
25428.0 6619.0
25431.0 6617.0
25437.0 6615.0
25439.0 6613.0
25442.0 6612.0
25443.0 6609.0
25449.0 6607.0
25453.0 6605.0
25456.0 6604.0
25457.0 6601.0
25463.0 6599.0
25467.0 6598.0
25475.0 6595.0
25481.0 6593.0
25485.0 6590.0
25489.0 6587.0
25502.0 6584.0
25505.0 6583.0
25509.0 6582.0
25513.0 6579.0
25517.0 6576.0
25525.0 6574.0
25530.0 6573.0
25533.0 6572.0
25538.0 6571.0
25539.0 6570.0
25545.0 6564.0
25553.0 6558.0
25563.0 6552.0
25575.0 6548.0
25578.0 6547.0
25583.0 6546.0
25584.0 6545.0
25588.0 6543.0
25591.0 6541.0
25592.0 6535.0
25602.0 6529.0
25614.0 6525.0
25620.0 6524.0
25622.0 6523.0
25627.0 6522.0
25628.0 6521.0
25630.0 6518.0
25634.0 6516.0
25642.0 6514.0
25646.0 6512.0
25654.0 6510.0
25659.0 6509.0
25660.0 6508.0
25662.0 6505.0
25671.0 6504.0
25674.0 6501.0
25675.0 6500.0
25682.0 6499.0
25684.0 6498.0
25687.0 6496.0
25693.0 6494.0
25696.0 6490.0
25703.0 6489.0
25709.0 6486.0
25715.0 6485.0
25716.0 6484.0
25718.0 6483.0
25723.0 6480.0
25724.0 6479.0
25736.0 6477.0
25737.0 6474.0
25744.0 6473.0
25746.0 6472.0
25750.0 6471.0
25751.0 6469.0
25757.0 6468.0
25759.0 6464.0
25765.0 6463.0
25772.0 6461.0
25778.0 6460.0
25779.0 6458.0
25780.0 6457.0
25787.0 6453.0
25800.0 6450.0
25807.0 6447.0
25808.0 6446.0
25820.0 6444.0
25821.0 6443.0
25828.0 6440.0
25836.0 6437.0
25849.0 6434.0
25851.0 6432.0
25856.0 6431.0
25857.0 6430.0
25864.0 6429.0
25869.0 6428.0
25870.0 6427.0
25871.0 6426.0
25877.0 6424.0
25884.0 6423.0
25890.0 6421.0
25900.0 6416.0
25913.0 6413.0
25920.0 6410.0
25933.0 6407.0
25946.0 6405.0
25959.0 6402.0
25975.0 6401.0
25988.0 6398.0
26001.0 6396.0
26005.0 6395.0
26018.0 6393.0
26027.0 6391.0
26029.0 6389.0
26041.0 6387.0
26042.0 6386.0
26043.0 6385.0
26044.0 6384.0
26049.0 6382.0
26055.0 6381.0
26057.0 6379.0
26063.0 6378.0
26064.0 6377.0
26069.0 6376.0
26070.0 6374.0
26072.0 6373.0
26077.0 6371.0
26089.0 6370.0
26090.0 6368.0
26091.0 6367.0
26092.0 6366.0
26097.0 6365.0
26098.0 6363.0
26100.0 6362.0
26105.0 6361.0
26112.0 6360.0
26118.0 6357.0
26120.0 6356.0
26125.0 6355.0
26138.0 6354.0
26139.0 6351.0
26140.0 6350.0
26157.0 6348.0
26164.0 6347.0
26170.0 6344.0
26172.0 6343.0
26177.0 6342.0
26189.0 6341.0
26190.0 6339.0
26191.0 6338.0
26192.0 6337.0
26208.0 6336.0
26210.0 6335.0
26211.0 6333.0
26212.0 6332.0
26229.0 6330.0
26230.0 6329.0
26253.0 6327.0
26254.0 6326.0
26263.0 6325.0
26264.0 6324.0
26272.0 6323.0
26283.0 6320.0
26284.0 6319.0
26301.0 6317.0
26302.0 6316.0
26314.0 6315.0
26315.0 6314.0
26332.0 6312.0
26333.0 6311.0
26369.0 6309.0
26370.0 6308.0
26547.0 6307.0
26565.0 6306.0
26567.0 6305.0
26583.0 6304.0
26590.0 6303.0
26596.0 6302.0
26599.0 6301.0
26606.0 6300.0
26607.0 6299.0
26613.0 6298.0
26623.0 6296.0
26624.0 6295.0
26640.0 6292.0
26656.0 6291.0
26660.0 6290.0
26664.0 6289.0
26668.0 6288.0
26684.0 6286.0
26692.0 6284.0
26707.0 6280.0
26715.0 6278.0
26739.0 6275.0
26755.0 6273.0
26756.0 6270.0
26764.0 6268.0
26788.0 6265.0
26804.0 6263.0
26812.0 6261.0
26836.0 6258.0
26850.0 6257.0
26858.0 6255.0
26866.0 6254.0
26874.0 6252.0
26898.0 6249.0
26910.0 6248.0
26913.0 6247.0
26918.0 6246.0
26920.0 6241.0
26928.0 6239.0
26952.0 6236.0
