114.0 673.0
115.0 646.0
116.0 628.0
117.0 623.0
118.0 614.0
119.0 609.0
120.0 597.0
121.0 588.0
123.0 580.0
124.0 579.0
125.0 576.0
126.0 574.0
127.0 568.0
128.0 567.0
129.0 562.0
130.0 554.0
131.0 549.0
132.0 544.0
133.0 537.0
135.0 535.0
136.0 529.0
137.0 526.0
138.0 525.0
139.0 522.0
140.0 519.0
141.0 516.0
143.0 514.0
144.0 511.0
146.0 507.0
147.0 505.0
148.0 501.0
151.0 495.0
154.0 491.0
156.0 487.0
157.0 485.0
160.0 483.0
163.0 482.0
164.0 481.0
166.0 479.0
167.0 478.0
168.0 476.0
170.0 474.0
