441.0 1093.0
442.0 1083.0
445.0 1075.0
446.0 1069.0
447.0 1059.0
448.0 1045.0
449.0 1035.0
450.0 1033.0
451.0 1025.0
453.0 1019.0
455.0 1012.0
457.0 1006.0
459.0 1002.0
460.0 995.0
462.0 991.0
463.0 990.0
464.0 988.0
465.0 986.0
466.0 982.0
467.0 977.0
468.0 975.0
469.0 970.0
470.0 968.0
471.0 966.0
473.0 962.0
474.0 957.0
475.0 954.0
476.0 949.0
478.0 944.0
479.0 939.0
481.0 936.0
482.0 932.0
483.0 927.0
484.0 926.0
485.0 925.0
486.0 924.0
487.0 919.0
488.0 914.0
490.0 912.0
492.0 910.0
494.0 909.0
495.0 902.0
497.0 899.0
498.0 896.0
500.0 891.0
501.0 885.0
503.0 882.0
505.0 877.0
506.0 874.0
508.0 871.0
510.0 866.0
512.0 863.0
514.0 862.0
515.0 857.0
517.0 854.0
521.0 853.0
522.0 850.0
524.0 847.0
526.0 845.0
528.0 842.0
530.0 839.0
