9923.0 1947.0
9926.0 1934.0
9930.0 1918.0
9934.0 1917.0
9936.0 1912.0
9940.0 1911.0
9943.0 1903.0
9947.0 1902.0
9949.0 1897.0
9953.0 1896.0
9958.0 1895.0
9959.0 1888.0
9961.0 1856.0
9964.0 1839.0
9970.0 1813.0
9972.0 1810.0
9982.0 1786.0
9984.0 1783.0
9991.0 1780.0
9996.0 1763.0
9998.0 1760.0
10007.0 1755.0
10013.0 1752.0
10014.0 1742.0
10019.0 1739.0
10026.0 1737.0
10028.0 1734.0
10029.0 1728.0
10034.0 1725.0
10038.0 1724.0
10042.0 1723.0
10046.0 1717.0
10051.0 1714.0
10052.0 1708.0
10063.0 1707.0
10066.0 1704.0
10067.0 1695.0
10072.0 1694.0
10076.0 1684.0
10091.0 1677.0
10095.0 1674.0
10096.0 1671.0
10100.0 1666.0
10104.0 1664.0
10105.0 1660.0
10115.0 1656.0
10116.0 1651.0
10120.0 1650.0
10133.0 1648.0
10134.0 1643.0
10138.0 1642.0
10145.0 1640.0
10148.0 1636.0
10152.0 1635.0
10165.0 1634.0
10167.0 1630.0
10171.0 1627.0
10175.0 1626.0
10181.0 1624.0
10185.0 1622.0
10186.0 1621.0
10196.0 1619.0
10197.0 1618.0
10199.0 1615.0
10203.0 1614.0
10210.0 1613.0
10212.0 1612.0
10213.0 1609.0
10217.0 1605.0
10229.0 1600.0
10237.0 1599.0
10240.0 1598.0
10244.0 1592.0
10246.0 1591.0
10248.0 1589.0
10256.0 1584.0
10270.0 1575.0
10282.0 1573.0
10296.0 1564.0
10308.0 1560.0
10319.0 1559.0
10322.0 1558.0
10325.0 1553.0
10329.0 1552.0
10331.0 1549.0
10335.0 1546.0
10346.0 1545.0
10347.0 1544.0
10348.0 1542.0
10349.0 1541.0
10355.0 1540.0
10356.0 1538.0
10358.0 1535.0
10367.0 1534.0
10368.0 1533.0
10373.0 1531.0
10374.0 1530.0
10377.0 1527.0
10383.0 1524.0
10394.0 1522.0
10399.0 1521.0
10400.0 1519.0
10408.0 1518.0
10409.0 1516.0
10410.0 1515.0
10411.0 1513.0
10412.0 1512.0
10422.0 1509.0
10426.0 1508.0
10428.0 1504.0
10430.0 1501.0
10436.0 1500.0
10445.0 1499.0
10446.0 1498.0
10452.0 1497.0
10457.0 1495.0
10458.0 1494.0
10461.0 1491.0
10471.0 1488.0
10472.0 1487.0
10482.0 1484.0
10496.0 1481.0
10507.0 1477.0
10515.0 1476.0
10523.0 1474.0
10526.0 1472.0
10540.0 1468.0
10558.0 1465.0
10566.0 1463.0
