410.0 1414.0
411.0 1395.0
412.0 1379.0
413.0 1378.0
414.0 1365.0
415.0 1359.0
416.0 1238.0
417.0 1229.0
418.0 1223.0
419.0 1214.0
420.0 1209.0
421.0 1204.0
422.0 1194.0
423.0 1189.0
424.0 1179.0
425.0 1174.0
426.0 1166.0
427.0 1163.0
429.0 1157.0
430.0 1148.0
434.0 1142.0
435.0 1139.0
437.0 1132.0
438.0 1130.0
439.0 1129.0
440.0 1127.0
441.0 1125.0
442.0 1123.0
443.0 1122.0
444.0 1120.0
445.0 1116.0
446.0 1110.0
448.0 1099.0
450.0 1097.0
451.0 1094.0
452.0 1091.0
454.0 1077.0
457.0 1075.0
458.0 1072.0
460.0 1061.0
462.0 1059.0
463.0 1058.0
464.0 1054.0
465.0 1049.0
467.0 1047.0
468.0 1044.0
469.0 1039.0
470.0 1037.0
473.0 1035.0
474.0 1033.0
475.0 1031.0
478.0 1029.0
480.0 1023.0
481.0 1021.0
483.0 1019.0
487.0 1015.0
489.0 1013.0
493.0 1011.0
494.0 1008.0
495.0 1006.0
496.0 1005.0
497.0 1003.0
498.0 1001.0
499.0 1000.0
500.0 998.0
503.0 996.0
504.0 995.0
505.0 993.0
509.0 991.0
510.0 988.0
513.0 984.0
516.0 981.0
532.0 979.0
536.0 977.0
