444.0 1110.0
445.0 1098.0
446.0 1090.0
447.0 1071.0
448.0 1068.0
449.0 1063.0
450.0 1056.0
451.0 1043.0
452.0 1039.0
453.0 1038.0
454.0 1029.0
455.0 1020.0
456.0 1016.0
457.0 1015.0
458.0 1006.0
459.0 1002.0
460.0 990.0
461.0 986.0
462.0 982.0
463.0 976.0
464.0 972.0
465.0 968.0
466.0 967.0
467.0 961.0
469.0 957.0
470.0 954.0
471.0 948.0
474.0 947.0
475.0 945.0
476.0 943.0
477.0 938.0
478.0 936.0
479.0 934.0
480.0 933.0
481.0 931.0
482.0 930.0
483.0 927.0
484.0 922.0
485.0 920.0
488.0 916.0
489.0 913.0
490.0 909.0
494.0 902.0
496.0 901.0
498.0 898.0
500.0 895.0
501.0 894.0
505.0 888.0
509.0 887.0
510.0 882.0
514.0 876.0
519.0 872.0
523.0 868.0
529.0 866.0
532.0 864.0
534.0 863.0
535.0 860.0
536.0 857.0
539.0 855.0
541.0 852.0
544.0 850.0
547.0 848.0
550.0 847.0
