5387.0 668.0
5394.0 662.0
5400.0 654.0
5409.0 644.0
5416.0 638.0
5422.0 630.0
5431.0 629.0
5435.0 628.0
5436.0 622.0
5439.0 621.0
5441.0 620.0
5450.0 619.0
5453.0 613.0
5458.0 611.0
5468.0 610.0
5478.0 609.0
5484.0 607.0
5491.0 605.0
5499.0 603.0
5504.0 601.0
5507.0 596.0
5518.0 593.0
5523.0 591.0
5528.0 587.0
5532.0 585.0
5535.0 582.0
5540.0 578.0
5544.0 576.0
5551.0 574.0
5556.0 573.0
5557.0 572.0
5564.0 570.0
5568.0 564.0
5569.0 563.0
5576.0 561.0
5588.0 558.0
5589.0 557.0
5593.0 555.0
5605.0 553.0
5606.0 552.0
5617.0 545.0
5636.0 543.0
5639.0 539.0
5658.0 536.0
5660.0 534.0
5674.0 533.0
5676.0 530.0
5686.0 529.0
5693.0 525.0
5703.0 522.0
5714.0 520.0
5719.0 518.0
5738.0 517.0
5752.0 514.0
5762.0 512.0
5781.0 511.0
5783.0 510.0
5849.0 506.0
5887.0 505.0
