54.0 50.0
59.0 49.0
46.0 67.0
43.0 79.0
41.0 89.0
59.0 49.0
49.0 59.0
41.0 89.0
43.0 79.0
52.0 54.0
54.0 50.0
52.0 54.0
54.0 50.0
42.0 83.0
42.0 83.0
41.0 89.0
41.0 89.0
46.0 67.0
51.0 55.0
52.0 54.0
52.0 54.0
59.0 49.0
49.0 59.0
51.0 55.0
51.0 55.0
59.0 49.0
51.0 55.0
44.0 76.0
43.0 79.0
42.0 83.0
44.0 76.0
43.0 79.0
47.0 61.0
49.0 59.0
46.0 67.0
54.0 50.0
46.0 67.0
42.0 83.0
54.0 50.0
47.0 61.0
52.0 54.0
43.0 79.0
59.0 49.0
45.0 70.0
54.0 50.0
45.0 70.0
54.0 50.0
41.0 89.0
43.0 79.0
47.0 61.0
47.0 61.0
41.0 89.0
44.0 76.0
46.0 67.0
42.0 83.0
54.0 50.0
47.0 61.0
59.0 49.0
42.0 83.0
47.0 61.0
49.0 59.0
52.0 54.0
41.0 89.0
49.0 59.0
59.0 49.0
47.0 61.0
50.0 56.0
46.0 67.0
45.0 70.0
50.0 56.0
42.0 83.0
45.0 70.0
50.0 56.0
49.0 59.0
45.0 70.0
51.0 55.0
45.0 70.0
44.0 76.0
43.0 79.0
44.0 76.0
44.0 76.0
45.0 70.0
59.0 49.0
51.0 55.0
49.0 59.0
46.0 67.0
50.0 56.0
52.0 54.0
50.0 56.0
41.0 89.0
45.0 70.0
44.0 76.0
44.0 76.0
43.0 79.0
47.0 61.0
42.0 83.0
46.0 67.0
50.0 56.0
50.0 56.0
51.0 55.0
