65.0 139.0
65.0 139.0
65.0 139.0
65.0 139.0
65.0 139.0
65.0 139.0
68.0 122.0
65.0 139.0
65.0 139.0
68.0 122.0
68.0 122.0
73.0 108.0
68.0 122.0
73.0 108.0
73.0 108.0
68.0 122.0
65.0 139.0
68.0 122.0
71.0 112.0
77.0 105.0
77.0 105.0
67.0 133.0
77.0 105.0
69.0 118.0
67.0 133.0
73.0 108.0
73.0 108.0
68.0 122.0
67.0 133.0
67.0 133.0
71.0 112.0
73.0 108.0
78.0 102.0
71.0 112.0
65.0 139.0
69.0 118.0
67.0 133.0
66.0 134.0
69.0 118.0
78.0 102.0
77.0 105.0
68.0 122.0
77.0 105.0
71.0 112.0
78.0 102.0
77.0 105.0
69.0 118.0
67.0 133.0
66.0 134.0
78.0 102.0
73.0 108.0
67.0 133.0
68.0 122.0
73.0 108.0
67.0 133.0
77.0 105.0
65.0 139.0
78.0 102.0
77.0 105.0
77.0 105.0
66.0 134.0
66.0 134.0
69.0 118.0
71.0 112.0
77.0 105.0
69.0 118.0
78.0 102.0
67.0 133.0
71.0 112.0
66.0 134.0
66.0 134.0
69.0 118.0
68.0 122.0
68.0 122.0
66.0 134.0
73.0 108.0
73.0 108.0
71.0 112.0
66.0 134.0
65.0 139.0
69.0 118.0
69.0 118.0
71.0 112.0
69.0 118.0
67.0 133.0
71.0 112.0
66.0 134.0
78.0 102.0
66.0 134.0
71.0 112.0
78.0 102.0
66.0 134.0
73.0 108.0
77.0 105.0
78.0 102.0
67.0 133.0
78.0 102.0
71.0 112.0
69.0 118.0
78.0 102.0
