7.0 121.0
7.0 121.0
7.0 121.0
10.0 118.0
6.0 122.0
10.0 118.0
5.0 129.0
6.0 122.0
5.0 129.0
5.0 129.0
5.0 129.0
10.0 118.0
6.0 122.0
7.0 121.0
5.0 129.0
10.0 118.0
5.0 129.0
8.0 120.0
10.0 118.0
8.0 120.0
7.0 121.0
7.0 121.0
8.0 120.0
7.0 121.0
6.0 122.0
7.0 121.0
5.0 129.0
8.0 120.0
5.0 129.0
8.0 120.0
8.0 120.0
10.0 118.0
5.0 129.0
6.0 122.0
6.0 122.0
7.0 121.0
6.0 122.0
7.0 121.0
8.0 120.0
8.0 120.0
5.0 129.0
6.0 122.0
5.0 129.0
6.0 122.0
5.0 129.0
6.0 122.0
5.0 129.0
8.0 120.0
8.0 120.0
7.0 121.0
5.0 129.0
8.0 120.0
5.0 129.0
10.0 118.0
6.0 122.0
6.0 122.0
10.0 118.0
10.0 118.0
7.0 121.0
8.0 120.0
6.0 122.0
6.0 122.0
7.0 121.0
8.0 120.0
10.0 118.0
10.0 118.0
8.0 120.0
10.0 118.0
6.0 122.0
8.0 120.0
5.0 129.0
8.0 120.0
7.0 121.0
10.0 118.0
6.0 122.0
7.0 121.0
10.0 118.0
5.0 129.0
10.0 118.0
5.0 129.0
8.0 120.0
7.0 121.0
10.0 118.0
10.0 118.0
8.0 120.0
6.0 122.0
8.0 120.0
5.0 129.0
8.0 120.0
10.0 118.0
7.0 121.0
6.0 122.0
10.0 118.0
10.0 118.0
7.0 121.0
6.0 122.0
7.0 121.0
5.0 129.0
7.0 121.0
6.0 122.0
