129.0 159.0
129.0 159.0
129.0 159.0
129.0 159.0
129.0 159.0
129.0 159.0
129.0 159.0
129.0 159.0
129.0 159.0
129.0 159.0
130.0 153.0
129.0 159.0
130.0 153.0
130.0 153.0
130.0 153.0
124.0 165.0
130.0 153.0
122.0 173.0
122.0 173.0
130.0 153.0
130.0 153.0
129.0 159.0
123.0 168.0
122.0 173.0
130.0 153.0
123.0 168.0
123.0 168.0
124.0 165.0
129.0 159.0
124.0 165.0
122.0 173.0
122.0 173.0
124.0 165.0
129.0 159.0
124.0 165.0
122.0 173.0
124.0 165.0
123.0 168.0
129.0 159.0
124.0 165.0
123.0 168.0
123.0 168.0
124.0 165.0
122.0 173.0
124.0 165.0
123.0 168.0
123.0 168.0
130.0 153.0
122.0 173.0
122.0 173.0
124.0 165.0
129.0 159.0
124.0 165.0
124.0 165.0
122.0 173.0
122.0 173.0
130.0 153.0
130.0 153.0
129.0 159.0
130.0 153.0
123.0 168.0
130.0 153.0
129.0 159.0
123.0 168.0
123.0 168.0
122.0 173.0
130.0 153.0
124.0 165.0
124.0 165.0
123.0 168.0
130.0 153.0
124.0 165.0
122.0 173.0
123.0 168.0
122.0 173.0
123.0 168.0
123.0 168.0
122.0 173.0
123.0 168.0
124.0 165.0
129.0 159.0
124.0 165.0
129.0 159.0
124.0 165.0
130.0 153.0
122.0 173.0
123.0 168.0
130.0 153.0
124.0 165.0
130.0 153.0
130.0 153.0
122.0 173.0
123.0 168.0
122.0 173.0
130.0 153.0
122.0 173.0
124.0 165.0
122.0 173.0
123.0 168.0
123.0 168.0
