87.0 565.0
87.0 565.0
82.0 615.0
87.0 565.0
82.0 615.0
82.0 615.0
112.0 494.0
112.0 494.0
98.0 524.0
112.0 494.0
86.0 575.0
98.0 524.0
86.0 575.0
92.0 538.0
92.0 538.0
100.0 519.0
84.0 596.0
84.0 596.0
91.0 546.0
81.0 628.0
87.0 565.0
82.0 615.0
91.0 546.0
80.0 630.0
84.0 596.0
98.0 524.0
88.0 556.0
81.0 628.0
83.0 613.0
80.0 630.0
86.0 575.0
91.0 546.0
112.0 494.0
100.0 519.0
84.0 596.0
88.0 556.0
104.0 507.0
96.0 528.0
86.0 575.0
84.0 596.0
100.0 519.0
102.0 512.0
101.0 516.0
80.0 630.0
83.0 613.0
86.0 575.0
81.0 628.0
88.0 556.0
100.0 519.0
102.0 512.0
104.0 507.0
95.0 534.0
104.0 507.0
102.0 512.0
85.0 584.0
81.0 628.0
107.0 502.0
85.0 584.0
105.0 506.0
95.0 534.0
119.0 493.0
90.0 548.0
85.0 584.0
112.0 494.0
90.0 548.0
119.0 493.0
83.0 613.0
87.0 565.0
83.0 613.0
105.0 506.0
107.0 502.0
95.0 534.0
85.0 584.0
89.0 551.0
101.0 516.0
105.0 506.0
104.0 507.0
89.0 551.0
90.0 548.0
119.0 493.0
80.0 630.0
119.0 493.0
88.0 556.0
88.0 556.0
102.0 512.0
89.0 551.0
91.0 546.0
101.0 516.0
89.0 551.0
92.0 538.0
90.0 548.0
101.0 516.0
107.0 502.0
95.0 534.0
98.0 524.0
85.0 584.0
107.0 502.0
92.0 538.0
105.0 506.0
119.0 493.0
