93.0 981.0
61.0 1151.0
93.0 981.0
61.0 1151.0
93.0 981.0
61.0 1151.0
61.0 1151.0
68.0 1096.0
61.0 1151.0
75.0 1025.0
58.0 1184.0
70.0 1074.0
70.0 1074.0
58.0 1184.0
68.0 1096.0
77.0 1017.0
63.0 1121.0
69.0 1087.0
77.0 1017.0
87.0 985.0
63.0 1121.0
63.0 1121.0
58.0 1184.0
81.0 999.0
71.0 1029.0
71.0 1029.0
68.0 1096.0
78.0 1014.0
67.0 1105.0
69.0 1087.0
60.0 1164.0
68.0 1096.0
69.0 1087.0
67.0 1105.0
71.0 1029.0
77.0 1017.0
93.0 981.0
93.0 981.0
70.0 1074.0
77.0 1017.0
87.0 985.0
62.0 1144.0
61.0 1151.0
60.0 1164.0
81.0 999.0
60.0 1164.0
60.0 1164.0
66.0 1108.0
67.0 1105.0
69.0 1087.0
65.0 1115.0
60.0 1164.0
71.0 1029.0
87.0 985.0
71.0 1029.0
81.0 999.0
66.0 1108.0
65.0 1115.0
69.0 1087.0
79.0 1011.0
70.0 1074.0
78.0 1014.0
68.0 1096.0
63.0 1121.0
85.0 991.0
65.0 1115.0
85.0 991.0
58.0 1184.0
58.0 1184.0
66.0 1108.0
85.0 991.0
68.0 1096.0
78.0 1014.0
78.0 1014.0
70.0 1074.0
65.0 1115.0
85.0 991.0
66.0 1108.0
87.0 985.0
77.0 1017.0
60.0 1164.0
79.0 1011.0
81.0 999.0
81.0 999.0
66.0 1108.0
63.0 1121.0
79.0 1011.0
79.0 1011.0
70.0 1074.0
65.0 1115.0
87.0 985.0
67.0 1105.0
69.0 1087.0
78.0 1014.0
79.0 1011.0
81.0 999.0
93.0 981.0
67.0 1105.0
58.0 1184.0
85.0 991.0
