241.0 1073.0
214.0 1171.0
217.0 1149.0
211.0 1181.0
237.0 1082.0
217.0 1149.0
241.0 1073.0
251.0 1060.0
229.0 1110.0
224.0 1121.0
217.0 1149.0
251.0 1060.0
246.0 1071.0
219.0 1148.0
241.0 1073.0
251.0 1060.0
251.0 1060.0
221.0 1135.0
250.0 1061.0
250.0 1061.0
246.0 1071.0
251.0 1060.0
231.0 1103.0
231.0 1103.0
221.0 1135.0
227.0 1118.0
217.0 1149.0
232.0 1100.0
231.0 1103.0
231.0 1103.0
232.0 1100.0
232.0 1100.0
227.0 1118.0
229.0 1110.0
219.0 1148.0
232.0 1100.0
232.0 1100.0
249.0 1063.0
227.0 1118.0
237.0 1082.0
246.0 1071.0
234.0 1094.0
250.0 1061.0
249.0 1063.0
234.0 1094.0
246.0 1071.0
219.0 1148.0
250.0 1061.0
221.0 1135.0
221.0 1135.0
250.0 1061.0
250.0 1061.0
221.0 1135.0
227.0 1118.0
220.0 1146.0
235.0 1091.0
246.0 1071.0
230.0 1109.0
249.0 1063.0
221.0 1135.0
235.0 1091.0
227.0 1118.0
217.0 1149.0
230.0 1109.0
231.0 1103.0
230.0 1109.0
221.0 1135.0
246.0 1071.0
234.0 1094.0
239.0 1078.0
232.0 1100.0
234.0 1094.0
230.0 1109.0
249.0 1063.0
235.0 1091.0
234.0 1094.0
251.0 1060.0
235.0 1091.0
230.0 1109.0
235.0 1091.0
235.0 1091.0
219.0 1148.0
234.0 1094.0
249.0 1063.0
227.0 1118.0
227.0 1118.0
249.0 1063.0
231.0 1103.0
241.0 1073.0
249.0 1063.0
219.0 1148.0
219.0 1148.0
230.0 1109.0
232.0 1100.0
219.0 1148.0
234.0 1094.0
235.0 1091.0
246.0 1071.0
231.0 1103.0
224.0 1121.0
