857.0 942.0
857.0 942.0
861.0 904.0
861.0 904.0
855.0 968.0
857.0 942.0
857.0 942.0
878.0 806.0
856.0 955.0
863.0 894.0
861.0 904.0
878.0 806.0
872.0 816.0
861.0 904.0
868.0 854.0
878.0 806.0
857.0 942.0
874.0 814.0
871.0 826.0
861.0 904.0
856.0 955.0
856.0 955.0
874.0 814.0
869.0 841.0
872.0 816.0
869.0 841.0
878.0 806.0
869.0 841.0
870.0 830.0
872.0 816.0
871.0 826.0
870.0 830.0
869.0 841.0
863.0 894.0
868.0 854.0
858.0 921.0
876.0 807.0
870.0 830.0
876.0 807.0
869.0 841.0
858.0 921.0
860.0 906.0
868.0 854.0
862.0 900.0
859.0 913.0
870.0 830.0
859.0 913.0
857.0 942.0
871.0 826.0
859.0 913.0
874.0 814.0
876.0 807.0
856.0 955.0
860.0 906.0
871.0 826.0
870.0 830.0
874.0 814.0
876.0 807.0
868.0 854.0
876.0 807.0
869.0 841.0
871.0 826.0
856.0 955.0
878.0 806.0
862.0 900.0
872.0 816.0
860.0 906.0
859.0 913.0
872.0 816.0
860.0 906.0
866.0 857.0
860.0 906.0
872.0 816.0
874.0 814.0
862.0 900.0
865.0 869.0
862.0 900.0
858.0 921.0
862.0 900.0
857.0 942.0
874.0 814.0
868.0 854.0
868.0 854.0
871.0 826.0
861.0 904.0
872.0 816.0
870.0 830.0
860.0 906.0
859.0 913.0
862.0 900.0
862.0 900.0
868.0 854.0
878.0 806.0
870.0 830.0
869.0 841.0
859.0 913.0
859.0 913.0
874.0 814.0
864.0 871.0
871.0 826.0
