2962.0 158.0
2962.0 158.0
2862.0 182.0
2944.0 165.0
2962.0 158.0
2900.0 173.0
2862.0 182.0
3058.0 149.0
2756.0 206.0
3058.0 149.0
2756.0 206.0
2944.0 165.0
2756.0 206.0
2900.0 173.0
2900.0 173.0
3022.0 151.0
3022.0 151.0
2754.0 210.0
2720.0 218.0
2756.0 206.0
2944.0 165.0
2764.0 203.0
2962.0 158.0
2868.0 181.0
2944.0 165.0
2678.0 243.0
2818.0 185.0
3014.0 155.0
3058.0 149.0
2818.0 185.0
3058.0 149.0
2678.0 243.0
2684.0 235.0
2862.0 182.0
2678.0 243.0
2868.0 181.0
2720.0 218.0
2764.0 203.0
3014.0 155.0
2764.0 203.0
2684.0 235.0
2684.0 235.0
2708.0 220.0
2736.0 213.0
2900.0 173.0
2720.0 218.0
3014.0 155.0
2702.0 224.0
2736.0 213.0
2708.0 220.0
3014.0 155.0
2708.0 220.0
2818.0 185.0
2702.0 224.0
2862.0 182.0
2708.0 220.0
2818.0 185.0
2684.0 235.0
2944.0 165.0
3014.0 155.0
2772.0 193.0
2678.0 243.0
2772.0 193.0
2772.0 193.0
2754.0 210.0
2962.0 158.0
2818.0 185.0
2772.0 193.0
2678.0 243.0
2702.0 224.0
2918.0 166.0
3058.0 149.0
3022.0 151.0
2754.0 210.0
2726.0 214.0
2918.0 166.0
2736.0 213.0
2918.0 166.0
2868.0 181.0
2890.0 179.0
2890.0 179.0
2890.0 179.0
2764.0 203.0
2726.0 214.0
2890.0 179.0
2736.0 213.0
2736.0 213.0
2720.0 218.0
2918.0 166.0
2726.0 214.0
2890.0 179.0
2684.0 235.0
3022.0 151.0
2754.0 210.0
2726.0 214.0
2772.0 193.0
2900.0 173.0
2918.0 166.0
2868.0 181.0
2702.0 224.0
