5868.0 539.0
5868.0 539.0
5868.0 539.0
5684.0 552.0
5829.0 541.0
5868.0 539.0
5432.0 657.0
5684.0 552.0
5432.0 657.0
5811.0 542.0
5829.0 541.0
5448.0 643.0
5829.0 541.0
5788.0 544.0
5684.0 552.0
5770.0 549.0
5418.0 680.0
5490.0 608.0
5429.0 659.0
5605.0 554.0
5806.0 543.0
5418.0 680.0
5429.0 659.0
5490.0 608.0
5450.0 630.0
5438.0 645.0
5564.0 576.0
5806.0 543.0
5504.0 597.0
5429.0 659.0
5788.0 544.0
5418.0 680.0
5489.0 610.0
5424.0 662.0
5567.0 572.0
5450.0 630.0
5567.0 572.0
5438.0 645.0
5448.0 643.0
5535.0 587.0
5574.0 564.0
5490.0 608.0
5770.0 549.0
5406.0 705.0
5829.0 541.0
5424.0 662.0
5432.0 657.0
5770.0 549.0
5406.0 705.0
5788.0 544.0
5504.0 597.0
5486.0 612.0
5567.0 572.0
5547.0 578.0
5486.0 612.0
5547.0 578.0
5486.0 612.0
5516.0 588.0
5806.0 543.0
5424.0 662.0
5413.0 684.0
5771.0 547.0
5438.0 645.0
5771.0 547.0
5605.0 554.0
5564.0 576.0
5574.0 564.0
5535.0 587.0
5535.0 587.0
5406.0 705.0
5564.0 576.0
5788.0 544.0
5478.0 617.0
5684.0 552.0
5504.0 597.0
5468.0 629.0
5409.0 703.0
5516.0 588.0
5415.0 682.0
5413.0 684.0
5504.0 597.0
5468.0 629.0
5574.0 564.0
5450.0 630.0
5478.0 617.0
5547.0 578.0
5413.0 684.0
5516.0 588.0
5409.0 703.0
5516.0 588.0
5415.0 682.0
5415.0 682.0
5468.0 629.0
5478.0 617.0
5771.0 547.0
5468.0 629.0
5547.0 578.0
5448.0 643.0
5535.0 587.0
5409.0 703.0
