15464.0 3647.0
15786.0 3402.0
16056.0 3278.0
15957.0 3310.0
15539.0 3566.0
15929.0 3324.0
15607.0 3506.0
16158.0 3251.0
15438.0 3718.0
15484.0 3622.0
15828.0 3398.0
16006.0 3282.0
15968.0 3304.0
15553.0 3552.0
15640.0 3478.0
16074.0 3272.0
16079.0 3269.0
15730.0 3413.0
16001.0 3292.0
15425.0 3758.0
15872.0 3360.0
15589.0 3518.0
15497.0 3605.0
15456.0 3663.0
15865.0 3362.0
15470.0 3639.0
15940.0 3318.0
15580.0 3524.0
15503.0 3597.0
15440.0 3709.0
15913.0 3335.0
15618.0 3490.0
15878.0 3347.0
15700.0 3432.0
15485.0 3617.0
15428.0 3729.0
15937.0 3323.0
15909.0 3337.0
15508.0 3589.0
15454.0 3669.0
16060.0 3273.0
15669.0 3448.0
15668.0 3454.0
15714.0 3423.0
15426.0 3735.0
16088.0 3262.0
15676.0 3444.0
15501.0 3603.0
15851.0 3364.0
15569.0 3537.0
15449.0 3701.0
15444.0 3703.0
15492.0 3611.0
15516.0 3579.0
16105.0 3261.0
15510.0 3585.0
15574.0 3530.0
15737.0 3409.0
15561.0 3544.0
15520.0 3575.0
15526.0 3569.0
15650.0 3467.0
15658.0 3463.0
15515.0 3583.0
15684.0 3440.0
15548.0 3554.0
15453.0 3689.0
15949.0 3317.0
15721.0 3419.0
15988.0 3298.0
15633.0 3482.0
16084.0 3267.0
15838.0 3379.0
15899.0 3343.0
15709.0 3430.0
15554.0 3548.0
16122.0 3253.0
15981.0 3299.0
15693.0 3436.0
15584.0 3520.0
15779.0 3406.0
15590.0 3514.0
15597.0 3510.0
15927.0 3329.0
15643.0 3471.0
15832.0 3394.0
15432.0 3719.0
15545.0 3563.0
15452.0 3694.0
15474.0 3633.0
15460.0 3653.0
15468.0 3643.0
15480.0 3628.0
15562.0 3541.0
15613.0 3502.0
15625.0 3486.0
15573.0 3536.0
15663.0 3461.0
15617.0 3496.0
15992.0 3293.0
