20492.0 4921.0
19596.0 5622.0
19626.0 5540.0
20358.0 4955.0
19686.0 5418.0
20219.0 4988.0
19629.0 5528.0
20383.0 4952.0
19980.0 5107.0
19989.0 5101.0
20158.0 5020.0
19906.0 5171.0
20399.0 4946.0
19921.0 5152.0
20623.0 4906.0
19891.0 5188.0
20585.0 4908.0
19659.0 5460.0
20183.0 5007.0
19874.0 5222.0
19925.0 5145.0
19638.0 5513.0
20150.0 5023.0
19947.0 5131.0
19727.0 5356.0
20409.0 4944.0
19964.0 5114.0
20090.0 5047.0
20418.0 4939.0
19864.0 5238.0
19851.0 5243.0
19895.0 5181.0
19632.0 5520.0
19784.0 5297.0
19953.0 5124.0
19867.0 5224.0
20013.0 5086.0
19665.0 5440.0
19883.0 5200.0
20473.0 4926.0
19691.0 5413.0
19728.0 5347.0
20118.0 5032.0
19693.0 5393.0
19616.0 5546.0
19839.0 5251.0
19747.0 5332.0
20194.0 5001.0
19792.0 5289.0
20139.0 5028.0
19972.0 5111.0
20171.0 5014.0
19936.0 5135.0
20644.0 4902.0
20038.0 5073.0
19832.0 5258.0
20258.0 4980.0
20283.0 4971.0
20029.0 5079.0
19738.0 5346.0
20297.0 4964.0
20390.0 4951.0
20070.0 5054.0
20095.0 5041.0
20528.0 4914.0
20007.0 5091.0
19722.0 5361.0
20082.0 5051.0
20022.0 5084.0
20000.0 5096.0
20131.0 5030.0
19649.0 5482.0
20458.0 4929.0
19820.0 5266.0
20235.0 4984.0
19803.0 5282.0
19606.0 5558.0
19699.0 5379.0
20570.0 4911.0
19878.0 5215.0
19776.0 5308.0
19757.0 5323.0
19639.0 5494.0
19768.0 5316.0
20313.0 4960.0
20109.0 5039.0
19599.0 5584.0
20449.0 4934.0
20513.0 4917.0
20060.0 5061.0
20205.0 4995.0
20439.0 4936.0
19658.0 5479.0
20272.0 4977.0
19913.0 5164.0
20336.0 4956.0
19713.0 5367.0
20048.0 5066.0
19811.0 5274.0
19709.0 5378.0
