26419.0 6444.0
25015.0 7189.0
25513.0 6654.0
25234.0 6875.0
25045.0 7125.0
26409.0 6448.0
25237.0 6863.0
25833.0 6525.0
25496.0 6665.0
25005.0 7212.0
26329.0 6459.0
26055.0 6470.0
25924.0 6506.0
25278.0 6816.0
25975.0 6489.0
25108.0 7012.0
25615.0 6597.0
25553.0 6629.0
25901.0 6511.0
26023.0 6479.0
25180.0 6915.0
25792.0 6533.0
25822.0 6528.0
25869.0 6520.0
24993.0 7263.0
25058.0 7096.0
25097.0 7021.0
25351.0 6760.0
26342.0 6455.0
25700.0 6562.0
25315.0 6789.0
25025.0 7172.0
25457.0 6683.0
25326.0 6782.0
25946.0 6498.0
25803.0 6530.0
25575.0 6622.0
25077.0 7067.0
25363.0 6757.0
25723.0 6552.0
25774.0 6538.0
25912.0 6508.0
25859.0 6524.0
25291.0 6812.0
25656.0 6581.0
26361.0 6450.0
25445.0 6690.0
25297.0 6803.0
25755.0 6540.0
25410.0 6730.0
25167.0 6929.0
25645.0 6584.0
24983.0 7311.0
25039.0 7136.0
25988.0 6485.0
25259.0 6839.0
25128.0 6986.0
25164.0 6947.0
25003.0 7240.0
25117.0 6994.0
25442.0 6704.0
26294.0 6465.0
25421.0 6712.0
25393.0 6743.0
26313.0 6460.0
25036.0 7155.0
25633.0 6591.0
25526.0 6643.0
25050.0 7107.0
25734.0 6547.0
25334.0 6771.0
24987.0 7286.0
25600.0 6604.0
26007.0 6480.0
25242.0 6850.0
25371.0 6748.0
25712.0 6555.0
26036.0 6475.0
25066.0 7076.0
25588.0 6611.0
25467.0 6679.0
25306.0 6797.0
25136.0 6975.0
25089.0 7041.0
25744.0 6543.0
25682.0 6568.0
25538.0 6636.0
25216.0 6881.0
25936.0 6504.0
25085.0 7056.0
25143.0 6961.0
25267.0 6829.0
25484.0 6672.0
25965.0 6493.0
25667.0 6575.0
25192.0 6908.0
25154.0 6948.0
26281.0 6469.0
25205.0 6894.0
25880.0 6517.0
