37.0 147.0
37.0 147.0
37.0 147.0
37.0 147.0
37.0 147.0
37.0 147.0
44.0 136.0
44.0 136.0
44.0 136.0
38.0 145.0
39.0 144.0
38.0 145.0
44.0 136.0
37.0 147.0
37.0 147.0
38.0 145.0
37.0 147.0
39.0 144.0
46.0 133.0
46.0 133.0
44.0 136.0
39.0 144.0
46.0 133.0
38.0 145.0
38.0 145.0
46.0 133.0
41.0 137.0
44.0 136.0
46.0 133.0
41.0 137.0
44.0 136.0
38.0 145.0
38.0 145.0
41.0 137.0
38.0 145.0
44.0 136.0
46.0 133.0
35.0 151.0
44.0 136.0
35.0 151.0
44.0 136.0
41.0 137.0
39.0 144.0
39.0 144.0
38.0 145.0
41.0 137.0
46.0 133.0
35.0 151.0
46.0 133.0
46.0 133.0
44.0 136.0
35.0 151.0
35.0 151.0
39.0 144.0
46.0 133.0
38.0 145.0
37.0 147.0
35.0 151.0
44.0 136.0
39.0 144.0
41.0 137.0
35.0 151.0
41.0 137.0
37.0 147.0
39.0 144.0
39.0 144.0
35.0 151.0
46.0 133.0
35.0 151.0
35.0 151.0
38.0 145.0
41.0 137.0
37.0 147.0
41.0 137.0
46.0 133.0
37.0 147.0
46.0 133.0
35.0 151.0
41.0 137.0
44.0 136.0
41.0 137.0
41.0 137.0
44.0 136.0
35.0 151.0
35.0 151.0
38.0 145.0
39.0 144.0
46.0 133.0
41.0 137.0
39.0 144.0
39.0 144.0
38.0 145.0
39.0 144.0
37.0 147.0
39.0 144.0
38.0 145.0
46.0 133.0
41.0 137.0
35.0 151.0
35.0 151.0
