89.0 126.0
89.0 126.0
89.0 126.0
89.0 126.0
92.0 122.0
89.0 126.0
89.0 126.0
92.0 122.0
92.0 122.0
92.0 122.0
95.0 99.0
95.0 99.0
88.0 136.0
88.0 136.0
88.0 136.0
95.0 99.0
95.0 99.0
89.0 126.0
95.0 99.0
92.0 122.0
88.0 136.0
95.0 99.0
94.0 106.0
92.0 122.0
88.0 136.0
95.0 99.0
92.0 122.0
94.0 106.0
94.0 106.0
92.0 122.0
94.0 106.0
95.0 99.0
88.0 136.0
88.0 136.0
92.0 122.0
88.0 136.0
94.0 106.0
94.0 106.0
92.0 122.0
89.0 126.0
95.0 99.0
88.0 136.0
89.0 126.0
89.0 126.0
88.0 136.0
94.0 106.0
95.0 99.0
92.0 122.0
88.0 136.0
92.0 122.0
94.0 106.0
89.0 126.0
88.0 136.0
89.0 126.0
89.0 126.0
89.0 126.0
94.0 106.0
93.0 107.0
95.0 99.0
88.0 136.0
92.0 122.0
93.0 107.0
94.0 106.0
93.0 107.0
94.0 106.0
93.0 107.0
93.0 107.0
94.0 106.0
93.0 107.0
93.0 107.0
95.0 99.0
94.0 106.0
88.0 136.0
89.0 126.0
93.0 107.0
93.0 107.0
95.0 99.0
95.0 99.0
92.0 122.0
94.0 106.0
94.0 106.0
89.0 126.0
93.0 107.0
95.0 99.0
93.0 107.0
95.0 99.0
94.0 106.0
88.0 136.0
92.0 122.0
93.0 107.0
88.0 136.0
92.0 122.0
88.0 136.0
93.0 107.0
93.0 107.0
93.0 107.0
95.0 99.0
89.0 126.0
93.0 107.0
92.0 122.0
