45.0 190.0
45.0 190.0
45.0 190.0
45.0 190.0
46.0 177.0
55.0 138.0
46.0 177.0
45.0 190.0
46.0 177.0
50.0 152.0
46.0 177.0
63.0 131.0
55.0 138.0
47.0 167.0
55.0 138.0
66.0 127.0
63.0 131.0
57.0 137.0
53.0 140.0
50.0 152.0
65.0 129.0
45.0 190.0
48.0 159.0
70.0 125.0
48.0 159.0
48.0 159.0
61.0 132.0
57.0 137.0
47.0 167.0
50.0 152.0
65.0 129.0
50.0 152.0
46.0 177.0
63.0 131.0
70.0 125.0
52.0 142.0
70.0 125.0
65.0 129.0
57.0 137.0
53.0 140.0
47.0 167.0
70.0 125.0
61.0 132.0
53.0 140.0
61.0 132.0
57.0 137.0
63.0 131.0
50.0 152.0
66.0 127.0
47.0 167.0
55.0 138.0
47.0 167.0
66.0 127.0
45.0 190.0
55.0 138.0
52.0 142.0
59.0 133.0
51.0 144.0
59.0 133.0
52.0 142.0
52.0 142.0
59.0 133.0
53.0 140.0
59.0 133.0
63.0 131.0
70.0 125.0
66.0 127.0
52.0 142.0
61.0 132.0
50.0 152.0
51.0 144.0
65.0 129.0
63.0 131.0
51.0 144.0
66.0 127.0
53.0 140.0
48.0 159.0
46.0 177.0
65.0 129.0
51.0 144.0
51.0 144.0
55.0 138.0
57.0 137.0
50.0 152.0
59.0 133.0
48.0 159.0
61.0 132.0
70.0 125.0
53.0 140.0
66.0 127.0
48.0 159.0
46.0 177.0
57.0 137.0
61.0 132.0
59.0 133.0
52.0 142.0
51.0 144.0
47.0 167.0
65.0 129.0
47.0 167.0
