400.0 555.0
389.0 677.0
389.0 677.0
389.0 677.0
389.0 677.0
389.0 677.0
400.0 555.0
411.0 539.0
406.0 548.0
388.0 691.0
388.0 691.0
412.0 530.0
407.0 546.0
406.0 548.0
409.0 543.0
411.0 539.0
417.0 523.0
388.0 691.0
397.0 572.0
409.0 543.0
397.0 572.0
390.0 661.0
390.0 661.0
409.0 543.0
412.0 530.0
395.0 591.0
388.0 691.0
395.0 591.0
419.0 522.0
412.0 530.0
419.0 522.0
390.0 661.0
393.0 622.0
408.0 544.0
417.0 523.0
404.0 550.0
392.0 632.0
417.0 523.0
392.0 632.0
410.0 540.0
408.0 544.0
396.0 585.0
396.0 585.0
387.0 707.0
393.0 622.0
406.0 548.0
404.0 550.0
392.0 632.0
388.0 691.0
397.0 572.0
391.0 634.0
415.0 526.0
419.0 522.0
394.0 620.0
396.0 585.0
387.0 707.0
395.0 591.0
408.0 544.0
412.0 530.0
390.0 661.0
404.0 550.0
394.0 620.0
406.0 548.0
392.0 632.0
391.0 634.0
410.0 540.0
409.0 543.0
408.0 544.0
397.0 572.0
390.0 661.0
410.0 540.0
415.0 526.0
393.0 622.0
419.0 522.0
398.0 568.0
400.0 555.0
411.0 539.0
395.0 591.0
391.0 634.0
415.0 526.0
387.0 707.0
391.0 634.0
396.0 585.0
417.0 523.0
407.0 546.0
397.0 572.0
410.0 540.0
394.0 620.0
411.0 539.0
393.0 622.0
387.0 707.0
412.0 530.0
396.0 585.0
415.0 526.0
387.0 707.0
394.0 620.0
415.0 526.0
404.0 550.0
402.0 554.0
395.0 591.0
