98.0 510.0
98.0 510.0
90.0 536.0
78.0 612.0
99.0 507.0
98.0 510.0
81.0 593.0
99.0 507.0
88.0 544.0
88.0 544.0
99.0 507.0
90.0 536.0
88.0 544.0
90.0 536.0
90.0 536.0
106.0 496.0
78.0 612.0
82.0 585.0
83.0 569.0
93.0 522.0
91.0 531.0
80.0 595.0
90.0 536.0
106.0 496.0
93.0 522.0
92.0 526.0
81.0 593.0
83.0 569.0
83.0 569.0
106.0 496.0
93.0 522.0
95.0 517.0
99.0 507.0
79.0 598.0
91.0 531.0
94.0 520.0
93.0 522.0
80.0 595.0
92.0 526.0
102.0 498.0
83.0 569.0
100.0 505.0
80.0 595.0
100.0 505.0
94.0 520.0
82.0 585.0
102.0 498.0
102.0 498.0
100.0 505.0
79.0 598.0
84.0 559.0
82.0 585.0
92.0 526.0
84.0 559.0
79.0 598.0
97.0 512.0
95.0 517.0
86.0 549.0
91.0 531.0
98.0 510.0
86.0 549.0
94.0 520.0
86.0 549.0
88.0 544.0
95.0 517.0
82.0 585.0
81.0 593.0
92.0 526.0
88.0 544.0
81.0 593.0
100.0 505.0
96.0 515.0
94.0 520.0
96.0 515.0
97.0 512.0
84.0 559.0
91.0 531.0
102.0 498.0
95.0 517.0
106.0 496.0
79.0 598.0
82.0 585.0
96.0 515.0
100.0 505.0
79.0 598.0
91.0 531.0
96.0 515.0
92.0 526.0
83.0 569.0
93.0 522.0
106.0 496.0
81.0 593.0
102.0 498.0
84.0 559.0
97.0 512.0
84.0 559.0
80.0 595.0
97.0 512.0
86.0 549.0
86.0 549.0
