107.0 1124.0
107.0 1124.0
117.0 1002.0
114.0 1041.0
114.0 1041.0
114.0 1041.0
107.0 1124.0
112.0 1069.0
120.0 978.0
141.0 907.0
118.0 1000.0
118.0 1000.0
130.0 944.0
116.0 1014.0
111.0 1076.0
141.0 907.0
126.0 956.0
118.0 1000.0
141.0 907.0
114.0 1041.0
131.0 939.0
130.0 944.0
135.0 929.0
114.0 1041.0
141.0 907.0
137.0 925.0
143.0 899.0
110.0 1097.0
120.0 978.0
131.0 939.0
135.0 929.0
130.0 944.0
110.0 1097.0
143.0 899.0
128.0 953.0
113.0 1058.0
143.0 899.0
119.0 994.0
112.0 1069.0
113.0 1058.0
118.0 1000.0
139.0 918.0
111.0 1076.0
137.0 925.0
113.0 1058.0
110.0 1097.0
117.0 1002.0
133.0 933.0
125.0 960.0
129.0 948.0
123.0 971.0
110.0 1097.0
119.0 994.0
119.0 994.0
135.0 929.0
120.0 978.0
124.0 966.0
125.0 960.0
143.0 899.0
133.0 933.0
128.0 953.0
137.0 925.0
111.0 1076.0
126.0 956.0
139.0 918.0
135.0 929.0
113.0 1058.0
129.0 948.0
133.0 933.0
117.0 1002.0
131.0 939.0
129.0 948.0
110.0 1097.0
107.0 1124.0
125.0 960.0
130.0 944.0
126.0 956.0
109.0 1112.0
124.0 966.0
139.0 918.0
139.0 918.0
112.0 1069.0
109.0 1112.0
109.0 1112.0
137.0 925.0
123.0 971.0
111.0 1076.0
128.0 953.0
126.0 956.0
109.0 1112.0
133.0 933.0
123.0 971.0
119.0 994.0
131.0 939.0
124.0 966.0
125.0 960.0
124.0 966.0
128.0 953.0
123.0 971.0
129.0 948.0
