62.0 1116.0
68.0 1075.0
62.0 1116.0
72.0 1048.0
72.0 1048.0
90.0 1014.0
90.0 1014.0
66.0 1078.0
90.0 1014.0
101.0 1000.0
60.0 1131.0
73.0 1043.0
70.0 1064.0
66.0 1078.0
70.0 1064.0
94.0 1010.0
70.0 1064.0
70.0 1064.0
66.0 1078.0
66.0 1078.0
73.0 1043.0
72.0 1048.0
101.0 1000.0
73.0 1043.0
68.0 1075.0
94.0 1010.0
101.0 1000.0
94.0 1010.0
60.0 1131.0
63.0 1100.0
85.0 1023.0
94.0 1010.0
85.0 1023.0
82.0 1030.0
64.0 1094.0
73.0 1043.0
69.0 1070.0
66.0 1078.0
59.0 1151.0
60.0 1131.0
85.0 1023.0
87.0 1020.0
95.0 1008.0
63.0 1100.0
60.0 1131.0
70.0 1064.0
85.0 1023.0
81.0 1034.0
64.0 1094.0
60.0 1131.0
59.0 1151.0
63.0 1100.0
85.0 1023.0
88.0 1016.0
82.0 1030.0
59.0 1151.0
88.0 1016.0
71.0 1054.0
72.0 1048.0
95.0 1008.0
63.0 1100.0
87.0 1020.0
69.0 1070.0
81.0 1034.0
90.0 1014.0
59.0 1151.0
65.0 1084.0
81.0 1034.0
71.0 1054.0
95.0 1008.0
64.0 1094.0
65.0 1084.0
65.0 1084.0
64.0 1094.0
73.0 1043.0
72.0 1048.0
69.0 1070.0
59.0 1151.0
88.0 1016.0
71.0 1054.0
71.0 1054.0
64.0 1094.0
82.0 1030.0
101.0 1000.0
69.0 1070.0
82.0 1030.0
65.0 1084.0
95.0 1008.0
68.0 1075.0
87.0 1020.0
88.0 1016.0
71.0 1054.0
101.0 1000.0
82.0 1030.0
69.0 1070.0
65.0 1084.0
87.0 1020.0
63.0 1100.0
81.0 1034.0
81.0 1034.0
