1060.0 49.0
990.0 59.0
990.0 59.0
1060.0 49.0
1030.0 51.0
1006.0 54.0
990.0 59.0
1014.0 53.0
1006.0 54.0
1014.0 53.0
1030.0 51.0
1140.0 46.0
996.0 58.0
990.0 59.0
1030.0 51.0
990.0 59.0
930.0 100.0
996.0 58.0
1060.0 49.0
990.0 59.0
1004.0 56.0
1108.0 47.0
1004.0 56.0
934.0 77.0
1006.0 54.0
934.0 77.0
996.0 58.0
1014.0 53.0
1140.0 46.0
1014.0 53.0
1030.0 51.0
930.0 100.0
1030.0 51.0
944.0 71.0
996.0 58.0
1140.0 46.0
934.0 77.0
930.0 100.0
1108.0 47.0
934.0 77.0
944.0 71.0
934.0 77.0
1004.0 56.0
1004.0 56.0
930.0 100.0
960.0 63.0
944.0 71.0
944.0 71.0
996.0 58.0
960.0 63.0
1004.0 56.0
1108.0 47.0
944.0 71.0
960.0 63.0
960.0 63.0
1006.0 54.0
944.0 71.0
930.0 100.0
1006.0 54.0
956.0 64.0
956.0 64.0
1006.0 54.0
944.0 71.0
1108.0 47.0
1140.0 46.0
988.0 61.0
934.0 77.0
1030.0 51.0
1108.0 47.0
988.0 61.0
988.0 61.0
1140.0 46.0
1060.0 49.0
988.0 61.0
956.0 64.0
1060.0 49.0
1060.0 49.0
1014.0 53.0
930.0 100.0
988.0 61.0
1140.0 46.0
960.0 63.0
1108.0 47.0
960.0 63.0
956.0 64.0
934.0 77.0
996.0 58.0
956.0 64.0
956.0 64.0
1060.0 49.0
1140.0 46.0
1004.0 56.0
996.0 58.0
1108.0 47.0
1014.0 53.0
930.0 100.0
1030.0 51.0
1014.0 53.0
988.0 61.0
960.0 63.0
