2678.0 232.0
2728.0 196.0
2728.0 196.0
2780.0 184.0
2678.0 232.0
2678.0 232.0
2728.0 196.0
2692.0 225.0
2682.0 226.0
2682.0 226.0
2692.0 225.0
2858.0 178.0
2780.0 184.0
2728.0 196.0
2654.0 261.0
2858.0 178.0
2654.0 261.0
2706.0 212.0
2866.0 174.0
2866.0 174.0
2658.0 241.0
2678.0 232.0
2706.0 212.0
2654.0 261.0
2682.0 226.0
2706.0 212.0
2858.0 178.0
2780.0 184.0
2682.0 226.0
2658.0 241.0
2676.0 235.0
2658.0 241.0
2678.0 232.0
2716.0 206.0
2700.0 216.0
2866.0 174.0
2700.0 216.0
2676.0 235.0
2678.0 232.0
2700.0 216.0
2832.0 180.0
2692.0 225.0
2716.0 206.0
2654.0 261.0
2832.0 180.0
2700.0 216.0
2658.0 241.0
2866.0 174.0
2832.0 180.0
2728.0 196.0
2728.0 196.0
2858.0 178.0
2716.0 206.0
2746.0 190.0
2706.0 212.0
2692.0 225.0
2654.0 261.0
2866.0 174.0
2716.0 206.0
2692.0 225.0
2832.0 180.0
2858.0 178.0
2780.0 184.0
2706.0 212.0
2858.0 178.0
2866.0 174.0
2692.0 225.0
2832.0 180.0
2716.0 206.0
2780.0 184.0
2682.0 226.0
2676.0 235.0
2692.0 225.0
2706.0 212.0
2716.0 206.0
2746.0 190.0
2746.0 190.0
2858.0 178.0
2676.0 235.0
2654.0 261.0
2746.0 190.0
2780.0 184.0
2682.0 226.0
2700.0 216.0
2658.0 241.0
2676.0 235.0
2832.0 180.0
2832.0 180.0
2658.0 241.0
2746.0 190.0
2700.0 216.0
2746.0 190.0
2728.0 196.0
2716.0 206.0
2746.0 190.0
2780.0 184.0
2676.0 235.0
2866.0 174.0
2654.0 261.0
2658.0 241.0
