4558.0 397.0
4686.0 359.0
4686.0 359.0
4620.0 376.0
4686.0 359.0
4841.0 339.0
4573.0 394.0
4558.0 397.0
4728.0 352.0
4761.0 345.0
4573.0 394.0
4573.0 394.0
4677.0 363.0
4745.0 349.0
4841.0 339.0
4602.0 379.0
4841.0 339.0
4562.0 395.0
4677.0 363.0
4785.0 343.0
4704.0 358.0
4917.0 331.0
4867.0 337.0
4573.0 394.0
4617.0 378.0
4620.0 376.0
4720.0 355.0
4642.0 367.0
4867.0 337.0
4704.0 358.0
4651.0 366.0
4720.0 355.0
4642.0 367.0
4785.0 343.0
4785.0 343.0
4684.0 360.0
4841.0 339.0
4581.0 380.0
4756.0 347.0
4679.0 361.0
4679.0 361.0
4575.0 388.0
4756.0 347.0
4651.0 366.0
4602.0 379.0
4728.0 352.0
4581.0 380.0
4917.0 331.0
4619.0 377.0
4730.0 351.0
4684.0 360.0
4704.0 358.0
4783.0 344.0
4581.0 380.0
4619.0 377.0
4602.0 379.0
4720.0 355.0
4562.0 395.0
4664.0 365.0
4783.0 344.0
4917.0 331.0
4760.0 346.0
4651.0 366.0
4684.0 360.0
4760.0 346.0
4917.0 331.0
4575.0 388.0
4617.0 378.0
4562.0 395.0
4867.0 337.0
4602.0 379.0
4730.0 351.0
4626.0 368.0
4867.0 337.0
4704.0 358.0
4664.0 365.0
4728.0 352.0
4581.0 380.0
4756.0 347.0
4626.0 368.0
4722.0 354.0
4730.0 351.0
4617.0 378.0
4651.0 366.0
4642.0 367.0
4626.0 368.0
4575.0 388.0
4783.0 344.0
4664.0 365.0
4626.0 368.0
4760.0 346.0
4664.0 365.0
4619.0 377.0
4722.0 354.0
4642.0 367.0
4679.0 361.0
4575.0 388.0
4722.0 354.0
4620.0 376.0
4677.0 363.0
