8147.0 1119.0
8073.0 1235.0
8127.0 1191.0
8448.0 963.0
8108.0 1192.0
8448.0 963.0
8143.0 1133.0
8266.0 1017.0
8157.0 1099.0
8143.0 1133.0
8091.0 1202.0
8271.0 1008.0
8147.0 1119.0
8426.0 969.0
8266.0 1017.0
8266.0 1017.0
8157.0 1099.0
8128.0 1177.0
8271.0 1008.0
8266.0 1017.0
8283.0 1006.0
8426.0 969.0
8143.0 1133.0
8128.0 1177.0
8108.0 1192.0
8190.0 1076.0
8271.0 1008.0
8155.0 1101.0
8426.0 969.0
8203.0 1053.0
8292.0 1004.0
8426.0 969.0
8453.0 960.0
8091.0 1202.0
8216.0 1038.0
8137.0 1141.0
8108.0 1192.0
8128.0 1177.0
8202.0 1065.0
8155.0 1101.0
8175.0 1083.0
8091.0 1202.0
8203.0 1053.0
8137.0 1141.0
8332.0 979.0
8177.0 1081.0
8175.0 1083.0
8190.0 1076.0
8216.0 1038.0
8137.0 1141.0
8175.0 1083.0
8137.0 1141.0
8209.0 1048.0
8190.0 1076.0
8249.0 1022.0
8091.0 1202.0
8306.0 996.0
8292.0 1004.0
8190.0 1076.0
8157.0 1099.0
8203.0 1053.0
8073.0 1235.0
8448.0 963.0
8426.0 969.0
8249.0 1022.0
8108.0 1192.0
8192.0 1074.0
8143.0 1133.0
8237.0 1024.0
8271.0 1008.0
8157.0 1099.0
8237.0 1024.0
8175.0 1083.0
8332.0 979.0
8192.0 1074.0
8306.0 996.0
8237.0 1024.0
8077.0 1231.0
8192.0 1074.0
8216.0 1038.0
8237.0 1024.0
8177.0 1081.0
8306.0 996.0
8249.0 1022.0
8448.0 963.0
8203.0 1053.0
8177.0 1081.0
8292.0 1004.0
8177.0 1081.0
8209.0 1048.0
8292.0 1004.0
8309.0 989.0
8249.0 1022.0
8362.0 972.0
8182.0 1078.0
8453.0 960.0
8306.0 996.0
8216.0 1038.0
8155.0 1101.0
8192.0 1074.0
