13245.0 3060.0
13289.0 3030.0
13241.0 3068.0
13327.0 2981.0
13376.0 2955.0
13285.0 3038.0
13346.0 2972.0
13214.0 3116.0
13237.0 3105.0
13643.0 2730.0
13456.0 2854.0
13590.0 2754.0
13742.0 2689.0
13326.0 2992.0
13517.0 2811.0
13228.0 3112.0
13510.0 2815.0
13364.0 2959.0
13408.0 2920.0
13523.0 2808.0
13699.0 2703.0
13357.0 2962.0
13434.0 2895.0
13353.0 2965.0
13299.0 3020.0
13570.0 2775.0
13303.0 3012.0
13380.0 2947.0
13579.0 2764.0
13552.0 2780.0
13439.0 2886.0
13268.0 3049.0
13650.0 2729.0
13385.0 2938.0
13420.0 2907.0
13401.0 2922.0
13566.0 2778.0
13391.0 2933.0
13202.0 3134.0
13497.0 2818.0
13612.0 2746.0
13383.0 2945.0
13473.0 2834.0
13476.0 2833.0
13691.0 2706.0
13620.0 2743.0
13634.0 2732.0
13519.0 2810.0
13694.0 2705.0
13623.0 2736.0
13575.0 2773.0
13664.0 2716.0
13428.0 2897.0
13530.0 2800.0
13539.0 2792.0
13525.0 2802.0
13544.0 2786.0
13585.0 2762.0
13472.0 2839.0
13656.0 2719.0
13457.0 2852.0
13569.0 2777.0
13608.0 2749.0
13443.0 2884.0
13347.0 2968.0
13467.0 2842.0
13259.0 3056.0
13335.0 2974.0
13445.0 2864.0
13533.0 2796.0
13957.0 2687.0
13488.0 2827.0
13502.0 2816.0
13483.0 2829.0
13640.0 2731.0
13541.0 2790.0
13458.0 2847.0
13528.0 2801.0
13572.0 2774.0
13514.0 2812.0
13478.0 2832.0
13398.0 2928.0
13470.0 2841.0
13486.0 2828.0
13587.0 2761.0
13436.0 2890.0
13626.0 2735.0
13452.0 2855.0
13414.0 2912.0
13615.0 2745.0
13631.0 2733.0
13447.0 2857.0
13465.0 2843.0
13653.0 2728.0
13481.0 2831.0
13491.0 2826.0
13577.0 2768.0
13702.0 2702.0
13598.0 2751.0
13462.0 2844.0
