47.0 166.0
58.0 127.0
47.0 166.0
58.0 127.0
53.0 148.0
54.0 138.0
50.0 149.0
57.0 135.0
49.0 158.0
48.0 165.0
49.0 158.0
54.0 138.0
57.0 135.0
50.0 149.0
48.0 165.0
53.0 148.0
58.0 127.0
47.0 166.0
49.0 158.0
54.0 138.0
57.0 135.0
50.0 149.0
48.0 165.0
53.0 148.0
47.0 166.0
58.0 127.0
49.0 158.0
54.0 138.0
57.0 135.0
50.0 149.0
48.0 165.0
53.0 148.0
47.0 166.0
58.0 127.0
49.0 158.0
54.0 138.0
57.0 135.0
50.0 149.0
53.0 148.0
48.0 165.0
47.0 166.0
58.0 127.0
49.0 158.0
54.0 138.0
57.0 135.0
50.0 149.0
53.0 148.0
48.0 165.0
58.0 127.0
47.0 166.0
49.0 158.0
54.0 138.0
57.0 135.0
50.0 149.0
53.0 148.0
48.0 165.0
58.0 127.0
47.0 166.0
49.0 158.0
54.0 138.0
57.0 135.0
50.0 149.0
48.0 165.0
53.0 148.0
47.0 166.0
58.0 127.0
49.0 158.0
54.0 138.0
57.0 135.0
50.0 149.0
48.0 165.0
53.0 148.0
58.0 127.0
47.0 166.0
49.0 158.0
54.0 138.0
57.0 135.0
50.0 149.0
48.0 165.0
53.0 148.0
47.0 166.0
58.0 127.0
49.0 158.0
54.0 138.0
57.0 135.0
50.0 149.0
48.0 165.0
53.0 148.0
47.0 166.0
58.0 127.0
49.0 158.0
54.0 138.0
57.0 135.0
50.0 149.0
53.0 148.0
48.0 165.0
47.0 166.0
58.0 127.0
49.0 158.0
54.0 138.0
