76.0 106.0
50.0 181.0
50.0 181.0
76.0 106.0
51.0 163.0
67.0 111.0
75.0 107.0
72.0 108.0
53.0 156.0
52.0 162.0
54.0 150.0
54.0 150.0
53.0 156.0
55.0 144.0
55.0 144.0
56.0 139.0
66.0 115.0
57.0 138.0
58.0 134.0
59.0 130.0
60.0 126.0
58.0 134.0
59.0 130.0
71.0 109.0
69.0 110.0
69.0 110.0
61.0 124.0
62.0 121.0
60.0 126.0
65.0 117.0
63.0 120.0
64.0 118.0
61.0 124.0
66.0 115.0
51.0 163.0
67.0 111.0
72.0 108.0
56.0 139.0
62.0 121.0
64.0 118.0
63.0 120.0
75.0 107.0
57.0 138.0
52.0 162.0
65.0 117.0
71.0 109.0
76.0 106.0
50.0 181.0
54.0 150.0
53.0 156.0
55.0 144.0
59.0 130.0
58.0 134.0
69.0 110.0
60.0 126.0
66.0 115.0
61.0 124.0
51.0 163.0
67.0 111.0
72.0 108.0
56.0 139.0
62.0 121.0
64.0 118.0
52.0 162.0
75.0 107.0
57.0 138.0
71.0 109.0
65.0 117.0
63.0 120.0
50.0 181.0
76.0 106.0
53.0 156.0
54.0 150.0
55.0 144.0
58.0 134.0
59.0 130.0
69.0 110.0
60.0 126.0
66.0 115.0
61.0 124.0
51.0 163.0
67.0 111.0
72.0 108.0
56.0 139.0
62.0 121.0
64.0 118.0
63.0 120.0
75.0 107.0
57.0 138.0
71.0 109.0
52.0 162.0
65.0 117.0
76.0 106.0
50.0 181.0
54.0 150.0
53.0 156.0
55.0 144.0
58.0 134.0
59.0 130.0
69.0 110.0
