351.0 784.0
385.0 648.0
351.0 784.0
385.0 648.0
353.0 752.0
353.0 752.0
354.0 724.0
358.0 712.0
359.0 692.0
365.0 667.0
362.0 681.0
370.0 666.0
363.0 669.0
382.0 653.0
374.0 665.0
370.0 666.0
382.0 653.0
379.0 655.0
376.0 664.0
359.0 692.0
365.0 667.0
360.0 687.0
360.0 687.0
374.0 665.0
361.0 682.0
354.0 724.0
377.0 660.0
356.0 718.0
355.0 720.0
378.0 656.0
377.0 660.0
357.0 714.0
379.0 655.0
355.0 720.0
357.0 714.0
358.0 712.0
363.0 669.0
356.0 718.0
361.0 682.0
378.0 656.0
376.0 664.0
351.0 784.0
385.0 648.0
353.0 752.0
370.0 666.0
382.0 653.0
359.0 692.0
360.0 687.0
374.0 665.0
354.0 724.0
377.0 660.0
379.0 655.0
355.0 720.0
357.0 714.0
356.0 718.0
365.0 667.0
361.0 682.0
378.0 656.0
376.0 664.0
385.0 648.0
351.0 784.0
353.0 752.0
370.0 666.0
382.0 653.0
359.0 692.0
360.0 687.0
374.0 665.0
354.0 724.0
377.0 660.0
379.0 655.0
355.0 720.0
357.0 714.0
356.0 718.0
365.0 667.0
361.0 682.0
378.0 656.0
376.0 664.0
351.0 784.0
385.0 648.0
353.0 752.0
370.0 666.0
361.0 682.0
382.0 653.0
359.0 692.0
360.0 687.0
374.0 665.0
354.0 724.0
377.0 660.0
379.0 655.0
355.0 720.0
357.0 714.0
356.0 718.0
365.0 667.0
378.0 656.0
376.0 664.0
385.0 648.0
351.0 784.0
353.0 752.0
370.0 666.0
361.0 682.0
