160.0 490.0
113.0 648.0
160.0 490.0
113.0 648.0
148.0 504.0
115.0 640.0
156.0 499.0
123.0 583.0
116.0 625.0
145.0 524.0
146.0 513.0
157.0 492.0
152.0 501.0
116.0 625.0
117.0 612.0
123.0 583.0
152.0 501.0
121.0 593.0
146.0 513.0
118.0 607.0
120.0 598.0
126.0 574.0
126.0 574.0
120.0 598.0
121.0 593.0
118.0 607.0
115.0 640.0
139.0 536.0
137.0 537.0
130.0 563.0
132.0 555.0
133.0 548.0
131.0 556.0
148.0 504.0
117.0 612.0
128.0 569.0
134.0 547.0
129.0 564.0
135.0 542.0
143.0 527.0
136.0 541.0
140.0 532.0
143.0 527.0
127.0 572.0
141.0 531.0
142.0 528.0
128.0 569.0
145.0 524.0
157.0 492.0
127.0 572.0
156.0 499.0
137.0 537.0
133.0 548.0
131.0 556.0
135.0 542.0
129.0 564.0
140.0 532.0
142.0 528.0
130.0 563.0
132.0 555.0
136.0 541.0
139.0 536.0
141.0 531.0
134.0 547.0
113.0 648.0
160.0 490.0
116.0 625.0
123.0 583.0
152.0 501.0
146.0 513.0
126.0 574.0
120.0 598.0
118.0 607.0
121.0 593.0
115.0 640.0
148.0 504.0
117.0 612.0
143.0 527.0
145.0 524.0
128.0 569.0
157.0 492.0
127.0 572.0
156.0 499.0
137.0 537.0
131.0 556.0
133.0 548.0
129.0 564.0
135.0 542.0
140.0 532.0
142.0 528.0
136.0 541.0
132.0 555.0
130.0 563.0
141.0 531.0
139.0 536.0
134.0 547.0
160.0 490.0
113.0 648.0
116.0 625.0
123.0 583.0
