195.0 383.0
148.0 514.0
195.0 383.0
148.0 514.0
167.0 446.0
168.0 433.0
153.0 498.0
192.0 387.0
154.0 487.0
178.0 409.0
157.0 470.0
188.0 388.0
180.0 402.0
173.0 421.0
174.0 415.0
181.0 396.0
157.0 470.0
156.0 477.0
171.0 428.0
173.0 421.0
159.0 463.0
180.0 402.0
176.0 413.0
178.0 409.0
151.0 503.0
155.0 483.0
156.0 477.0
183.0 394.0
162.0 454.0
151.0 503.0
162.0 454.0
153.0 498.0
164.0 449.0
159.0 463.0
176.0 413.0
183.0 394.0
168.0 433.0
154.0 487.0
150.0 507.0
160.0 461.0
155.0 483.0
149.0 510.0
170.0 429.0
161.0 457.0
164.0 449.0
170.0 429.0
185.0 391.0
194.0 384.0
192.0 387.0
171.0 428.0
165.0 448.0
161.0 457.0
149.0 510.0
150.0 507.0
185.0 391.0
194.0 384.0
181.0 396.0
174.0 415.0
165.0 448.0
167.0 446.0
160.0 461.0
188.0 388.0
187.0 389.0
186.0 390.0
187.0 389.0
186.0 390.0
195.0 383.0
148.0 514.0
157.0 470.0
180.0 402.0
173.0 421.0
178.0 409.0
156.0 477.0
151.0 503.0
162.0 454.0
153.0 498.0
159.0 463.0
183.0 394.0
176.0 413.0
168.0 433.0
154.0 487.0
155.0 483.0
164.0 449.0
170.0 429.0
171.0 428.0
192.0 387.0
161.0 457.0
149.0 510.0
150.0 507.0
194.0 384.0
185.0 391.0
174.0 415.0
181.0 396.0
165.0 448.0
160.0 461.0
167.0 446.0
188.0 388.0
187.0 389.0
186.0 390.0
148.0 514.0
