98.0 984.0
51.0 1196.0
51.0 1196.0
98.0 984.0
91.0 986.0
54.0 1149.0
55.0 1130.0
55.0 1130.0
53.0 1167.0
57.0 1104.0
59.0 1086.0
56.0 1112.0
54.0 1149.0
52.0 1179.0
68.0 1029.0
62.0 1070.0
85.0 998.0
57.0 1104.0
52.0 1179.0
53.0 1167.0
59.0 1086.0
60.0 1079.0
74.0 1014.0
82.0 999.0
67.0 1039.0
70.0 1028.0
60.0 1079.0
63.0 1061.0
62.0 1070.0
74.0 1014.0
87.0 994.0
89.0 990.0
89.0 990.0
87.0 994.0
56.0 1112.0
65.0 1051.0
66.0 1043.0
72.0 1020.0
91.0 986.0
76.0 1010.0
63.0 1061.0
72.0 1020.0
64.0 1055.0
85.0 998.0
71.0 1023.0
66.0 1043.0
64.0 1055.0
67.0 1039.0
76.0 1010.0
65.0 1051.0
71.0 1023.0
80.0 1003.0
81.0 1000.0
78.0 1006.0
77.0 1008.0
77.0 1008.0
78.0 1006.0
79.0 1004.0
68.0 1029.0
82.0 999.0
81.0 1000.0
79.0 1004.0
70.0 1028.0
80.0 1003.0
51.0 1196.0
98.0 984.0
55.0 1130.0
54.0 1149.0
57.0 1104.0
52.0 1179.0
53.0 1167.0
59.0 1086.0
60.0 1079.0
62.0 1070.0
74.0 1014.0
89.0 990.0
87.0 994.0
56.0 1112.0
91.0 986.0
63.0 1061.0
72.0 1020.0
85.0 998.0
66.0 1043.0
64.0 1055.0
67.0 1039.0
76.0 1010.0
65.0 1051.0
71.0 1023.0
77.0 1008.0
78.0 1006.0
68.0 1029.0
82.0 999.0
81.0 1000.0
79.0 1004.0
70.0 1028.0
80.0 1003.0
51.0 1196.0
98.0 984.0
55.0 1130.0
54.0 1149.0
