422.0 1220.0
511.0 997.0
511.0 997.0
422.0 1220.0
426.0 1200.0
434.0 1162.0
472.0 1039.0
478.0 1029.0
480.0 1024.0
468.0 1045.0
474.0 1034.0
424.0 1205.0
435.0 1152.0
508.0 1001.0
501.0 1007.0
496.0 1009.0
503.0 1004.0
440.0 1137.0
441.0 1126.0
427.0 1189.0
484.0 1023.0
459.0 1070.0
457.0 1071.0
423.0 1215.0
449.0 1100.0
450.0 1090.0
468.0 1045.0
472.0 1039.0
455.0 1078.0
487.0 1020.0
487.0 1020.0
452.0 1082.0
445.0 1116.0
447.0 1108.0
474.0 1034.0
447.0 1108.0
464.0 1055.0
466.0 1050.0
478.0 1029.0
466.0 1050.0
428.0 1188.0
495.0 1011.0
492.0 1014.0
444.0 1120.0
437.0 1146.0
445.0 1116.0
442.0 1122.0
462.0 1056.0
490.0 1017.0
484.0 1023.0
435.0 1152.0
429.0 1184.0
430.0 1178.0
460.0 1066.0
437.0 1146.0
431.0 1172.0
430.0 1178.0
461.0 1060.0
491.0 1016.0
502.0 1005.0
424.0 1205.0
450.0 1090.0
432.0 1168.0
433.0 1163.0
423.0 1215.0
426.0 1200.0
448.0 1103.0
451.0 1085.0
509.0 999.0
441.0 1126.0
452.0 1082.0
461.0 1060.0
431.0 1172.0
456.0 1075.0
429.0 1184.0
460.0 1066.0
438.0 1142.0
455.0 1078.0
432.0 1168.0
480.0 1024.0
464.0 1055.0
503.0 1004.0
492.0 1014.0
451.0 1085.0
448.0 1103.0
439.0 1140.0
456.0 1075.0
495.0 1011.0
490.0 1017.0
508.0 1001.0
440.0 1137.0
449.0 1100.0
496.0 1009.0
442.0 1122.0
509.0 999.0
438.0 1142.0
444.0 1120.0
439.0 1140.0
501.0 1007.0
427.0 1189.0
