13885.0 2672.0
13050.0 3318.0
13050.0 3318.0
13885.0 2672.0
13828.0 2677.0
13528.0 2746.0
13727.0 2695.0
13559.0 2742.0
13761.0 2693.0
13058.0 3254.0
13222.0 2959.0
13568.0 2733.0
13637.0 2715.0
13072.0 3231.0
13051.0 3288.0
13333.0 2872.0
13051.0 3288.0
13090.0 3175.0
13298.0 2891.0
13625.0 2723.0
13132.0 3071.0
13198.0 2985.0
13205.0 2966.0
13606.0 2725.0
13293.0 2901.0
13827.0 2684.0
13173.0 3009.0
13278.0 2907.0
13437.0 2793.0
13367.0 2830.0
13463.0 2772.0
13353.0 2851.0
13083.0 3189.0
13226.0 2943.0
13240.0 2938.0
13066.0 3251.0
13098.0 3155.0
13076.0 3223.0
13594.0 2731.0
13796.0 2685.0
13321.0 2875.0
13253.0 2926.0
13771.0 2687.0
13080.0 3211.0
13107.0 3125.0
13358.0 2841.0
13718.0 2704.0
13413.0 2801.0
13458.0 2791.0
13459.0 2784.0
13517.0 2757.0
13116.0 3108.0
13102.0 3143.0
13344.0 2858.0
13107.0 3125.0
13497.0 2762.0
13314.0 2883.0
13796.0 2685.0
13431.0 2799.0
13122.0 3097.0
13137.0 3056.0
13661.0 2714.0
13679.0 2709.0
13663.0 2713.0
13127.0 3082.0
13175.0 3006.0
13143.0 3045.0
13387.0 2825.0
13116.0 3108.0
13366.0 2837.0
13189.0 2987.0
13403.0 2811.0
13699.0 2706.0
13242.0 2929.0
13699.0 2706.0
13273.0 2915.0
13261.0 2918.0
13183.0 2998.0
13477.0 2770.0
13159.0 3024.0
13483.0 2764.0
13159.0 3024.0
13083.0 3189.0
13102.0 3143.0
13157.0 3030.0
13344.0 2858.0
13679.0 2709.0
13094.0 3163.0
13137.0 3056.0
13127.0 3082.0
13122.0 3097.0
13143.0 3045.0
13080.0 3211.0
13387.0 2825.0
13402.0 2818.0
13412.0 2808.0
13503.0 2759.0
13314.0 2883.0
13399.0 2822.0
13153.0 3035.0
