15308.0 4076.0
16406.0 3168.0
16406.0 3168.0
15308.0 4076.0
16285.0 3170.0
15555.0 3531.0
16246.0 3181.0
15544.0 3560.0
15675.0 3416.0
16188.0 3185.0
15850.0 3287.0
15452.0 3645.0
15495.0 3588.0
15582.0 3501.0
15795.0 3314.0
15379.0 3784.0
16017.0 3236.0
15876.0 3284.0
16095.0 3216.0
15646.0 3430.0
15316.0 4033.0
15444.0 3669.0
15412.0 3706.0
15931.0 3258.0
15331.0 3964.0
15778.0 3331.0
16130.0 3195.0
15337.0 3920.0
15962.0 3254.0
15991.0 3238.0
15344.0 3917.0
15322.0 3999.0
15911.0 3276.0
15578.0 3519.0
15888.0 3277.0
15695.0 3392.0
15602.0 3488.0
15828.0 3312.0
16106.0 3205.0
15424.0 3693.0
15644.0 3447.0
15378.0 3812.0
15309.0 4071.0
15707.0 3370.0
15677.0 3399.0
15619.0 3469.0
15778.0 3331.0
15360.0 3852.0
15444.0 3669.0
16188.0 3185.0
16045.0 3221.0
15424.0 3693.0
16156.0 3193.0
15334.0 3947.0
15311.0 4046.0
15619.0 3469.0
15487.0 3612.0
16156.0 3193.0
15751.0 3348.0
15372.0 3831.0
15346.0 3890.0
15317.0 4010.0
15602.0 3488.0
15962.0 3254.0
15751.0 3348.0
15524.0 3567.0
15991.0 3238.0
15397.0 3751.0
15481.0 3624.0
15393.0 3782.0
15372.0 3831.0
16285.0 3170.0
16072.0 3218.0
15465.0 3634.0
15508.0 3577.0
16258.0 3180.0
15634.0 3454.0
15326.0 3980.0
16123.0 3204.0
15395.0 3772.0
15739.0 3354.0
15719.0 3364.0
15936.0 3257.0
15833.0 3304.0
16072.0 3218.0
15403.0 3736.0
15349.0 3872.0
15833.0 3304.0
15407.0 3719.0
15349.0 3872.0
15361.0 3851.0
15465.0 3634.0
15508.0 3577.0
15347.0 3884.0
15524.0 3567.0
16258.0 3180.0
15719.0 3364.0
15739.0 3354.0
15378.0 3812.0
16031.0 3229.0
