37.0 148.0
41.0 137.0
41.0 137.0
37.0 148.0
41.0 137.0
41.0 137.0
41.0 137.0
41.0 137.0
37.0 148.0
41.0 137.0
41.0 137.0
35.0 151.0
35.0 151.0
35.0 151.0
38.0 145.0
37.0 148.0
44.0 136.0
38.0 145.0
35.0 151.0
37.0 148.0
44.0 136.0
38.0 145.0
35.0 151.0
38.0 145.0
47.0 135.0
47.0 135.0
44.0 136.0
41.0 137.0
47.0 135.0
41.0 137.0
37.0 148.0
47.0 135.0
41.0 137.0
44.0 136.0
38.0 145.0
38.0 145.0
38.0 145.0
37.0 148.0
35.0 151.0
44.0 136.0
38.0 145.0
38.0 145.0
41.0 137.0
37.0 148.0
39.0 144.0
35.0 151.0
47.0 135.0
41.0 137.0
35.0 151.0
47.0 135.0
35.0 151.0
37.0 148.0
39.0 144.0
39.0 144.0
47.0 135.0
39.0 144.0
38.0 145.0
44.0 136.0
35.0 151.0
47.0 135.0
37.0 148.0
38.0 145.0
44.0 136.0
35.0 151.0
35.0 151.0
44.0 136.0
47.0 135.0
39.0 144.0
47.0 135.0
47.0 135.0
47.0 135.0
47.0 135.0
47.0 135.0
39.0 144.0
39.0 144.0
38.0 145.0
39.0 144.0
39.0 144.0
35.0 151.0
44.0 136.0
37.0 148.0
37.0 148.0
35.0 151.0
35.0 151.0
44.0 136.0
39.0 144.0
39.0 144.0
39.0 144.0
44.0 136.0
39.0 144.0
44.0 136.0
37.0 148.0
39.0 144.0
44.0 136.0
38.0 145.0
41.0 137.0
37.0 148.0
38.0 145.0
44.0 136.0
47.0 135.0
