167.0 448.0
180.0 420.0
172.0 432.0
196.0 411.0
195.0 412.0
188.0 415.0
196.0 411.0
166.0 462.0
166.0 462.0
188.0 415.0
166.0 462.0
171.0 436.0
200.0 409.0
172.0 432.0
167.0 448.0
149.0 573.0
164.0 463.0
196.0 411.0
188.0 415.0
171.0 436.0
200.0 409.0
196.0 411.0
179.0 427.0
149.0 573.0
152.0 517.0
178.0 428.0
172.0 432.0
171.0 436.0
166.0 462.0
187.0 417.0
164.0 463.0
187.0 417.0
153.0 513.0
157.0 489.0
155.0 509.0
178.0 428.0
152.0 517.0
176.0 430.0
179.0 427.0
158.0 483.0
177.0 429.0
153.0 513.0
179.0 427.0
200.0 409.0
176.0 430.0
176.0 430.0
164.0 463.0
149.0 573.0
171.0 436.0
159.0 481.0
162.0 469.0
177.0 429.0
158.0 483.0
188.0 415.0
155.0 509.0
157.0 489.0
179.0 427.0
159.0 481.0
177.0 429.0
158.0 483.0
160.0 475.0
149.0 573.0
155.0 509.0
158.0 483.0
178.0 428.0
176.0 430.0
160.0 475.0
162.0 469.0
162.0 469.0
187.0 417.0
160.0 475.0
167.0 448.0
178.0 428.0
157.0 489.0
187.0 417.0
152.0 517.0
168.0 446.0
160.0 475.0
159.0 481.0
168.0 446.0
167.0 448.0
200.0 409.0
162.0 469.0
162.0 469.0
168.0 446.0
169.0 442.0
164.0 463.0
152.0 517.0
177.0 429.0
153.0 513.0
149.0 573.0
169.0 442.0
156.0 501.0
153.0 513.0
169.0 442.0
159.0 481.0
169.0 442.0
155.0 509.0
157.0 489.0
168.0 446.0
