225.0 1129.0
273.0 1011.0
249.0 1037.0
263.0 1020.0
263.0 1020.0
281.0 1000.0
231.0 1124.0
273.0 1011.0
258.0 1029.0
283.0 998.0
248.0 1041.0
281.0 1000.0
258.0 1029.0
208.0 1245.0
240.0 1054.0
256.0 1030.0
210.0 1219.0
231.0 1124.0
276.0 1007.0
285.0 992.0
232.0 1116.0
212.0 1197.0
221.0 1145.0
220.0 1152.0
285.0 992.0
240.0 1054.0
208.0 1245.0
235.0 1072.0
284.0 993.0
212.0 1197.0
233.0 1085.0
245.0 1045.0
221.0 1145.0
276.0 1007.0
217.0 1166.0
256.0 1030.0
282.0 999.0
253.0 1036.0
280.0 1001.0
235.0 1072.0
245.0 1045.0
223.0 1137.0
255.0 1033.0
272.0 1012.0
210.0 1219.0
233.0 1085.0
232.0 1116.0
279.0 1006.0
272.0 1012.0
218.0 1159.0
208.0 1245.0
288.0 988.0
216.0 1167.0
216.0 1167.0
219.0 1153.0
213.0 1189.0
220.0 1152.0
212.0 1197.0
214.0 1182.0
269.0 1016.0
213.0 1189.0
235.0 1072.0
260.0 1022.0
282.0 999.0
283.0 998.0
215.0 1174.0
279.0 1006.0
237.0 1063.0
217.0 1166.0
269.0 1016.0
249.0 1037.0
244.0 1050.0
237.0 1063.0
224.0 1136.0
215.0 1174.0
260.0 1022.0
219.0 1153.0
232.0 1116.0
244.0 1050.0
210.0 1219.0
253.0 1036.0
242.0 1051.0
288.0 988.0
255.0 1033.0
259.0 1025.0
224.0 1136.0
284.0 993.0
280.0 1001.0
223.0 1137.0
218.0 1159.0
211.0 1211.0
242.0 1051.0
259.0 1025.0
225.0 1129.0
214.0 1182.0
264.0 1017.0
264.0 1017.0
233.0 1085.0
237.0 1063.0
211.0 1211.0
