2858.0 175.0
2858.0 175.0
3010.0 159.0
2834.0 182.0
3010.0 159.0
2866.0 173.0
2772.0 198.0
2758.0 201.0
3000.0 161.0
2866.0 173.0
2858.0 175.0
2758.0 201.0
3010.0 159.0
2748.0 203.0
3000.0 161.0
2836.0 181.0
2728.0 212.0
2858.0 175.0
2834.0 182.0
3000.0 161.0
2772.0 198.0
2726.0 213.0
2728.0 212.0
2764.0 199.0
2778.0 193.0
2764.0 199.0
2982.0 163.0
2778.0 193.0
2764.0 199.0
2866.0 173.0
2748.0 203.0
2776.0 195.0
2780.0 191.0
2726.0 213.0
2776.0 195.0
2736.0 211.0
2914.0 165.0
2746.0 205.0
2854.0 177.0
2816.0 183.0
2748.0 203.0
2710.0 218.0
2854.0 177.0
2982.0 163.0
2854.0 177.0
2776.0 195.0
2836.0 181.0
2894.0 169.0
2728.0 212.0
2710.0 218.0
2834.0 182.0
2894.0 169.0
2746.0 205.0
2758.0 201.0
2760.0 200.0
2894.0 169.0
2772.0 198.0
2742.0 206.0
2778.0 193.0
2816.0 183.0
2736.0 211.0
2778.0 193.0
2742.0 206.0
3000.0 161.0
2796.0 187.0
2982.0 163.0
2772.0 198.0
2760.0 200.0
2894.0 169.0
2854.0 177.0
2746.0 205.0
2796.0 187.0
2982.0 163.0
2780.0 191.0
2774.0 196.0
2816.0 183.0
2816.0 183.0
2736.0 211.0
2736.0 211.0
2746.0 205.0
2796.0 187.0
2780.0 191.0
2710.0 218.0
2774.0 196.0
2710.0 218.0
2726.0 213.0
2914.0 165.0
2796.0 187.0
2742.0 206.0
2760.0 200.0
2774.0 196.0
2748.0 203.0
2914.0 165.0
2914.0 165.0
3010.0 159.0
2742.0 206.0
2780.0 191.0
2866.0 173.0
2836.0 181.0
2764.0 199.0
