4594.0 380.0
4563.0 390.0
4594.0 380.0
4594.0 380.0
4592.0 384.0
4777.0 339.0
4851.0 335.0
4777.0 339.0
4606.0 374.0
4851.0 335.0
4594.0 380.0
4641.0 361.0
4853.0 334.0
4643.0 358.0
4853.0 334.0
4645.0 350.0
4665.0 345.0
4643.0 358.0
4563.0 390.0
4645.0 350.0
4641.0 361.0
4563.0 390.0
4601.0 376.0
4641.0 361.0
4601.0 376.0
4641.0 361.0
4593.0 383.0
4592.0 384.0
4643.0 358.0
4643.0 358.0
4606.0 374.0
4593.0 383.0
4620.0 368.0
4606.0 374.0
4593.0 383.0
4593.0 383.0
4665.0 345.0
4620.0 368.0
4614.0 370.0
4685.0 341.0
4645.0 350.0
4645.0 350.0
4584.0 385.0
4572.0 388.0
4777.0 339.0
4584.0 385.0
4621.0 366.0
4777.0 339.0
4563.0 390.0
4853.0 334.0
4601.0 376.0
4685.0 341.0
4621.0 366.0
4851.0 335.0
4621.0 366.0
4606.0 374.0
4614.0 370.0
4572.0 388.0
4685.0 341.0
4592.0 384.0
4623.0 363.0
4612.0 372.0
4592.0 384.0
4606.0 374.0
4563.0 390.0
4641.0 361.0
4853.0 334.0
4584.0 385.0
4614.0 370.0
4594.0 380.0
4620.0 368.0
4601.0 376.0
4665.0 345.0
4572.0 388.0
4623.0 363.0
4777.0 339.0
4572.0 388.0
4851.0 335.0
4614.0 370.0
4612.0 372.0
4623.0 363.0
4599.0 378.0
4685.0 341.0
4584.0 385.0
4623.0 363.0
4572.0 388.0
4620.0 368.0
4685.0 341.0
4643.0 358.0
4665.0 345.0
4599.0 378.0
4621.0 366.0
4599.0 378.0
4584.0 385.0
4599.0 378.0
4645.0 350.0
4612.0 372.0
4623.0 363.0
4612.0 372.0
4665.0 345.0
