5461.0 667.0
5748.0 529.0
5730.0 533.0
5748.0 529.0
5748.0 529.0
5730.0 533.0
5748.0 529.0
5473.0 639.0
5584.0 584.0
5473.0 639.0
5563.0 588.0
5730.0 533.0
5584.0 584.0
5730.0 533.0
5554.0 597.0
5554.0 597.0
5554.0 597.0
5648.0 555.0
5510.0 621.0
5584.0 584.0
5648.0 555.0
5701.0 534.0
5510.0 621.0
5563.0 588.0
5473.0 639.0
5576.0 586.0
5648.0 555.0
5648.0 555.0
5510.0 621.0
5510.0 621.0
5473.0 639.0
5576.0 586.0
5473.0 639.0
5541.0 599.0
5748.0 529.0
5576.0 586.0
5701.0 534.0
5510.0 621.0
5495.0 628.0
5701.0 534.0
5554.0 597.0
5532.0 610.0
5632.0 560.0
5532.0 610.0
5691.0 538.0
5678.0 543.0
5532.0 610.0
5678.0 543.0
5541.0 599.0
5632.0 560.0
5541.0 599.0
5678.0 543.0
5585.0 575.0
5585.0 575.0
5532.0 610.0
5541.0 599.0
5606.0 573.0
5691.0 538.0
5517.0 615.0
5517.0 615.0
5632.0 560.0
5632.0 560.0
5607.0 564.0
5563.0 588.0
5517.0 615.0
5678.0 543.0
5495.0 628.0
5517.0 615.0
5585.0 575.0
5563.0 588.0
5606.0 573.0
5495.0 628.0
5730.0 533.0
5654.0 549.0
5701.0 534.0
5584.0 584.0
5532.0 610.0
5654.0 549.0
5654.0 549.0
5701.0 534.0
5654.0 549.0
5691.0 538.0
5539.0 604.0
5495.0 628.0
5678.0 543.0
5495.0 628.0
5607.0 564.0
5585.0 575.0
5606.0 573.0
5691.0 538.0
5607.0 564.0
5606.0 573.0
5576.0 586.0
5539.0 604.0
5607.0 564.0
5554.0 597.0
5691.0 538.0
5539.0 604.0
5539.0 604.0
5632.0 560.0
