13141.0 3210.0
13259.0 2983.0
13622.0 2749.0
13357.0 2882.0
13649.0 2741.0
13486.0 2792.0
13715.0 2730.0
13498.0 2788.0
13139.0 3212.0
13268.0 2981.0
13190.0 3087.0
13625.0 2746.0
13145.0 3180.0
13220.0 3044.0
13230.0 3040.0
13155.0 3138.0
13292.0 2942.0
13231.0 3025.0
13192.0 3085.0
13218.0 3060.0
13396.0 2844.0
13135.0 3260.0
13466.0 2809.0
13167.0 3135.0
13149.0 3156.0
13234.0 3021.0
13243.0 2995.0
13209.0 3063.0
13133.0 3262.0
13380.0 2853.0
13199.0 3084.0
13271.0 2969.0
13434.0 2810.0
13172.0 3116.0
13381.0 2850.0
13312.0 2925.0
13241.0 3017.0
13324.0 2905.0
13311.0 2928.0
13507.0 2777.0
13307.0 2933.0
13475.0 2798.0
13477.0 2796.0
13183.0 3098.0
13361.0 2871.0
13336.0 2887.0
13147.0 3178.0
13606.0 2750.0
13401.0 2833.0
13257.0 2985.0
13320.0 2922.0
13284.0 2958.0
13606.0 2750.0
13201.0 3074.0
13184.0 3095.0
13646.0 2742.0
13276.0 2961.0
13303.0 2937.0
13202.0 3071.0
13434.0 2810.0
13249.0 2994.0
13335.0 2903.0
13269.0 2978.0
13565.0 2761.0
13291.0 2957.0
13208.0 3066.0
13211.0 3061.0
13322.0 2920.0
13189.0 3090.0
13300.0 2938.0
13518.0 2771.0
13273.0 2966.0
13576.0 2755.0
13174.0 3114.0
13485.0 2794.0
13337.0 2884.0
13308.0 2930.0
13549.0 2766.0
13360.0 2874.0
13242.0 2998.0
13652.0 2734.0
13304.0 2934.0
13153.0 3140.0
13561.0 2762.0
13232.0 3022.0
13219.0 3048.0
13471.0 2800.0
13323.0 2908.0
13394.0 2848.0
13235.0 3018.0
13263.0 2982.0
13186.0 3093.0
13414.0 2827.0
13205.0 3069.0
13151.0 3154.0
13363.0 2867.0
13294.0 2939.0
13362.0 2870.0
13370.0 2861.0
13400.0 2836.0
