530.0 868.0
445.0 1073.0
530.0 868.0
445.0 1073.0
452.0 1036.0
513.0 888.0
518.0 882.0
453.0 1021.0
518.0 882.0
447.0 1062.0
504.0 909.0
523.0 877.0
447.0 1062.0
511.0 896.0
448.0 1052.0
466.0 992.0
478.0 963.0
472.0 976.0
474.0 969.0
470.0 979.0
481.0 961.0
502.0 919.0
513.0 888.0
455.0 1016.0
507.0 903.0
507.0 903.0
476.0 968.0
454.0 1017.0
451.0 1037.0
503.0 916.0
449.0 1048.0
468.0 986.0
450.0 1041.0
528.0 871.0
509.0 900.0
495.0 931.0
485.0 951.0
484.0 952.0
511.0 896.0
496.0 927.0
504.0 909.0
525.0 874.0
470.0 979.0
472.0 976.0
458.0 1005.0
488.0 942.0
509.0 900.0
493.0 934.0
460.0 1001.0
456.0 1011.0
523.0 877.0
461.0 996.0
456.0 1011.0
457.0 1006.0
478.0 963.0
464.0 993.0
468.0 986.0
500.0 920.0
453.0 1021.0
448.0 1052.0
450.0 1041.0
496.0 927.0
449.0 1048.0
498.0 923.0
467.0 988.0
482.0 957.0
474.0 969.0
490.0 941.0
464.0 993.0
498.0 923.0
476.0 968.0
462.0 995.0
491.0 940.0
525.0 874.0
493.0 934.0
483.0 955.0
487.0 945.0
486.0 948.0
492.0 937.0
528.0 871.0
487.0 945.0
503.0 916.0
495.0 931.0
492.0 937.0
486.0 948.0
467.0 988.0
482.0 957.0
462.0 995.0
499.0 922.0
459.0 1003.0
524.0 875.0
529.0 869.0
481.0 961.0
459.0 1003.0
483.0 955.0
460.0 1001.0
524.0 875.0
529.0 869.0
488.0 942.0
457.0 1006.0
