108.0 959.0
51.0 1224.0
108.0 959.0
51.0 1224.0
56.0 1132.0
57.0 1101.0
52.0 1199.0
60.0 1072.0
52.0 1199.0
53.0 1176.0
54.0 1157.0
55.0 1137.0
53.0 1176.0
59.0 1091.0
54.0 1157.0
98.0 967.0
101.0 962.0
98.0 967.0
95.0 970.0
65.0 1054.0
101.0 962.0
104.0 961.0
105.0 960.0
62.0 1065.0
67.0 1052.0
86.0 982.0
63.0 1061.0
95.0 970.0
60.0 1072.0
63.0 1061.0
62.0 1065.0
65.0 1054.0
88.0 981.0
91.0 976.0
89.0 979.0
58.0 1097.0
76.0 1020.0
71.0 1038.0
59.0 1091.0
77.0 1014.0
72.0 1032.0
93.0 973.0
55.0 1137.0
73.0 1029.0
80.0 1005.0
56.0 1132.0
74.0 1024.0
81.0 1000.0
57.0 1101.0
82.0 997.0
83.0 993.0
85.0 986.0
70.0 1042.0
58.0 1097.0
71.0 1038.0
68.0 1048.0
84.0 989.0
83.0 993.0
89.0 979.0
72.0 1032.0
77.0 1014.0
93.0 973.0
74.0 1024.0
81.0 1000.0
84.0 989.0
68.0 1048.0
69.0 1045.0
78.0 1011.0
79.0 1008.0
70.0 1042.0
91.0 976.0
78.0 1011.0
73.0 1029.0
85.0 986.0
79.0 1008.0
82.0 997.0
75.0 1021.0
69.0 1045.0
80.0 1005.0
92.0 974.0
67.0 1052.0
105.0 960.0
86.0 982.0
75.0 1021.0
92.0 974.0
88.0 981.0
104.0 961.0
76.0 1020.0
108.0 959.0
51.0 1224.0
52.0 1199.0
53.0 1176.0
54.0 1157.0
98.0 967.0
101.0 962.0
95.0 970.0
60.0 1072.0
63.0 1061.0
62.0 1065.0
65.0 1054.0
