9948.0 1910.0
10561.0 1497.0
10561.0 1497.0
9948.0 1910.0
9954.0 1874.0
9953.0 1900.0
10315.0 1574.0
10280.0 1584.0
10460.0 1512.0
10027.0 1747.0
10514.0 1502.0
10366.0 1546.0
10221.0 1612.0
10046.0 1735.0
10006.0 1789.0
9984.0 1812.0
10388.0 1541.0
9979.0 1822.0
9976.0 1828.0
10047.0 1725.0
10020.0 1765.0
10403.0 1539.0
10488.0 1508.0
10542.0 1498.0
10182.0 1639.0
10136.0 1665.0
10444.0 1519.0
10262.0 1586.0
10061.0 1724.0
10227.0 1607.0
10247.0 1592.0
10507.0 1507.0
10013.0 1786.0
10020.0 1765.0
10542.0 1498.0
10488.0 1508.0
10157.0 1648.0
10208.0 1617.0
10334.0 1567.0
10116.0 1678.0
10236.0 1604.0
10016.0 1778.0
10153.0 1654.0
9994.0 1810.0
10083.0 1698.0
10140.0 1659.0
10424.0 1528.0
10410.0 1534.0
10109.0 1685.0
10070.0 1713.0
10347.0 1558.0
10456.0 1518.0
10424.0 1528.0
10355.0 1554.0
9998.0 1798.0
10300.0 1577.0
10173.0 1641.0
10077.0 1704.0
10173.0 1641.0
10347.0 1558.0
10096.0 1694.0
10126.0 1674.0
10037.0 1741.0
10324.0 1568.0
10133.0 1673.0
9971.0 1838.0
9967.0 1844.0
10366.0 1546.0
10208.0 1617.0
10062.0 1717.0
10262.0 1586.0
10389.0 1540.0
10436.0 1523.0
10037.0 1741.0
10355.0 1554.0
10098.0 1690.0
10247.0 1592.0
10190.0 1633.0
9961.0 1862.0
9962.0 1854.0
9956.0 1872.0
10290.0 1580.0
10027.0 1747.0
10410.0 1534.0
10077.0 1704.0
10016.0 1778.0
9962.0 1854.0
9961.0 1862.0
9953.0 1900.0
10197.0 1624.0
10436.0 1523.0
10239.0 1600.0
9997.0 1806.0
10334.0 1567.0
10300.0 1577.0
10290.0 1580.0
10109.0 1685.0
10157.0 1648.0
9998.0 1798.0
10239.0 1600.0
