197.0 1277.0
198.0 1219.0
199.0 1210.0
201.0 1202.0
202.0 1200.0
203.0 1194.0
204.0 1192.0
205.0 1185.0
206.0 1178.0
207.0 1160.0
208.0 1157.0
209.0 1154.0
210.0 1150.0
211.0 1144.0
212.0 1137.0
213.0 1123.0
214.0 1118.0
215.0 1113.0
216.0 1104.0
218.0 1097.0
219.0 1094.0
220.0 1092.0
221.0 1087.0
222.0 1086.0
223.0 1080.0
224.0 1077.0
226.0 1070.0
228.0 1068.0
229.0 1065.0
231.0 1059.0
234.0 1058.0
235.0 1056.0
236.0 1054.0
237.0 1051.0
238.0 1044.0
240.0 1039.0
241.0 1037.0
243.0 1035.0
244.0 1030.0
247.0 1029.0
248.0 1027.0
250.0 1023.0
253.0 1022.0
254.0 1017.0
257.0 1014.0
259.0 1012.0
260.0 1011.0
261.0 1006.0
266.0 1002.0
271.0 1001.0
275.0 995.0
277.0 993.0
279.0 991.0
281.0 987.0
283.0 984.0
285.0 979.0
287.0 976.0
293.0 974.0
297.0 973.0
298.0 970.0
309.0 969.0
310.0 966.0
