711.0 1215.0
712.0 1195.0
713.0 1188.0
714.0 1174.0
715.0 1093.0
716.0 1071.0
717.0 1055.0
719.0 1041.0
720.0 1030.0
721.0 1023.0
722.0 1020.0
723.0 1011.0
725.0 1000.0
726.0 993.0
727.0 984.0
728.0 975.0
729.0 968.0
730.0 959.0
731.0 952.0
732.0 949.0
733.0 940.0
734.0 933.0
735.0 930.0
736.0 923.0
737.0 917.0
738.0 914.0
739.0 902.0
740.0 899.0
741.0 886.0
742.0 885.0
743.0 879.0
744.0 873.0
746.0 866.0
747.0 859.0
749.0 852.0
750.0 850.0
751.0 849.0
752.0 837.0
753.0 836.0
754.0 830.0
755.0 829.0
756.0 823.0
758.0 814.0
760.0 807.0
762.0 800.0
764.0 793.0
767.0 791.0
770.0 785.0
773.0 783.0
776.0 780.0
782.0 778.0
785.0 777.0
