7959.0 1273.0
7960.0 1260.0
7961.0 1249.0
7964.0 1242.0
7967.0 1235.0
7971.0 1231.0
7974.0 1222.0
7976.0 1220.0
7977.0 1209.0
7985.0 1201.0
7988.0 1199.0
7991.0 1198.0
7993.0 1188.0
7994.0 1186.0
7997.0 1181.0
8003.0 1178.0
8004.0 1167.0
8007.0 1165.0
8008.0 1163.0
8011.0 1158.0
8013.0 1154.0
8021.0 1153.0
8022.0 1151.0
8023.0 1149.0
8026.0 1147.0
8027.0 1146.0
8029.0 1142.0
8031.0 1138.0
8035.0 1137.0
8038.0 1133.0
8047.0 1130.0
8050.0 1128.0
8051.0 1126.0
8052.0 1125.0
8054.0 1121.0
8057.0 1120.0
8058.0 1117.0
8061.0 1116.0
8062.0 1114.0
8064.0 1113.0
8065.0 1112.0
8074.0 1109.0
8077.0 1108.0
8079.0 1105.0
8081.0 1104.0
8089.0 1098.0
8096.0 1086.0
8108.0 1082.0
8116.0 1080.0
8118.0 1078.0
8121.0 1077.0
8123.0 1076.0
8125.0 1073.0
8135.0 1072.0
8136.0 1071.0
8137.0 1069.0
8139.0 1068.0
8141.0 1065.0
8155.0 1064.0
8157.0 1063.0
8159.0 1060.0
8161.0 1059.0
8167.0 1057.0
8169.0 1055.0
8175.0 1051.0
8179.0 1049.0
8181.0 1046.0
8185.0 1045.0
8189.0 1041.0
8191.0 1040.0
8195.0 1038.0
8197.0 1035.0
8199.0 1033.0
8201.0 1031.0
8207.0 1029.0
8209.0 1027.0
8211.0 1025.0
8218.0 1024.0
8219.0 1021.0
8221.0 1017.0
8229.0 1015.0
8231.0 1011.0
8238.0 1009.0
8242.0 1008.0
8247.0 1004.0
8249.0 1002.0
8258.0 995.0
8268.0 994.0
8269.0 988.0
8285.0 985.0
8290.0 984.0
8296.0 982.0
8299.0 980.0
8311.0 978.0
8314.0 977.0
8319.0 973.0
8321.0 972.0
8327.0 968.0
8336.0 965.0
8337.0 963.0
8341.0 961.0
8349.0 957.0
8356.0 956.0
8359.0 952.0
8366.0 948.0
8376.0 947.0
8378.0 945.0
8388.0 937.0
8411.0 936.0
8415.0 931.0
8421.0 928.0
8441.0 920.0
8482.0 914.0
8552.0 911.0
8563.0 909.0
8573.0 907.0
8584.0 905.0
8619.0 903.0
8630.0 901.0
8640.0 899.0
8651.0 897.0
