12928.0 3443.0
12934.0 3435.0
12935.0 3422.0
12936.0 3377.0
12939.0 3366.0
12942.0 3358.0
12946.0 3353.0
12947.0 3352.0
12949.0 3342.0
12950.0 3341.0
12951.0 3334.0
12954.0 3323.0
12957.0 3320.0
12959.0 3319.0
12960.0 3309.0
12964.0 3299.0
12967.0 3296.0
12969.0 3295.0
12970.0 3285.0
12974.0 3284.0
12975.0 3274.0
12978.0 3272.0
12981.0 3268.0
12982.0 3261.0
12984.0 3256.0
12985.0 3250.0
12988.0 3243.0
12993.0 3240.0
12995.0 3233.0
12997.0 3227.0
13002.0 3224.0
13005.0 3221.0
13006.0 3219.0
13007.0 3215.0
13010.0 3206.0
13015.0 3203.0
13019.0 3190.0
13025.0 3187.0
13029.0 3178.0
13032.0 3176.0
13034.0 3171.0
13038.0 3169.0
13040.0 3168.0
13042.0 3156.0
13044.0 3155.0
13046.0 3152.0
13050.0 3139.0
13054.0 3134.0
13058.0 3121.0
13063.0 3119.0
13068.0 3110.0
13073.0 3108.0
13081.0 3103.0
13087.0 3093.0
13091.0 3092.0
13092.0 3091.0
13097.0 3082.0
13102.0 3080.0
13107.0 3078.0
13115.0 3077.0
13117.0 3076.0
13118.0 3070.0
13119.0 3058.0
13120.0 3048.0
13126.0 3047.0
13134.0 3030.0
13138.0 3022.0
13144.0 3016.0
13147.0 3003.0
13148.0 2993.0
13150.0 2991.0
13154.0 2987.0
13158.0 2983.0
13162.0 2982.0
13168.0 2981.0
13170.0 2980.0
13172.0 2979.0
13174.0 2976.0
13176.0 2968.0
13179.0 2964.0
13183.0 2960.0
13187.0 2959.0
13192.0 2947.0
13204.0 2941.0
13208.0 2937.0
13212.0 2931.0
13224.0 2930.0
13226.0 2923.0
13230.0 2919.0
13234.0 2915.0
13237.0 2913.0
13241.0 2904.0
13248.0 2901.0
13255.0 2890.0
13268.0 2882.0
13275.0 2873.0
13282.0 2872.0
13289.0 2861.0
13297.0 2860.0
13304.0 2855.0
13310.0 2852.0
13313.0 2850.0
13316.0 2848.0
13317.0 2843.0
13324.0 2842.0
13331.0 2831.0
13344.0 2830.0
13345.0 2828.0
13346.0 2825.0
13355.0 2822.0
13357.0 2820.0
13358.0 2818.0
13359.0 2816.0
13369.0 2810.0
13382.0 2809.0
13384.0 2804.0
13386.0 2803.0
13394.0 2801.0
13395.0 2799.0
13396.0 2797.0
13410.0 2793.0
13412.0 2792.0
13415.0 2790.0
13422.0 2786.0
13425.0 2784.0
13438.0 2783.0
13440.0 2778.0
13442.0 2777.0
13450.0 2775.0
13451.0 2773.0
13452.0 2771.0
13466.0 2767.0
13468.0 2766.0
13476.0 2764.0
13478.0 2760.0
13485.0 2759.0
13497.0 2753.0
13508.0 2752.0
13517.0 2751.0
13521.0 2748.0
13522.0 2746.0
13533.0 2745.0
13536.0 2744.0
13537.0 2739.0
13549.0 2733.0
13562.0 2732.0
13573.0 2731.0
13574.0 2726.0
13577.0 2725.0
13581.0 2723.0
13593.0 2717.0
13611.0 2716.0
13617.0 2715.0
13621.0 2709.0
13637.0 2705.0
13643.0 2704.0
13647.0 2702.0
13648.0 2701.0
13659.0 2695.0
13671.0 2690.0
13681.0 2687.0
13693.0 2684.0
13701.0 2681.0
13708.0 2680.0
13715.0 2679.0
13720.0 2677.0
13722.0 2674.0
13728.0 2672.0
13730.0 2669.0
13737.0 2668.0
13749.0 2665.0
13757.0 2660.0
13786.0 2657.0
13793.0 2656.0
13805.0 2653.0
13813.0 2648.0
13849.0 2645.0
13894.0 2643.0
13896.0 2642.0
13930.0 2640.0
13932.0 2639.0
13985.0 2637.0
13990.0 2636.0
14006.0 2633.0
14025.0 2631.0
14026.0 2630.0
14041.0 2628.0
14042.0 2627.0
14052.0 2625.0
14068.0 2622.0
14081.0 2621.0
14082.0 2619.0
14092.0 2618.0
14103.0 2617.0
14104.0 2616.0
14119.0 2614.0
14133.0 2611.0
14143.0 2610.0
14144.0 2608.0
14154.0 2607.0
14190.0 2604.0
14201.0 2601.0
