113.0 482.0
74.0 634.0
74.0 634.0
113.0 482.0
106.0 491.0
81.0 560.0
78.0 593.0
79.0 579.0
75.0 627.0
76.0 614.0
88.0 528.0
110.0 490.0
76.0 614.0
80.0 572.0
77.0 602.0
81.0 560.0
83.0 549.0
86.0 537.0
90.0 523.0
95.0 511.0
97.0 505.0
77.0 602.0
86.0 537.0
78.0 593.0
88.0 528.0
90.0 523.0
95.0 511.0
79.0 579.0
85.0 544.0
75.0 627.0
80.0 572.0
83.0 549.0
105.0 497.0
111.0 489.0
92.0 517.0
112.0 483.0
97.0 505.0
92.0 517.0
93.0 515.0
99.0 503.0
99.0 503.0
101.0 502.0
93.0 515.0
84.0 546.0
84.0 546.0
102.0 501.0
85.0 544.0
103.0 499.0
106.0 491.0
112.0 483.0
103.0 499.0
104.0 498.0
111.0 489.0
101.0 502.0
104.0 498.0
102.0 501.0
110.0 490.0
105.0 497.0
113.0 482.0
74.0 634.0
76.0 614.0
81.0 560.0
77.0 602.0
86.0 537.0
78.0 593.0
88.0 528.0
90.0 523.0
95.0 511.0
79.0 579.0
80.0 572.0
75.0 627.0
83.0 549.0
97.0 505.0
92.0 517.0
99.0 503.0
93.0 515.0
84.0 546.0
85.0 544.0
106.0 491.0
112.0 483.0
103.0 499.0
111.0 489.0
101.0 502.0
105.0 497.0
104.0 498.0
102.0 501.0
110.0 490.0
113.0 482.0
74.0 634.0
76.0 614.0
81.0 560.0
77.0 602.0
86.0 537.0
78.0 593.0
88.0 528.0
90.0 523.0
95.0 511.0
79.0 579.0
80.0 572.0
75.0 627.0
