520.0 881.0
447.0 1123.0
447.0 1123.0
520.0 881.0
449.0 1090.0
450.0 1051.0
448.0 1105.0
451.0 1038.0
505.0 888.0
471.0 948.0
518.0 883.0
448.0 1105.0
449.0 1090.0
513.0 884.0
490.0 909.0
450.0 1051.0
469.0 957.0
451.0 1038.0
453.0 1026.0
509.0 887.0
505.0 888.0
494.0 902.0
501.0 894.0
494.0 902.0
467.0 961.0
456.0 1012.0
454.0 1024.0
459.0 998.0
460.0 989.0
455.0 1015.0
457.0 1003.0
474.0 947.0
512.0 885.0
509.0 887.0
469.0 957.0
490.0 909.0
487.0 919.0
496.0 901.0
498.0 898.0
498.0 898.0
501.0 894.0
466.0 967.0
462.0 982.0
463.0 976.0
453.0 1026.0
485.0 920.0
483.0 927.0
484.0 922.0
471.0 948.0
500.0 895.0
496.0 901.0
518.0 883.0
467.0 961.0
463.0 976.0
477.0 940.0
464.0 972.0
461.0 986.0
489.0 913.0
464.0 972.0
465.0 968.0
462.0 982.0
478.0 936.0
460.0 989.0
455.0 1015.0
488.0 916.0
458.0 1001.0
482.0 930.0
475.0 945.0
483.0 927.0
459.0 998.0
461.0 986.0
489.0 913.0
500.0 895.0
456.0 1012.0
488.0 916.0
476.0 942.0
457.0 1003.0
484.0 922.0
478.0 936.0
476.0 942.0
480.0 933.0
512.0 885.0
477.0 940.0
479.0 934.0
454.0 1024.0
458.0 1001.0
475.0 945.0
481.0 931.0
513.0 884.0
485.0 920.0
465.0 968.0
481.0 931.0
479.0 934.0
480.0 933.0
474.0 947.0
487.0 919.0
482.0 930.0
466.0 967.0
447.0 1123.0
520.0 881.0
