270.0 990.0
199.0 1273.0
270.0 990.0
199.0 1273.0
200.0 1250.0
209.0 1199.0
210.0 1180.0
256.0 1004.0
206.0 1221.0
204.0 1235.0
206.0 1221.0
260.0 1002.0
252.0 1012.0
264.0 993.0
207.0 1209.0
218.0 1114.0
210.0 1180.0
214.0 1147.0
215.0 1137.0
211.0 1170.0
220.0 1107.0
233.0 1060.0
240.0 1040.0
245.0 1028.0
231.0 1066.0
221.0 1101.0
267.0 992.0
212.0 1163.0
216.0 1130.0
213.0 1154.0
217.0 1121.0
263.0 998.0
235.0 1057.0
267.0 992.0
202.0 1245.0
203.0 1237.0
240.0 1040.0
245.0 1028.0
247.0 1024.0
223.0 1099.0
250.0 1019.0
247.0 1024.0
218.0 1114.0
215.0 1137.0
211.0 1170.0
217.0 1121.0
213.0 1154.0
212.0 1163.0
214.0 1147.0
220.0 1107.0
216.0 1130.0
233.0 1060.0
231.0 1066.0
255.0 1010.0
230.0 1072.0
243.0 1034.0
238.0 1046.0
228.0 1079.0
224.0 1095.0
229.0 1073.0
225.0 1089.0
242.0 1036.0
238.0 1046.0
204.0 1235.0
261.0 1000.0
243.0 1034.0
207.0 1209.0
208.0 1204.0
227.0 1084.0
209.0 1199.0
208.0 1204.0
228.0 1079.0
236.0 1052.0
254.0 1011.0
249.0 1020.0
236.0 1052.0
251.0 1016.0
224.0 1095.0
242.0 1036.0
249.0 1020.0
237.0 1048.0
225.0 1089.0
201.0 1248.0
235.0 1057.0
202.0 1245.0
251.0 1016.0
226.0 1086.0
200.0 1250.0
256.0 1004.0
221.0 1101.0
203.0 1237.0
261.0 1000.0
237.0 1048.0
226.0 1086.0
223.0 1099.0
201.0 1248.0
227.0 1084.0
260.0 1002.0
263.0 998.0
264.0 993.0
