477.0 1032.0
414.0 1268.0
414.0 1268.0
477.0 1032.0
418.0 1216.0
417.0 1240.0
422.0 1177.0
420.0 1212.0
421.0 1196.0
421.0 1196.0
424.0 1165.0
422.0 1177.0
416.0 1252.0
417.0 1240.0
415.0 1257.0
469.0 1044.0
441.0 1106.0
451.0 1077.0
432.0 1137.0
433.0 1127.0
443.0 1101.0
426.0 1161.0
424.0 1165.0
434.0 1126.0
468.0 1051.0
450.0 1084.0
440.0 1113.0
474.0 1037.0
460.0 1063.0
453.0 1075.0
471.0 1042.0
439.0 1115.0
472.0 1039.0
461.0 1060.0
475.0 1034.0
427.0 1155.0
428.0 1149.0
428.0 1149.0
444.0 1095.0
429.0 1143.0
427.0 1155.0
463.0 1058.0
457.0 1067.0
455.0 1070.0
463.0 1058.0
458.0 1065.0
415.0 1257.0
441.0 1106.0
437.0 1121.0
438.0 1116.0
416.0 1252.0
443.0 1101.0
465.0 1056.0
418.0 1216.0
446.0 1093.0
420.0 1212.0
426.0 1161.0
447.0 1089.0
455.0 1070.0
448.0 1088.0
466.0 1055.0
435.0 1123.0
457.0 1067.0
454.0 1072.0
467.0 1052.0
449.0 1085.0
469.0 1044.0
451.0 1077.0
461.0 1060.0
472.0 1039.0
475.0 1034.0
429.0 1143.0
458.0 1065.0
454.0 1072.0
430.0 1141.0
431.0 1139.0
460.0 1063.0
474.0 1037.0
453.0 1075.0
430.0 1141.0
431.0 1139.0
471.0 1042.0
465.0 1056.0
440.0 1113.0
432.0 1137.0
433.0 1127.0
444.0 1095.0
438.0 1116.0
447.0 1089.0
449.0 1085.0
435.0 1123.0
467.0 1052.0
436.0 1122.0
445.0 1094.0
466.0 1055.0
436.0 1122.0
468.0 1051.0
450.0 1084.0
437.0 1121.0
446.0 1093.0
