6442.0 532.0
5710.0 776.0
6442.0 532.0
5710.0 776.0
6338.0 549.0
6260.0 550.0
5718.0 758.0
5738.0 717.0
5730.0 732.0
5886.0 637.0
5870.0 649.0
5730.0 732.0
6058.0 590.0
6238.0 553.0
5910.0 635.0
5822.0 678.0
6048.0 595.0
5718.0 758.0
5726.0 743.0
6134.0 577.0
5870.0 649.0
5850.0 657.0
5774.0 698.0
6194.0 565.0
5808.0 687.0
6084.0 585.0
5722.0 748.0
5746.0 715.0
5952.0 621.0
6400.0 539.0
6220.0 559.0
6084.0 585.0
5788.0 697.0
5834.0 669.0
6432.0 533.0
5850.0 657.0
6422.0 535.0
6016.0 604.0
5812.0 681.0
6400.0 539.0
5968.0 612.0
6238.0 553.0
5846.0 662.0
5882.0 642.0
6146.0 572.0
5934.0 623.0
6220.0 559.0
6030.0 600.0
6368.0 543.0
6380.0 541.0
5920.0 626.0
6348.0 547.0
5762.0 705.0
5846.0 662.0
5882.0 642.0
6260.0 550.0
6106.0 580.0
6000.0 607.0
5802.0 689.0
6112.0 579.0
6172.0 566.0
5984.0 609.0
6212.0 563.0
6070.0 589.0
6200.0 564.0
5834.0 669.0
6368.0 543.0
6016.0 604.0
5826.0 673.0
5750.0 710.0
6348.0 547.0
5984.0 609.0
5962.0 616.0
6422.0 535.0
6038.0 596.0
6000.0 607.0
5762.0 705.0
6106.0 580.0
5962.0 616.0
5914.0 630.0
5934.0 623.0
6030.0 600.0
5798.0 692.0
5722.0 748.0
5726.0 743.0
5798.0 692.0
6140.0 576.0
6380.0 541.0
6152.0 571.0
6166.0 567.0
6166.0 567.0
6152.0 571.0
6070.0 589.0
5758.0 708.0
5826.0 673.0
5914.0 630.0
5952.0 621.0
5774.0 698.0
5968.0 612.0
5920.0 626.0
