16507.0 1254.0
17310.0 1033.0
16507.0 1254.0
17310.0 1033.0
17228.0 1035.0
17206.0 1037.0
17131.0 1044.0
17148.0 1039.0
17077.0 1045.0
16681.0 1146.0
16660.0 1147.0
16582.0 1193.0
16576.0 1204.0
16518.0 1239.0
16741.0 1117.0
16684.0 1138.0
16948.0 1074.0
16963.0 1067.0
16512.0 1250.0
16740.0 1123.0
16983.0 1065.0
16999.0 1059.0
16777.0 1107.0
17071.0 1048.0
17041.0 1053.0
16563.0 1216.0
16596.0 1191.0
16620.0 1167.0
16720.0 1125.0
16564.0 1209.0
16548.0 1222.0
16529.0 1237.0
16530.0 1230.0
16619.0 1174.0
16597.0 1184.0
16657.0 1155.0
16541.0 1228.0
16797.0 1105.0
16704.0 1133.0
16769.0 1113.0
16913.0 1078.0
17211.0 1036.0
16548.0 1222.0
16912.0 1082.0
16635.0 1164.0
16652.0 1161.0
16761.0 1115.0
16928.0 1076.0
17035.0 1056.0
16705.0 1130.0
16852.0 1093.0
16657.0 1155.0
17228.0 1035.0
17041.0 1053.0
17071.0 1048.0
16576.0 1204.0
17019.0 1057.0
16999.0 1059.0
17019.0 1057.0
16983.0 1065.0
16563.0 1216.0
16963.0 1067.0
16720.0 1125.0
16928.0 1076.0
16948.0 1074.0
16802.0 1102.0
16684.0 1138.0
16609.0 1179.0
16858.0 1090.0
16512.0 1250.0
16822.0 1098.0
16813.0 1099.0
16868.0 1087.0
16564.0 1209.0
16705.0 1130.0
16619.0 1174.0
16704.0 1133.0
17139.0 1042.0
16646.0 1163.0
16898.0 1083.0
16838.0 1094.0
16609.0 1179.0
16892.0 1084.0
16858.0 1090.0
16832.0 1095.0
17148.0 1039.0
16629.0 1166.0
16606.0 1181.0
17139.0 1042.0
16802.0 1102.0
16777.0 1107.0
16761.0 1115.0
16769.0 1113.0
16813.0 1099.0
16888.0 1085.0
16877.0 1086.0
16541.0 1228.0
16606.0 1181.0
16868.0 1087.0
16832.0 1095.0
