10698.0 1450.0
10009.0 1903.0
10009.0 1903.0
10698.0 1450.0
10126.0 1716.0
10041.0 1841.0
10170.0 1675.0
10200.0 1647.0
10601.0 1460.0
10090.0 1759.0
10280.0 1572.0
10574.0 1468.0
10161.0 1690.0
10540.0 1470.0
10034.0 1872.0
10514.0 1472.0
10254.0 1591.0
10503.0 1478.0
10274.0 1582.0
10213.0 1640.0
10149.0 1695.0
10269.0 1587.0
10214.0 1634.0
10112.0 1728.0
10165.0 1681.0
10460.0 1493.0
10293.0 1560.0
10478.0 1486.0
10627.0 1458.0
10648.0 1455.0
10233.0 1611.0
10185.0 1667.0
10345.0 1537.0
10540.0 1470.0
10674.0 1452.0
10037.0 1858.0
10073.0 1785.0
10071.0 1797.0
10220.0 1623.0
10075.0 1774.0
10595.0 1463.0
10580.0 1465.0
10674.0 1452.0
10106.0 1740.0
10198.0 1657.0
10087.0 1769.0
10020.0 1888.0
10027.0 1875.0
10363.0 1526.0
10648.0 1455.0
10037.0 1858.0
10096.0 1749.0
10185.0 1667.0
10112.0 1728.0
10253.0 1599.0
10292.0 1568.0
10241.0 1603.0
10627.0 1458.0
10321.0 1549.0
10503.0 1478.0
10133.0 1708.0
10446.0 1495.0
10386.0 1519.0
10305.0 1556.0
10059.0 1837.0
10423.0 1507.0
10399.0 1515.0
10410.0 1509.0
10321.0 1549.0
10305.0 1556.0
10069.0 1808.0
10064.0 1816.0
10369.0 1523.0
10232.0 1617.0
10435.0 1501.0
10020.0 1888.0
10353.0 1530.0
10072.0 1791.0
10478.0 1486.0
10144.0 1701.0
10435.0 1501.0
10058.0 1839.0
10062.0 1827.0
10096.0 1749.0
10106.0 1740.0
10386.0 1519.0
10013.0 1897.0
10133.0 1708.0
10334.0 1545.0
10062.0 1827.0
10198.0 1657.0
10399.0 1515.0
10013.0 1897.0
10470.0 1490.0
10144.0 1701.0
10342.0 1542.0
10220.0 1623.0
10423.0 1507.0
10064.0 1816.0
10069.0 1808.0
