193.0 1294.0
194.0 1293.0
195.0 1282.0
196.0 1239.0
197.0 1223.0
198.0 1215.0
199.0 1206.0
200.0 1202.0
201.0 1193.0
202.0 1189.0
203.0 1180.0
204.0 1176.0
205.0 1167.0
206.0 1154.0
208.0 1149.0
209.0 1147.0
210.0 1134.0
211.0 1125.0
212.0 1122.0
213.0 1113.0
214.0 1110.0
215.0 1108.0
216.0 1099.0
217.0 1096.0
218.0 1095.0
219.0 1088.0
221.0 1083.0
222.0 1076.0
227.0 1073.0
229.0 1066.0
230.0 1060.0
235.0 1054.0
238.0 1048.0
239.0 1044.0
241.0 1043.0
242.0 1042.0
243.0 1037.0
244.0 1034.0
245.0 1029.0
248.0 1028.0
249.0 1027.0
250.0 1025.0
251.0 1016.0
252.0 1015.0
253.0 1014.0
254.0 1013.0
257.0 1012.0
258.0 1011.0
262.0 1010.0
263.0 1009.0
266.0 1006.0
267.0 1003.0
268.0 1001.0
271.0 997.0
272.0 995.0
275.0 993.0
279.0 991.0
283.0 990.0
285.0 989.0
287.0 985.0
291.0 984.0
293.0 983.0
294.0 980.0
310.0 978.0
313.0 976.0
314.0 974.0
