444.0 1140.0
445.0 1096.0
446.0 1079.0
447.0 1060.0
448.0 1055.0
449.0 1046.0
450.0 1045.0
451.0 1038.0
452.0 1037.0
453.0 1025.0
454.0 1024.0
455.0 1012.0
456.0 1004.0
457.0 998.0
458.0 990.0
460.0 987.0
461.0 985.0
462.0 977.0
463.0 969.0
464.0 961.0
466.0 957.0
468.0 953.0
469.0 950.0
471.0 946.0
473.0 942.0
475.0 939.0
476.0 938.0
478.0 935.0
479.0 931.0
480.0 929.0
481.0 924.0
483.0 923.0
484.0 919.0
485.0 918.0
486.0 914.0
488.0 913.0
489.0 909.0
490.0 908.0
492.0 906.0
494.0 905.0
495.0 897.0
496.0 894.0
498.0 891.0
501.0 888.0
504.0 886.0
505.0 879.0
508.0 878.0
509.0 867.0
514.0 866.0
515.0 864.0
517.0 859.0
521.0 854.0
525.0 853.0
526.0 851.0
529.0 850.0
530.0 848.0
537.0 845.0
