12924.0 3489.0
12925.0 3474.0
12926.0 3459.0
12927.0 3444.0
12930.0 3440.0
12936.0 3359.0
12937.0 3347.0
12939.0 3328.0
12940.0 3316.0
12945.0 3298.0
12946.0 3296.0
12947.0 3294.0
12948.0 3282.0
12951.0 3278.0
12953.0 3264.0
12959.0 3251.0
12961.0 3245.0
12964.0 3244.0
12965.0 3238.0
12966.0 3230.0
12971.0 3225.0
12972.0 3217.0
12974.0 3216.0
12977.0 3212.0
12978.0 3204.0
12980.0 3203.0
12983.0 3199.0
12984.0 3191.0
12990.0 3189.0
12991.0 3183.0
12993.0 3181.0
12998.0 3176.0
13001.0 3175.0
13003.0 3171.0
13004.0 3163.0
13010.0 3161.0
13011.0 3155.0
13013.0 3153.0
13016.0 3151.0
13017.0 3150.0
13020.0 3148.0
13021.0 3147.0
13023.0 3140.0
13027.0 3138.0
13030.0 3133.0
13034.0 3132.0
13035.0 3131.0
13036.0 3123.0
13037.0 3122.0
13041.0 3120.0
13043.0 3112.0
13047.0 3110.0
13052.0 3106.0
13054.0 3104.0
13055.0 3103.0
13058.0 3099.0
13061.0 3096.0
13063.0 3095.0
13064.0 3089.0
13067.0 3086.0
13072.0 3085.0
13074.0 3084.0
13077.0 3081.0
13079.0 3079.0
13080.0 3074.0
13083.0 3071.0
13089.0 3064.0
13092.0 3061.0
13101.0 3059.0
13106.0 3057.0
13107.0 3056.0
13109.0 3055.0
13112.0 3050.0
13114.0 3049.0
13117.0 3047.0
13119.0 3046.0
13123.0 3040.0
13125.0 3036.0
13130.0 3034.0
13135.0 3031.0
13139.0 3024.0
13141.0 3021.0
13147.0 3019.0
13150.0 3011.0
13156.0 3009.0
13165.0 3006.0
13167.0 3004.0
13169.0 3002.0
13171.0 3001.0
13172.0 2994.0
13175.0 2993.0
13177.0 2988.0
13184.0 2982.0
13192.0 2976.0
13193.0 2975.0
13199.0 2970.0
13200.0 2969.0
13202.0 2968.0
13205.0 2963.0
13208.0 2960.0
13211.0 2959.0
13215.0 2957.0
13216.0 2955.0
13218.0 2948.0
13221.0 2947.0
13222.0 2946.0
13225.0 2945.0
13226.0 2934.0
13229.0 2933.0
13237.0 2931.0
13240.0 2928.0
13241.0 2922.0
13244.0 2921.0
13251.0 2920.0
13255.0 2916.0
13258.0 2910.0
13267.0 2900.0
13271.0 2892.0
13275.0 2886.0
13283.0 2877.0
13295.0 2876.0
13299.0 2875.0
13301.0 2872.0
13303.0 2867.0
13318.0 2865.0
13321.0 2863.0
13322.0 2860.0
13329.0 2859.0
13334.0 2858.0
13335.0 2857.0
13338.0 2852.0
13342.0 2850.0
13350.0 2846.0
13354.0 2844.0
13358.0 2842.0
13362.0 2840.0
13377.0 2839.0
13380.0 2838.0
13382.0 2835.0
13385.0 2827.0
13396.0 2819.0
13410.0 2814.0
13419.0 2811.0
13421.0 2806.0
13435.0 2801.0
13436.0 2798.0
13440.0 2793.0
13451.0 2785.0
13465.0 2780.0
13467.0 2779.0
13474.0 2776.0
13476.0 2772.0
13478.0 2771.0
13491.0 2769.0
13492.0 2766.0
13501.0 2762.0
13503.0 2758.0
13518.0 2755.0
13521.0 2753.0
13524.0 2749.0
13528.0 2748.0
13531.0 2746.0
13539.0 2745.0
13542.0 2744.0
13545.0 2741.0
13548.0 2739.0
13551.0 2735.0
13564.0 2734.0
13566.0 2731.0
13569.0 2730.0
13581.0 2728.0
13584.0 2726.0
13586.0 2723.0
13591.0 2720.0
13601.0 2719.0
13606.0 2716.0
13608.0 2714.0
13611.0 2713.0
13615.0 2711.0
13621.0 2708.0
13629.0 2706.0
13632.0 2704.0
13635.0 2700.0
13638.0 2699.0
13648.0 2694.0
13662.0 2693.0
13663.0 2690.0
13675.0 2680.0
13690.0 2676.0
13702.0 2675.0
13705.0 2672.0
13721.0 2669.0
13725.0 2667.0
13728.0 2664.0
13744.0 2661.0
13761.0 2656.0
13780.0 2655.0
13793.0 2650.0
13801.0 2648.0
13802.0 2646.0
13821.0 2644.0
13823.0 2643.0
13827.0 2640.0
13847.0 2636.0
13855.0 2634.0
13870.0 2632.0
13872.0 2630.0
13876.0 2627.0
13884.0 2622.0
13890.0 2621.0
13891.0 2619.0
13903.0 2614.0
13910.0 2611.0
13937.0 2607.0
13944.0 2604.0
13956.0 2603.0
13959.0 2601.0
13963.0 2600.0
13975.0 2599.0
13978.0 2597.0
13994.0 2595.0
14012.0 2593.0
14051.0 2592.0
14061.0 2591.0
14069.0 2589.0
14080.0 2587.0
14092.0 2586.0
14093.0 2585.0
14103.0 2584.0
14111.0 2582.0
14122.0 2580.0
