19339.0 6060.0
19340.0 6040.0
19342.0 5984.0
19352.0 5978.0
19356.0 5961.0
19357.0 5959.0
19362.0 5942.0
19369.0 5938.0
19371.0 5936.0
19374.0 5933.0
19375.0 5924.0
19376.0 5923.0
19377.0 5917.0
19378.0 5908.0
19382.0 5901.0
19384.0 5896.0
19387.0 5891.0
19388.0 5884.0
19389.0 5874.0
19392.0 5869.0
19393.0 5860.0
19396.0 5855.0
19400.0 5854.0
19404.0 5852.0
19405.0 5851.0
19407.0 5850.0
19408.0 5838.0
19410.0 5829.0
19414.0 5815.0
19418.0 5814.0
19422.0 5812.0
19425.0 5810.0
19426.0 5808.0
19428.0 5800.0
19432.0 5789.0
19435.0 5786.0
19437.0 5780.0
19441.0 5779.0
19442.0 5770.0
19446.0 5769.0
19448.0 5763.0
19452.0 5760.0
19453.0 5756.0
19456.0 5751.0
19457.0 5748.0
19459.0 5738.0
19462.0 5730.0
19465.0 5724.0
19468.0 5716.0
19472.0 5715.0
19473.0 5710.0
19475.0 5709.0
19476.0 5705.0
19477.0 5695.0
19480.0 5687.0
19486.0 5686.0
19487.0 5676.0
19490.0 5668.0
19497.0 5661.0
19500.0 5653.0
19501.0 5649.0
19504.0 5641.0
19511.0 5634.0
19513.0 5633.0
19514.0 5626.0
19519.0 5617.0
19522.0 5609.0
19525.0 5603.0
19528.0 5595.0
19532.0 5593.0
19535.0 5585.0
19538.0 5579.0
19541.0 5571.0
19549.0 5565.0
19554.0 5563.0
19555.0 5560.0
19557.0 5551.0
19566.0 5550.0
19567.0 5547.0
19569.0 5537.0
19572.0 5529.0
19580.0 5523.0
19585.0 5521.0
19586.0 5518.0
19590.0 5513.0
19591.0 5511.0
19593.0 5505.0
19594.0 5503.0
19595.0 5502.0
19601.0 5500.0
19602.0 5487.0
19606.0 5470.0
19614.0 5465.0
19615.0 5452.0
19623.0 5447.0
19628.0 5440.0
19629.0 5434.0
19635.0 5432.0
19637.0 5429.0
19642.0 5422.0
19644.0 5414.0
19652.0 5412.0
19653.0 5408.0
19656.0 5396.0
19661.0 5390.0
19665.0 5387.0
19668.0 5378.0
19670.0 5372.0
19677.0 5360.0
19686.0 5358.0
19688.0 5357.0
19690.0 5355.0
19694.0 5351.0
19695.0 5346.0
19697.0 5343.0
19701.0 5342.0
19706.0 5341.0
19708.0 5340.0
19712.0 5337.0
19714.0 5334.0
19715.0 5329.0
19719.0 5327.0
19721.0 5325.0
19730.0 5321.0
19732.0 5318.0
19737.0 5313.0
19741.0 5310.0
19743.0 5309.0
19744.0 5308.0
19746.0 5307.0
19747.0 5302.0
19751.0 5298.0
19755.0 5296.0
19756.0 5288.0
19762.0 5286.0
19763.0 5284.0
19766.0 5282.0
19767.0 5280.0
19769.0 5279.0
19771.0 5277.0
19773.0 5273.0
19775.0 5268.0
19779.0 5266.0
19782.0 5264.0
19785.0 5258.0
19789.0 5248.0
19795.0 5247.0
19799.0 5242.0
19805.0 5237.0
19812.0 5236.0
19813.0 5231.0
19817.0 5228.0
19821.0 5223.0
19827.0 5218.0
19832.0 5217.0
19837.0 5212.0
19845.0 5211.0
19846.0 5206.0
19850.0 5203.0
19857.0 5198.0
19860.0 5193.0
19865.0 5192.0
19866.0 5187.0
19869.0 5182.0
19883.0 5180.0
19884.0 5178.0
19887.0 5175.0
19890.0 5172.0
19892.0 5171.0
19893.0 5166.0
19896.0 5161.0
19909.0 5157.0
19915.0 5155.0
19917.0 5151.0
19920.0 5146.0
19923.0 5144.0
19931.0 5133.0
19946.0 5131.0
19947.0 5129.0
19949.0 5121.0
19955.0 5118.0
19964.0 5110.0
19969.0 5109.0
19973.0 5106.0
19984.0 5098.0
19988.0 5095.0
19993.0 5094.0
19999.0 5087.0
20004.0 5086.0
20008.0 5083.0
20017.0 5082.0
20019.0 5081.0
20023.0 5072.0
20028.0 5071.0
20032.0 5070.0
20035.0 5068.0
20039.0 5067.0
20042.0 5063.0
20046.0 5062.0
20047.0 5061.0
20048.0 5060.0
20052.0 5059.0
20054.0 5058.0
20055.0 5056.0
20056.0 5055.0
20058.0 5053.0
20062.0 5052.0
20066.0 5048.0
20067.0 5047.0
20070.0 5045.0
20074.0 5044.0
20077.0 5040.0
20081.0 5039.0
20082.0 5038.0
20086.0 5037.0
20090.0 5033.0
20091.0 5032.0
20094.0 5030.0
20098.0 5029.0
20101.0 5025.0
20105.0 5024.0
20111.0 5021.0
20114.0 5020.0
20115.0 5019.0
20118.0 5017.0
20122.0 5014.0
20123.0 5013.0
20125.0 5012.0
20129.0 5009.0
20130.0 5008.0
20136.0 5006.0
20139.0 5003.0
20145.0 5002.0
20146.0 4999.0
20151.0 4996.0
20155.0 4995.0
20156.0 4994.0
20157.0 4991.0
20158.0 4990.0
20163.0 4988.0
20169.0 4985.0
20170.0 4983.0
20176.0 4980.0
20179.0 4978.0
20181.0 4976.0
20186.0 4973.0
20188.0 4972.0
20191.0 4970.0
20194.0 4968.0
20195.0 4967.0
20198.0 4965.0
20204.0 4962.0
20205.0 4960.0
20214.0 4955.0
20221.0 4954.0
20222.0 4950.0
20223.0 4949.0
20226.0 4947.0
20233.0 4942.0
20247.0 4938.0
20248.0 4937.0
20251.0 4935.0
20256.0 4931.0
20258.0 4930.0
20267.0 4928.0
20268.0 4925.0
20269.0 4924.0
20281.0 4919.0
20290.0 4917.0
20296.0 4915.0
20298.0 4912.0
20308.0 4909.0
20311.0 4908.0
20312.0 4906.0
20317.0 4903.0
20328.0 4901.0
20337.0 4900.0
20338.0 4898.0
20341.0 4897.0
20342.0 4895.0
20346.0 4894.0
20347.0 4892.0
20367.0 4889.0
20371.0 4886.0
20376.0 4883.0
20397.0 4881.0
20414.0 4878.0
20435.0 4876.0
20449.0 4873.0
20454.0 4870.0
20475.0 4868.0
20485.0 4866.0
20490.0 4863.0
20522.0 4861.0
20525.0 4858.0
20530.0 4855.0
20556.0 4854.0
20562.0 4851.0
20574.0 4850.0
20579.0 4846.0
20585.0 4845.0
20593.0 4841.0
20602.0 4836.0
20611.0 4835.0
20625.0 4834.0
20634.0 4829.0
20639.0 4828.0
20646.0 4826.0
20650.0 4825.0
20655.0 4823.0
20664.0 4822.0
20673.0 4821.0
20674.0 4820.0
20675.0 4818.0
20680.0 4817.0
20687.0 4815.0
20695.0 4814.0
20708.0 4813.0
20717.0 4812.0
20724.0 4810.0
20730.0 4806.0
20739.0 4804.0
20740.0 4800.0
20753.0 4798.0
20759.0 4796.0
20763.0 4792.0
20770.0 4790.0
20771.0 4786.0
20785.0 4785.0
20787.0 4784.0
20790.0 4783.0
20795.0 4782.0
20799.0 4780.0
20802.0 4779.0
20808.0 4775.0
20815.0 4774.0
20819.0 4772.0
20820.0 4771.0
20829.0 4768.0
20834.0 4767.0
20835.0 4766.0
20840.0 4763.0
20847.0 4762.0
20857.0 4760.0
20861.0 4756.0
20867.0 4754.0
20877.0 4752.0
20881.0 4750.0
20886.0 4749.0
20889.0 4747.0
20893.0 4745.0
20898.0 4744.0
20904.0 4742.0
20908.0 4740.0
20913.0 4739.0
20925.0 4738.0
20929.0 4737.0
20930.0 4736.0
20931.0 4735.0
20933.0 4733.0
20945.0 4728.0
20956.0 4724.0
20960.0 4723.0
20968.0 4719.0
20982.0 4718.0
20983.0 4714.0
20997.0 4713.0
21004.0 4712.0
21005.0 4710.0
21019.0 4709.0
21021.0 4707.0
21030.0 4706.0
21042.0 4705.0
21043.0 4703.0
21053.0 4702.0
21064.0 4701.0
21068.0 4699.0
21089.0 4697.0
21091.0 4695.0
21112.0 4693.0
21132.0 4691.0
21153.0 4689.0
21186.0 4687.0
21195.0 4685.0
21198.0 4684.0
21207.0 4681.0
21219.0 4678.0
21231.0 4675.0
21243.0 4672.0
21261.0 4671.0
21273.0 4668.0
21285.0 4665.0
21297.0 4662.0
21359.0 4661.0
21392.0 4658.0
