102.0 1121.0
103.0 1118.0
104.0 1100.0
105.0 1096.0
106.0 1073.0
107.0 1068.0
109.0 1053.0
110.0 1037.0
111.0 1036.0
112.0 1023.0
113.0 1017.0
114.0 1010.0
115.0 1009.0
116.0 996.0
117.0 981.0
119.0 969.0
121.0 962.0
122.0 958.0
123.0 947.0
125.0 940.0
126.0 936.0
127.0 935.0
128.0 930.0
129.0 927.0
131.0 921.0
133.0 918.0
135.0 917.0
137.0 914.0
139.0 909.0
141.0 903.0
143.0 900.0
145.0 892.0
147.0 886.0
149.0 880.0
151.0 874.0
152.0 873.0
153.0 870.0
154.0 869.0
156.0 861.0
158.0 858.0
163.0 856.0
