194.0 1301.0
195.0 1289.0
196.0 1281.0
197.0 1274.0
198.0 1249.0
200.0 1235.0
202.0 1230.0
203.0 1224.0
204.0 1213.0
205.0 1205.0
207.0 1196.0
208.0 1188.0
209.0 1186.0
210.0 1181.0
212.0 1174.0
213.0 1164.0
214.0 1159.0
215.0 1157.0
216.0 1155.0
217.0 1150.0
218.0 1141.0
220.0 1132.0
221.0 1119.0
222.0 1115.0
224.0 1104.0
225.0 1098.0
228.0 1091.0
229.0 1085.0
231.0 1081.0
232.0 1078.0
233.0 1073.0
235.0 1069.0
236.0 1065.0
238.0 1061.0
242.0 1056.0
244.0 1050.0
245.0 1046.0
246.0 1044.0
247.0 1038.0
249.0 1030.0
250.0 1028.0
251.0 1022.0
256.0 1014.0
258.0 1009.0
260.0 1008.0
261.0 1005.0
262.0 1003.0
264.0 1000.0
266.0 998.0
271.0 994.0
277.0 990.0
279.0 988.0
281.0 986.0
284.0 984.0
286.0 982.0
300.0 981.0
303.0 980.0
305.0 978.0
308.0 977.0
