7942.0 1324.0
7949.0 1294.0
7951.0 1275.0
7954.0 1256.0
7959.0 1250.0
7963.0 1238.0
7968.0 1234.0
7969.0 1227.0
7975.0 1221.0
7976.0 1217.0
7977.0 1206.0
7983.0 1200.0
7991.0 1198.0
7992.0 1190.0
7993.0 1188.0
7994.0 1186.0
7997.0 1181.0
8003.0 1178.0
8004.0 1167.0
8007.0 1165.0
8008.0 1163.0
8011.0 1158.0
8013.0 1154.0
8021.0 1153.0
8022.0 1151.0
8023.0 1149.0
8026.0 1147.0
8027.0 1146.0
8029.0 1142.0
8031.0 1138.0
8035.0 1137.0
8038.0 1133.0
8044.0 1129.0
8050.0 1128.0
8051.0 1126.0
8052.0 1125.0
8054.0 1121.0
8057.0 1120.0
8058.0 1117.0
8061.0 1116.0
8062.0 1114.0
8064.0 1113.0
8065.0 1112.0
8074.0 1109.0
8077.0 1108.0
8079.0 1105.0
8081.0 1104.0
8089.0 1098.0
8096.0 1086.0
8108.0 1082.0
8116.0 1080.0
8118.0 1078.0
8121.0 1077.0
8123.0 1076.0
8125.0 1073.0
8128.0 1069.0
8139.0 1068.0
8140.0 1063.0
8150.0 1049.0
8162.0 1043.0
8174.0 1035.0
8179.0 1031.0
8188.0 1030.0
8190.0 1028.0
8192.0 1024.0
8196.0 1019.0
8211.0 1015.0
8212.0 1011.0
8222.0 1001.0
8239.0 996.0
8242.0 995.0
8256.0 993.0
8259.0 990.0
8264.0 983.0
8270.0 981.0
8281.0 978.0
8284.0 973.0
8298.0 967.0
8300.0 965.0
8315.0 962.0
8317.0 960.0
8320.0 959.0
8323.0 958.0
8335.0 956.0
8337.0 954.0
8343.0 952.0
8366.0 950.0
8381.0 949.0
8392.0 947.0
8399.0 945.0
8402.0 943.0
8407.0 941.0
8414.0 940.0
8416.0 939.0
8421.0 937.0
8440.0 936.0
8441.0 933.0
8450.0 928.0
8460.0 927.0
8466.0 924.0
8481.0 923.0
8487.0 920.0
8510.0 916.0
8536.0 914.0
8544.0 913.0
8554.0 911.0
8557.0 909.0
8558.0 908.0
8562.0 907.0
8575.0 902.0
8578.0 900.0
8582.0 899.0
8603.0 898.0
8611.0 896.0
8619.0 894.0
8627.0 892.0
8635.0 891.0
8648.0 889.0
8651.0 887.0
8686.0 886.0
8697.0 885.0
8712.0 883.0
