9942.0 1832.0
9950.0 1828.0
9953.0 1813.0
9956.0 1809.0
9964.0 1805.0
9966.0 1792.0
9967.0 1790.0
9975.0 1786.0
9978.0 1784.0
9980.0 1769.0
9986.0 1767.0
9990.0 1765.0
9992.0 1761.0
9997.0 1753.0
10005.0 1749.0
10009.0 1744.0
10010.0 1742.0
10012.0 1740.0
10021.0 1736.0
10026.0 1728.0
10034.0 1723.0
10039.0 1717.0
10041.0 1715.0
10051.0 1714.0
10053.0 1710.0
10061.0 1705.0
10063.0 1699.0
10071.0 1694.0
10082.0 1693.0
10086.0 1691.0
10088.0 1685.0
10090.0 1682.0
10096.0 1680.0
10097.0 1677.0
10101.0 1675.0
10105.0 1666.0
10113.0 1665.0
10121.0 1659.0
10124.0 1656.0
10135.0 1655.0
10140.0 1649.0
10149.0 1646.0
10153.0 1644.0
10156.0 1639.0
10157.0 1635.0
10160.0 1634.0
10161.0 1630.0
10165.0 1628.0
10168.0 1626.0
10169.0 1619.0
10178.0 1618.0
10191.0 1616.0
10195.0 1613.0
10203.0 1612.0
10206.0 1610.0
10207.0 1603.0
10215.0 1598.0
10224.0 1597.0
10236.0 1592.0
10241.0 1587.0
10247.0 1585.0
10250.0 1579.0
10254.0 1577.0
10259.0 1573.0
10260.0 1570.0
10264.0 1567.0
10270.0 1565.0
10272.0 1564.0
10273.0 1559.0
10277.0 1557.0
10282.0 1553.0
10283.0 1550.0
10289.0 1548.0
10294.0 1547.0
10295.0 1544.0
10299.0 1542.0
10305.0 1540.0
10311.0 1539.0
10315.0 1537.0
10321.0 1535.0
10329.0 1534.0
10333.0 1532.0
10336.0 1531.0
10344.0 1530.0
10345.0 1527.0
10349.0 1524.0
10352.0 1518.0
10353.0 1515.0
10367.0 1514.0
10368.0 1513.0
10369.0 1510.0
10371.0 1509.0
10372.0 1506.0
10386.0 1505.0
10387.0 1504.0
10388.0 1501.0
10396.0 1500.0
10397.0 1499.0
10403.0 1498.0
10416.0 1490.0
10422.0 1489.0
10453.0 1486.0
10460.0 1480.0
10474.0 1477.0
10475.0 1476.0
10494.0 1467.0
10541.0 1459.0
10587.0 1458.0
10594.0 1456.0
10599.0 1452.0
